16 0.9375 0.7296875000000002 0.8890625 0.7296875000000002 0.8890625 0.7843750000000002 0.9375 0.7843750000000002
16 0.9203125 0.5250000000000001 0.8828125 0.5250000000000001 0.8828125 0.5593750000000002 0.9203125 0.5593750000000002
16 0.93125 0.4906250000000002 0.8859375 0.4906250000000002 0.8859375 0.5250000000000001 0.93125 0.5250000000000001
16 0.5625000000000002 0.7875 0.5156250000000002 0.7875 0.5156250000000002 0.8171875 0.5625000000000002 0.8171875
0 0.5984375000000002 0.81875 0.5859375000000002 0.81875 0.5859375000000002 0.8421875 0.5984375000000002 0.8421875
16 0.409375 0.63125 0.3906250000000001 0.63125 0.3906250000000001 0.7015625 0.409375 0.7015625
16 0.434375 0.5203125 0.4078125 0.5203125 0.4078125 0.5390625 0.434375 0.5390625
16 0.2875000000000001 0.675 0.2640625000000001 0.675 0.2640625000000001 0.70625 0.2875000000000001 0.70625
6 0.3843750000000001 0.90625 0.34843750000000007 0.90625 0.34843750000000007 0.9375 0.3843750000000001 0.9375
16 0.4781250000000001 0.71875 0.4390625 0.71875 0.4390625000000001 0.7546875 0.4781250000000002 0.7546875
11 0.3828125000000001 0.7609375 0.31718750000000007 0.7609375 0.31718750000000007 0.80625 0.3828125000000001 0.80625
11 0.1609375000000001 0.6625 0.1359375000000001 0.6625 0.1359375000000001 0.7015625 0.1609375000000001 0.7015625
16 0.22656250000000008 0.8078125 0.2078125000000001 0.8078125 0.2078125000000001 0.8515625 0.22656250000000008 0.8515625
16 0.671875 0.5140625 0.61875 0.5140625 0.61875 0.5453125 0.671875 0.5453125
16 0.7 0.50625 0.671875 0.50625 0.671875 0.5296875 0.7 0.5296875
16 0.4296875 0.61875 0.4140625 0.61875 0.4140625 0.64375 0.4296875 0.64375
16 0.3125000000000001 0.6078125 0.2843750000000001 0.6078125 0.2843750000000001 0.63125 0.3125000000000001 0.63125
16 0.4109375 0.5453125 0.37187500000000007 0.5453125 0.37187500000000007 0.5859375 0.4109375 0.5859375