6 0.0406250000000001 0.784375 0.015625000000000094 0.784375 0.015625000000000097 0.8125 0.0406250000000001 0.8125
13 0.12656250000000008 0.5921875 0.10000000000000009 0.5921875 0.10000000000000009 0.621875 0.12656250000000008 0.621875
12 0.21875000000000008 0.5984375 0.2015625000000001 0.5984375 0.2015625000000001 0.61875 0.21875000000000008 0.61875
12 0.03750000000000007 0.5359375 0.018750000000000065 0.5359375 0.018750000000000065 0.5625 0.03750000000000007 0.5625
11 0.3828125000000001 0.678125 0.3375000000000001 0.678125 0.3375000000000001 0.7125 0.3828125000000001 0.7125
12 0.2250000000000001 0.5234375 0.2093750000000001 0.5234375 0.2093750000000001 0.540625 0.2250000000000001 0.540625
13 0.459375 0.684375 0.4328125 0.684375 0.4328125 0.70625 0.459375 0.70625
12 0.4515625000000001 0.71875 0.434375 0.71875 0.43437500000000007 0.74375 0.4515625000000002 0.74375
15 0.4906250000000001 0.6109375 0.39531250000000007 0.6109375 0.39531250000000007 0.7828125 0.4906250000000002 0.7828125
13 0.7046875 0.66875 0.6875 0.66875 0.6875 0.696875 0.7046875 0.696875
13 0.5484375000000001 0.76875 0.5078125000000002 0.76875 0.5078125000000002 0.8 0.5484375000000001 0.8
13 0.5500000000000002 0.7375 0.5406250000000001 0.7375 0.5406250000000001 0.7515625 0.5500000000000002 0.7515625