13 0.06562500000000009 0.7171875 0.050000000000000086 0.7171875 0.050000000000000086 0.7328125 0.06562500000000009 0.7328125
11 0.4703125 0.4421875 0.4359375 0.4421875 0.4359375 0.4640625 0.4703125 0.4640625
11 0.4875 0.4328125 0.4671875 0.4328125 0.4671875 0.465625 0.4875 0.465625
10 0.703125 0.4234375 0.68125 0.4234375 0.68125 0.44375 0.703125 0.44375
10 0.8203125 0.4734375000000002 0.7890625 0.4734375000000002 0.7890625 0.49218750000000017 0.8203125 0.49218750000000017
13 0.559375 0.51875 0.54375 0.51875 0.54375 0.5375 0.559375 0.5375
10 0.5890625 0.6515625 0.559375 0.6515625 0.559375 0.684375 0.5890625 0.684375
0 0.51875 0.6828125 0.5109375 0.6828125 0.5109375 0.6921875 0.51875 0.6921875
13 0.5640625 0.5640625 0.55 0.5640625 0.55 0.5765625 0.5640625 0.5765625
13 0.484375 0.4953125 0.4734375 0.4953125 0.4734375 0.5109375 0.484375 0.5109375
12 0.690625 0.459375 0.678125 0.459375 0.678125 0.4703125 0.690625 0.4703125
10 0.9921875 0.4281250000000002 0.96875 0.4281250000000002 0.96875 0.4500000000000002 0.9921875 0.4500000000000002
11 0.4390625 0.440625 0.4234375 0.440625 0.4234375 0.465625 0.4390625 0.465625