13 0.08593750000000011 0.821875 0.0718750000000001 0.821875 0.0718750000000001 0.840625 0.08593750000000011 0.840625
12 0.06875000000000009 0.7671875 0.04531250000000009 0.7671875 0.045312500000000096 0.7953125 0.06875000000000009 0.7953125
13 0.15625000000000008 0.5859375 0.12500000000000008 0.5859375 0.12500000000000008 0.615625 0.15625000000000008 0.615625
12 0.24375000000000008 0.6015625 0.22812500000000008 0.6015625 0.22812500000000008 0.6203125 0.24375000000000008 0.6203125
12 0.2484375000000001 0.5265625 0.23437500000000008 0.5265625 0.23437500000000008 0.5421875 0.2484375000000001 0.5421875
13 0.2593750000000001 0.80625 0.2375000000000001 0.80625 0.2375000000000001 0.825 0.2593750000000001 0.825
15 0.5093750000000001 0.625 0.41875 0.625 0.41875000000000007 0.803125 0.5093750000000001 0.803125
13 0.4796875 0.7046875 0.4515625 0.7046875 0.4515625 0.725 0.4796875 0.725
12 0.4703125000000002 0.7390625 0.4546875000000002 0.7390625 0.4546875000000002 0.7671875 0.4703125000000002 0.7671875
11 0.3984375000000001 0.703125 0.3546875000000001 0.703125 0.3546875000000001 0.7390625 0.3984375000000001 0.7390625
15 0.5875 0.5578125 0.534375 0.5578125 0.534375 0.609375 0.5875 0.609375
13 0.7203125000000001 0.7109375 0.7015625 0.7109375 0.7015625000000001 0.7375 0.7203125000000001 0.7375
13 0.5359375000000002 0.7953125 0.4937500000000002 0.7953125 0.4937500000000002 0.8265625 0.5359375000000002 0.8265625
6 0.10937500000000008 0.696875 0.0984375000000001 0.696875 0.0984375000000001 0.709375 0.10937500000000008 0.709375
12 0.06875000000000006 0.5265625 0.056250000000000064 0.5265625 0.056250000000000064 0.5453125 0.06875000000000006 0.5453125
10 0.2390625000000001 0.778125 0.2015625000000001 0.778125 0.2015625000000001 0.8046875 0.2390625000000001 0.8046875
11 0.415625 0.3968750000000001 0.3890625000000001 0.3968750000000001 0.3890625000000001 0.43125 0.415625 0.43125