10 0.1781250000000001 0.796875 0.1546875000000001 0.796875 0.1546875000000001 0.8328125 0.1781250000000001 0.8328125
12 0.1984375000000001 0.7875 0.1750000000000001 0.7875 0.1750000000000001 0.8171875 0.1984375000000001 0.8171875
13 0.41875 0.6734375 0.3812500000000001 0.6734375 0.3812500000000001 0.7171875 0.41875 0.7171875
13 0.3828125000000001 0.6765625 0.3671875000000001 0.6765625 0.3671875000000001 0.7 0.3828125000000001 0.7
0 0.3546875000000001 0.7828125 0.3453125000000001 0.7828125 0.3453125000000001 0.796875 0.3546875000000001 0.796875
10 0.3890625000000001 0.734375 0.3140625000000001 0.734375 0.3140625000000001 0.80625 0.3890625000000001 0.80625
10 0.41875 0.5609375 0.38750000000000007 0.5609375 0.38750000000000007 0.6203125 0.41875 0.6203125
11 0.48125000000000007 0.696875 0.4515625 0.696875 0.4515625000000001 0.7609375 0.4812500000000002 0.7609375
13 0.51875 0.6265625 0.4796875 0.6265625 0.4796875 0.6640625 0.51875 0.6640625
13 0.4625 0.6375 0.45 0.6375 0.45 0.65 0.4625 0.65
10 0.5640625 0.6453125 0.509375 0.6453125 0.509375 0.7 0.5640625 0.7
6 0.6125 0.66875 0.571875 0.66875 0.571875 0.703125 0.6125 0.703125
6 0.5609375 0.66875 0.5375 0.66875 0.5375 0.6921875 0.5609375 0.6921875
6 0.63125 0.578125 0.5875 0.578125 0.5875 0.6078125 0.63125 0.6078125
0 0.5859375 0.5703125 0.578125 0.5703125 0.578125 0.58125 0.5859375 0.58125
13 0.6125 0.609375 0.6015625 0.609375 0.6015625 0.621875 0.6125 0.621875
13 0.584375 0.6359375 0.56875 0.6359375 0.56875 0.653125 0.584375 0.653125
3 0.5828125 0.5875 0.559375 0.5875 0.559375 0.615625 0.5828125 0.615625
6 0.5703125 0.63125 0.54375 0.63125 0.54375 0.6484375 0.5703125 0.6484375
6 0.5875 0.60625 0.55 0.60625 0.55 0.64375 0.5875 0.64375
6 0.5515625 0.5984375 0.5390625 0.5984375 0.5390625 0.6171875 0.5515625 0.6171875
6 0.56875 0.53125 0.5421875 0.53125 0.5421875 0.5625 0.56875 0.5625
6 0.6015625 0.55625 0.584375 0.55625 0.584375 0.5859375 0.6015625 0.5859375
6 0.5203125 0.4984375 0.4953125 0.4984375 0.4953125 0.51875 0.5203125 0.51875
10 0.5234375 0.5390625 0.490625 0.5390625 0.490625 0.56875 0.5234375 0.56875
15 0.5234375 0.5140625 0.4984375 0.5140625 0.4984375 0.54375 0.5234375 0.54375
13 0.484375 0.515625 0.4640625 0.515625 0.4640625 0.534375 0.484375 0.534375
15 0.596875 0.4 0.546875 0.4 0.546875 0.440625 0.596875 0.440625
6 0.6015625 0.40625 0.5890625 0.40625 0.5890625 0.4203125 0.6015625 0.4203125
12 0.69375 0.4953125 0.678125 0.4953125 0.678125 0.515625 0.69375 0.515625
11 0.7109375 0.4578125 0.69375 0.4578125 0.69375 0.4875 0.7109375 0.4875
6 0.7390625 0.4906250000000001 0.7078125 0.490625 0.7078125 0.5218750000000001 0.7390625 0.5218750000000002
11 0.7609375 0.5109375000000002 0.7453125 0.5109375000000002 0.7453125 0.5453125000000002 0.7609375 0.5453125000000002
11 0.7625 0.5000000000000002 0.746875 0.5000000000000002 0.746875 0.5312500000000002 0.7625 0.5312500000000002
13 0.7984375 0.5296875000000002 0.771875 0.5296875000000002 0.771875 0.5546875000000002 0.7984375 0.5546875000000002
6 0.784375 0.5515625000000002 0.7640625 0.5515625000000002 0.7640625 0.5703125000000002 0.784375 0.5703125000000002
16 0.79375 0.5656250000000002 0.734375 0.5656250000000002 0.734375 0.5984375000000002 0.79375 0.5984375000000002
11 0.821875 0.5718750000000001 0.790625 0.5718750000000001 0.790625 0.6046875000000002 0.821875 0.6046875000000002
13 0.8 0.4546875000000002 0.7859375 0.4546875000000002 0.7859375 0.4703125000000002 0.8 0.4703125000000002
13 0.8265625 0.4625000000000002 0.8125 0.4625000000000002 0.8125 0.47968750000000016 0.8265625 0.47968750000000016
10 0.890625 0.5125000000000002 0.846875 0.5125000000000002 0.846875 0.5453125000000002 0.890625 0.5453125000000002
6 0.9 0.43281250000000016 0.8640625 0.43281250000000016 0.8640625 0.4546875000000002 0.9 0.4546875000000002
6 0.8859375 0.3906250000000001 0.85625 0.3906250000000001 0.85625 0.4031250000000002 0.8859375 0.4031250000000002
6 0.7765625 0.33281250000000007 0.7578125 0.33281250000000007 0.7578125 0.3515625000000001 0.7765625 0.3515625000000001
6 0.7890625 0.3546875000000001 0.7578125 0.3546875000000001 0.7578125 0.3750000000000001 0.7890625 0.3750000000000001
11 0.7203125 0.3421875000000001 0.709375 0.3421875000000001 0.709375 0.36406250000000007 0.7203125 0.36406250000000007
11 0.70625 0.3296875000000001 0.6921875 0.3296875000000001 0.6921875 0.3531250000000001 0.70625 0.3531250000000001
6 0.6921875 0.4484375 0.659375 0.4484375 0.659375 0.475 0.6921875 0.475
6 0.6703125 0.4046875 0.65 0.4046875 0.65 0.4265625 0.6703125 0.4265625
6 0.6375 0.3968750000000001 0.615625 0.3968750000000001 0.615625 0.4171875 0.6375 0.4171875
12 0.628125 0.3781250000000001 0.6109375 0.3781250000000001 0.6109375 0.3937500000000001 0.628125 0.3937500000000001
15 0.709375 0.55 0.6078125 0.55 0.6078125 0.6515625 0.709375 0.6515625
6 0.696875 0.3984375000000001 0.6671875 0.3984375000000001 0.6671875 0.4171875 0.696875 0.4171875
15 0.8046875 0.46562500000000007 0.7203125 0.465625 0.7203125 0.5296875000000001 0.8046875 0.5296875000000002
11 0.7671875 0.2640625000000001 0.740625 0.2640625000000001 0.740625 0.2828125000000001 0.7671875 0.2828125000000001
6 0.7765625 0.2765625000000001 0.7578125 0.2765625000000001 0.7578125 0.2906250000000001 0.7765625 0.2906250000000001
6 0.7953125 0.2750000000000001 0.7765625 0.2750000000000001 0.7765625 0.2906250000000001 0.7953125 0.2906250000000001
13 0.740625 0.6093750000000001 0.721875 0.609375 0.721875 0.6250000000000001 0.740625 0.6250000000000002
13 0.7265625 0.6156250000000001 0.7125 0.615625 0.7125 0.6296875000000001 0.7265625 0.6296875000000002
13 0.6828125 0.578125 0.6703125 0.578125 0.6703125 0.5984375 0.6828125 0.5984375
6 0.3921875000000001 0.7765625 0.3625000000000001 0.7765625 0.3625000000000001 0.8046875 0.3921875000000001 0.8046875