10 0.2531250000000001 0.81875 0.1625000000000001 0.81875 0.16250000000000012 0.9078125 0.2531250000000001 0.9078125
6 0.2531250000000001 0.8578125 0.2234375000000001 0.8578125 0.2234375000000001 0.8890625 0.2531250000000001 0.8890625
0 0.2140625000000001 0.8703125 0.20312500000000008 0.8703125 0.20312500000000008 0.8875 0.2140625000000001 0.8875
13 0.2531250000000001 0.7421875 0.23437500000000008 0.7421875 0.23437500000000008 0.765625 0.2531250000000001 0.765625
13 0.2906250000000001 0.7375 0.2484375000000001 0.7375 0.2484375000000001 0.7875 0.2906250000000001 0.7875
10 0.2968750000000001 0.6171875 0.2593750000000001 0.6171875 0.2593750000000001 0.68125 0.2968750000000001 0.68125
11 0.3734375000000001 0.7734375 0.3343750000000001 0.7734375 0.3343750000000001 0.8359375 0.3734375000000001 0.8359375
13 0.4 0.6859375 0.3593750000000001 0.6859375 0.3593750000000001 0.725 0.4 0.725
13 0.3375000000000001 0.7015625 0.3234375000000001 0.7015625 0.3234375000000001 0.715625 0.3375000000000001 0.715625
6 0.4468750000000002 0.728125 0.4187500000000002 0.728125 0.4187500000000002 0.75 0.4468750000000002 0.75
6 0.49687500000000007 0.721875 0.4578125 0.721875 0.45781250000000007 0.759375 0.4968750000000002 0.759375
3 0.4640625 0.6421875 0.4453125 0.6421875 0.4453125 0.671875 0.4640625 0.671875
13 0.4734375 0.6890625 0.45625 0.6890625 0.45625 0.709375 0.4734375 0.709375
6 0.45625 0.6859375 0.4328125 0.6859375 0.4328125 0.703125 0.45625 0.703125
6 0.475 0.659375 0.434375 0.659375 0.434375 0.6984375 0.475 0.6984375
0 0.4734375 0.6203125 0.465625 0.6203125 0.465625 0.6296875 0.4734375 0.6296875
6 0.490625 0.60625 0.4734375 0.60625 0.4734375 0.634375 0.490625 0.634375
6 0.521875 0.625 0.4765625 0.625 0.4765625 0.65625 0.521875 0.65625
12 0.5796875 0.5375 0.5671875 0.5375 0.5671875 0.55625 0.5796875 0.55625
13 0.37187500000000007 0.5671875 0.3468750000000001 0.5671875 0.3468750000000001 0.5859375 0.37187500000000007 0.5859375
6 0.4078125 0.5515625 0.3843750000000001 0.5515625 0.3843750000000001 0.571875 0.4078125 0.571875
10 0.403125 0.58125 0.3625000000000001 0.58125 0.3625000000000001 0.6125 0.403125 0.6125
15 0.4125 0.5640625 0.3843750000000001 0.5640625 0.3843750000000001 0.5953125 0.4125 0.5953125
6 0.4609375 0.521875 0.4328125 0.521875 0.4328125 0.5421875 0.4609375 0.5421875
12 0.459375 0.4578125 0.45 0.4578125 0.45 0.4703125 0.459375 0.4703125
15 0.496875 0.4609375 0.44375 0.4609375 0.44375 0.50625 0.496875 0.50625
6 0.35625000000000007 0.728125 0.3421875000000001 0.728125 0.3421875000000001 0.74375 0.35625000000000007 0.74375
10 0.4484375000000001 0.6984375 0.3906250000000001 0.6984375 0.3906250000000001 0.7609375 0.44843750000000016 0.7609375
15 0.59375 0.596875 0.49375 0.596875 0.49375 0.6953125 0.59375 0.6953125
13 0.609375 0.615625 0.5984375 0.615625 0.5984375 0.628125 0.609375 0.628125
16 0.678125 0.5921875 0.5890625 0.5921875 0.5890625 0.634375 0.678125 0.634375
11 0.6546875 0.546875 0.6359375 0.546875 0.6359375 0.58125 0.6546875 0.58125
11 0.65625 0.540625 0.640625 0.540625 0.640625 0.56875 0.65625 0.56875
13 0.6859375 0.56875 0.6609375 0.56875 0.6609375 0.5890625 0.6859375 0.5890625
6 0.69375 0.571875 0.68125 0.571875 0.68125 0.590625 0.69375 0.590625
10 0.728125 0.51875 0.6921875 0.51875 0.6921875 0.55 0.728125 0.5500000000000002
6 0.7859375 0.4671875000000002 0.753125 0.4671875000000002 0.753125 0.48750000000000016 0.7859375 0.48750000000000016
6 0.7734375 0.5453125000000002 0.734375 0.5453125000000002 0.734375 0.5781250000000002 0.7734375 0.5781250000000002
11 0.6078125 0.5046875 0.590625 0.5046875 0.590625 0.53125 0.6078125 0.53125
11 0.715625 0.45 0.7046875 0.45 0.7046875 0.4734375 0.715625 0.4734375
11 0.6125 0.3765625000000001 0.596875 0.3765625000000001 0.596875 0.4015625 0.6125 0.4015625
11 0.6234375 0.3843750000000001 0.609375 0.3843750000000001 0.609375 0.415625 0.6234375 0.415625
6 0.4578125 0.5796875 0.4328125 0.5796875 0.4328125 0.6109375 0.4578125 0.6109375
13 0.56875 0.6171875 0.5578125 0.6171875 0.5578125 0.640625 0.56875 0.640625
13 0.6265625 0.65 0.6 0.65 0.6 0.6671875 0.6265625 0.6671875
6 0.6296875 0.5296875 0.5953125 0.5296875 0.5953125 0.5609375 0.6296875 0.5609375
15 0.6953125 0.5015625 0.60625 0.5015625 0.60625 0.56875 0.6953125 0.56875
6 0.6828125 0.3906250000000001 0.653125 0.3906250000000001 0.653125 0.4078125 0.6828125 0.4078125
6 0.7765625 0.42500000000000016 0.74375 0.42500000000000016 0.74375 0.44062500000000016 0.7765625 0.44062500000000016
6 0.58125 0.490625 0.546875 0.490625 0.546875 0.5140625 0.58125 0.5140625
12 0.025000000000000112 0.9015625 1.1040956298562856e-16 0.9015625 1.1270577573402985e-16 0.9390625 0.025000000000000112 0.9390625
13 0.54375 0.4546875 0.528125 0.4546875 0.528125 0.478125 0.54375 0.478125
6 0.66875 0.3687500000000001 0.653125 0.3687500000000001 0.653125 0.3890625000000001 0.66875 0.3890625000000001
6 0.678125 0.5921875 0.653125 0.5921875 0.653125 0.609375 0.678125 0.609375
10 0.4437500000000002 0.7453125 0.3984375000000001 0.7453125 0.3984375000000001 0.8046875 0.4437500000000002 0.8046875
11 0.671875 0.3062500000000001 0.6515625 0.3062500000000001 0.6515625 0.3203125000000001 0.671875 0.3203125000000001
6 0.3859375000000001 0.528125 0.3390625000000001 0.528125 0.3390625000000001 0.553125 0.3859375000000001 0.553125
6 0.6515625 0.4625 0.6296875 0.4625 0.6296875 0.4765625 0.6515625 0.4765625
13 0.6890625 0.490625 0.6765625 0.490625 0.6765625 0.5078125 0.6890625 0.5078125
6 0.3500000000000001 0.6 0.3281250000000001 0.6 0.3281250000000001 0.6203125 0.3500000000000001 0.6203125