11 0.7953125 0.5578125000000002 0.740625 0.5578125000000002 0.740625 0.5875000000000001 0.7953125 0.5875000000000001
11 0.7625 0.5750000000000001 0.7203125 0.575 0.7203125 0.6093750000000001 0.7625 0.6093750000000002
11 0.8765625 0.4187500000000002 0.8484375 0.4187500000000002 0.8484375 0.4546875000000002 0.8765625 0.4546875000000002
11 0.94375 0.4546875000000002 0.9078125 0.4546875000000002 0.9078125 0.48750000000000016 0.94375 0.48750000000000016
6 0.08906250000000009 0.7234375 0.020312500000000087 0.7234375 0.02031250000000009 0.78125 0.08906250000000009 0.78125
6 0.14843750000000008 0.8453125 0.08437500000000012 0.8453125 0.08437500000000012 0.88125 0.14843750000000008 0.88125
12 0.22812500000000008 0.803125 0.2062500000000001 0.803125 0.2062500000000001 0.828125 0.22812500000000008 0.828125
12 0.3140625000000001 0.696875 0.2921875000000001 0.696875 0.2921875000000001 0.7140625 0.3140625000000001 0.7140625
13 0.27031250000000007 0.565625 0.2562500000000001 0.565625 0.2562500000000001 0.5875 0.27031250000000007 0.5875
13 0.3234375000000001 0.553125 0.3062500000000001 0.553125 0.3062500000000001 0.5703125 0.3234375000000001 0.5703125
16 0.40625 0.5328125 0.3296875000000001 0.5328125 0.3296875000000001 0.565625 0.40625 0.565625
10 0.46875 0.51875 0.38750000000000007 0.51875 0.38750000000000007 0.6015625 0.46875 0.6015625
13 0.459375 0.6984375 0.43125 0.6984375 0.43125 0.721875 0.459375 0.721875
6 0.55 0.6359375 0.5078125 0.6359375 0.5078125 0.675 0.55 0.675
6 0.16875000000000004 0.490625 0.13750000000000004 0.490625 0.13750000000000004 0.521875 0.16875000000000004 0.521875
13 0.13750000000000012 0.9140625 0.11718750000000014 0.9140625 0.11718750000000014 0.94375 0.13750000000000012 0.94375
10 0.2578125000000001 0.7296875 0.1984375000000001 0.7296875 0.1984375000000001 0.76875 0.2578125000000001 0.76875
13 0.40625000000000017 0.8828125 0.3546875000000001 0.8828125 0.3546875000000001 0.915625 0.40625000000000017 0.915625
6 0.49687500000000007 0.6984375 0.4625 0.6984375 0.4625000000000001 0.7328125 0.4968750000000002 0.7328125
10 0.1703125000000001 0.5609375 0.1140625000000001 0.5609375 0.1140625000000001 0.5984375 0.1703125000000001 0.5984375
12 0.0468750000000001 0.828125 0.0203125000000001 0.828125 0.0203125000000001 0.8515625 0.0468750000000001 0.8515625
13 0.5953125 0.475 0.5734375 0.475 0.5734375 0.4921875 0.5953125 0.4921875
6 0.2843750000000001 0.4890625 0.2500000000000001 0.4890625 0.2500000000000001 0.509375 0.2843750000000001 0.509375
6 0.40625 0.6515625 0.3843750000000001 0.6515625 0.3843750000000001 0.678125 0.40625 0.678125
6 0.459375 0.49375 0.4125 0.49375 0.4125 0.51875 0.459375 0.51875
6 0.5953125 0.521875 0.546875 0.521875 0.546875 0.546875 0.5953125 0.546875
6 0.06875000000000006 0.471875 0.021875000000000054 0.471875 0.021875000000000058 0.5046875 0.06875000000000006 0.5046875