13 0.10312500000000009 0.6578125 0.03437500000000008 0.6578125 0.034375000000000086 0.7328125 0.10312500000000009 0.7328125
6 0.5906250000000002 0.78125 0.48437500000000017 0.78125 0.48437500000000017 0.871875 0.5906250000000002 0.871875
6 0.47187500000000016 0.7265625 0.4265625000000002 0.7265625 0.4265625000000002 0.7953125 0.47187500000000016 0.7953125
13 0.4734375000000002 0.8140625 0.44531250000000017 0.8140625 0.44531250000000017 0.8484375 0.4734375000000002 0.8484375
13 0.2296875000000001 0.7109375 0.1593750000000001 0.7109375 0.1593750000000001 0.7875 0.2296875000000001 0.7875
13 0.1515625000000001 0.721875 0.1281250000000001 0.721875 0.1281250000000001 0.7390625 0.1515625000000001 0.7390625
13 0.03593750000000009 0.684375 0.001562500000000084 0.684375 0.0015625000000000857 0.715625 0.03593750000000009 0.715625
6 0.17187500000000008 0.8546875 0.1390625000000001 0.8546875 0.1390625000000001 0.8796875 0.17187500000000008 0.8796875
10 0.1968750000000001 0.8546875 0.12343750000000009 0.8546875 0.12343750000000012 0.9328125 0.19687500000000013 0.9328125
3 0.28593750000000007 0.759375 0.2406250000000001 0.759375 0.2406250000000001 0.81875 0.28593750000000007 0.81875
10 0.3281250000000001 0.809375 0.1765625000000001 0.809375 0.1765625000000001 0.9046875 0.3281250000000001 0.9046875
6 0.34843750000000007 0.834375 0.3062500000000001 0.834375 0.3062500000000001 0.8828125 0.34843750000000007 0.8828125
6 0.3500000000000001 0.7625 0.2562500000000001 0.7625 0.2562500000000001 0.840625 0.3500000000000001 0.840625
13 0.3921875000000001 0.790625 0.3390625000000001 0.790625 0.3390625000000001 0.8375 0.3921875000000001 0.8375
10 0.4109375000000002 0.75625 0.3500000000000001 0.75625 0.3500000000000001 0.7875 0.4109375000000002 0.7875
6 0.3078125000000001 0.6203125 0.2734375000000001 0.6203125 0.2734375000000001 0.6546875 0.3078125000000001 0.6546875
13 0.2296875000000001 0.446875 0.20468750000000008 0.446875 0.20468750000000008 0.471875 0.2296875000000001 0.471875
6 0.27031250000000007 0.4484375 0.24218750000000008 0.4484375 0.24218750000000008 0.4671875 0.27031250000000007 0.4671875
0 0.39531250000000007 0.690625 0.37968750000000007 0.690625 0.37968750000000007 0.709375 0.39531250000000007 0.709375
0 0.4156250000000002 0.746875 0.4000000000000002 0.746875 0.4000000000000002 0.7671875 0.4156250000000002 0.7671875
13 0.4078125 0.5 0.3687500000000001 0.5 0.3687500000000001 0.5359375 0.4078125 0.5359375
10 0.3890625000000001 0.5765625 0.3265625000000001 0.5765625 0.3265625000000001 0.6265625 0.3890625000000001 0.6265625
6 0.48125 0.4828125 0.4296875 0.4828125 0.4296875 0.5234375 0.48125 0.5234375
16 0.7890625 0.4718750000000001 0.70625 0.471875 0.70625 0.5296875000000001 0.7890625 0.5296875000000002
6 0.7015625 0.4875 0.665625 0.4875 0.665625 0.540625 0.7015625 0.540625
13 0.8453125 0.4078125000000002 0.8078125 0.4078125000000002 0.8078125 0.44843750000000016 0.8453125 0.44843750000000016
6 0.821875 0.42500000000000016 0.740625 0.42500000000000016 0.740625 0.4859375000000002 0.821875 0.4859375000000002
13 0.809375 0.4859375000000002 0.778125 0.4859375000000002 0.778125 0.5203125000000002 0.809375 0.5203125000000002
6 0.74375 0.3968750000000001 0.6859375 0.3968750000000001 0.6859375 0.4437500000000001 0.74375 0.4437500000000002
12 0.7921875 0.4031250000000002 0.7703125 0.4031250000000002 0.7703125 0.4312500000000002 0.7921875 0.4312500000000002
6 0.8640625 0.3296875000000001 0.8421875 0.3296875000000001 0.8421875 0.3546875000000001 0.8640625 0.3546875000000001
6 0.890625 0.3375000000000001 0.86875 0.3375000000000001 0.86875 0.3609375000000001 0.890625 0.3609375000000001
11 0.9609375 0.6390625000000002 0.9265625 0.6390625000000002 0.9265625 0.7062500000000002 0.9609375 0.7062500000000002
11 0.96875 0.7812500000000002 0.9234375 0.7812500000000002 0.9234375 0.85625 0.96875 0.85625
11 0.9671875 0.7562500000000002 0.928125 0.7562500000000002 0.928125 0.8203125 0.9671875 0.8203125
12 0.9125 0.6671875000000002 0.878125 0.6671875000000002 0.878125 0.7109375000000002 0.9125 0.7109375000000002
13 0.903125 0.6531250000000002 0.8765625 0.6531250000000002 0.8765625 0.6765625000000002 0.903125 0.6765625000000002
0 0.971875 0.7093750000000002 0.959375 0.7093750000000002 0.959375 0.7296875000000002 0.971875 0.7296875000000002
0 0.9765625 0.6453125000000002 0.9625 0.6453125000000002 0.9625 0.6640625000000002 0.9765625 0.6640625000000002
0 0.909375 0.5953125000000001 0.89375 0.5953125000000001 0.89375 0.6171875000000002 0.909375 0.6171875000000002
6 1 0.5609375000000002 0.9125 0.5609375000000002 0.9125 0.6140625000000002 1 0.6140625000000002
6 0.9890625 0.48750000000000016 0.9578125 0.48750000000000016 0.9578125 0.5203125000000002 0.9890625 0.5203125000000002
6 1 0.41406250000000017 0.9375 0.41406250000000017 0.9375 0.4734375000000002 1 0.4734375000000002
6 0.925 0.4109375000000002 0.8515625 0.4109375000000002 0.8515625 0.4578125000000002 0.925 0.4578125000000002
13 0.8171875 0.853125 0.7750000000000001 0.853125 0.7750000000000001 0.8953125 0.8171875 0.8953125
6 0.9546875 0.9234375 0.9390625 0.9234375 0.9390625 0.9515625 0.9546875 0.9515625
16 0.946875 0.7968750000000002 0.7953125000000002 0.7968750000000002 0.7953125000000002 0.953125 0.946875 0.953125
6 0.9984375 0.3500000000000001 0.9609375 0.3500000000000001 0.9609375 0.38750000000000007 0.9984375 0.38750000000000007
6 0.9078125 0.3828125000000001 0.8828125 0.3828125000000001 0.8828125 0.40937500000000016 0.9078125 0.40937500000000016
13 0.878125 0.3765625000000001 0.846875 0.3765625000000001 0.846875 0.4031250000000002 0.878125 0.4031250000000002
13 0.875 0.3968750000000001 0.8375 0.3968750000000001 0.8375 0.42187500000000017 0.875 0.42187500000000017
6 0.775 0.3828125000000001 0.7515625 0.3828125000000001 0.7515625 0.4046875000000002 0.775 0.4046875000000002
6 0.7078125 0.3140625000000001 0.684375 0.3140625000000001 0.684375 0.3375000000000001 0.7078125 0.3375000000000001
6 0.7640625 0.31718750000000007 0.721875 0.31718750000000007 0.721875 0.3421875000000001 0.7640625 0.3421875000000001
6 0.746875 0.3734375000000001 0.709375 0.3734375000000001 0.709375 0.4046875000000001 0.746875 0.4046875000000002
6 0.6328125 0.4515625 0.5796875 0.4515625 0.5796875 0.50625 0.6328125 0.50625
10 0.51875 0.5296875 0.4765625 0.5296875 0.4765625 0.578125 0.51875 0.578125
13 0.475 0.56875 0.4546875 0.56875 0.4546875 0.6046875 0.475 0.6046875
6 0.459375 0.61875 0.4015625 0.61875 0.4015625 0.6921875 0.459375 0.6921875
6 0.30156250000000007 0.715625 0.2406250000000001 0.715625 0.2406250000000001 0.759375 0.30156250000000007 0.759375
6 0.3234375000000001 0.73125 0.2750000000000001 0.73125 0.2750000000000001 0.759375 0.3234375000000001 0.759375
6 0.2062500000000001 0.8609375 0.1859375000000001 0.8609375 0.1859375000000001 0.8984375 0.2062500000000001 0.8984375
6 0.3265625000000001 0.590625 0.2875000000000001 0.590625 0.2875000000000001 0.6359375 0.3265625000000001 0.6359375
15 0.571875 0.565625 0.4484375 0.565625 0.4484375 0.6859375 0.571875 0.6859375
0 0.58125 0.6875 0.565625 0.6875 0.565625 0.7125 0.58125 0.7125
13 0.7218750000000002 0.846875 0.6984375000000002 0.846875 0.6984375000000002 0.8953125 0.7218750000000002 0.8953125
13 0.6468750000000002 0.74375 0.6265625000000001 0.74375 0.6265625000000001 0.7703125 0.6468750000000002 0.7703125
13 0.6484375 0.6953125 0.6265625 0.6953125 0.6265625 0.71875 0.6484375 0.71875
13 0.7468750000000002 0.753125 0.7171875000000002 0.753125 0.7171875000000002 0.7859375000000001 0.7468750000000002 0.7859375000000002
15 0.7203125000000001 0.7375 0.5984375000000002 0.7375 0.5984375000000002 0.9421875 0.7203125000000001 0.9421875
15 0.4421875 0.5265625 0.3828125000000001 0.5265625 0.3828125000000001 0.596875 0.4421875 0.596875
6 0.4484375 0.5671875 0.4296875 0.5671875 0.4296875 0.5984375 0.4484375 0.5984375
6 0.446875 0.58125 0.3937500000000001 0.58125 0.3937500000000001 0.61875 0.446875 0.61875
6 0.41875 0.6 0.4046875 0.6 0.4046875 0.6171875 0.41875 0.6171875
6 0.4234375000000001 0.6984375 0.3906250000000001 0.6984375 0.3906250000000001 0.734375 0.4234375000000002 0.734375
6 0.4125000000000001 0.7140625 0.3296875000000001 0.7140625 0.3296875000000001 0.759375 0.4125000000000002 0.759375
6 0.3734375000000001 0.7359375 0.3515625000000001 0.7359375 0.3515625000000001 0.76875 0.3734375000000001 0.76875