6 0.60625 0.3312500000000001 0.5640625 0.3312500000000001 0.5640625 0.3734375000000001 0.60625 0.3734375000000001
6 0.5859375 0.37968750000000007 0.5296875 0.37968750000000007 0.5296875 0.421875 0.5859375 0.421875
0 0.528125 0.4421875 0.5171875 0.4421875 0.5171875 0.459375 0.528125 0.459375
11 0.4953125 0.38750000000000007 0.46875 0.38750000000000007 0.46875 0.4421875 0.4953125 0.4421875
11 0.515625 0.39531250000000007 0.4875 0.39531250000000007 0.4875 0.446875 0.515625 0.446875
6 0.490625 0.2843750000000001 0.453125 0.2843750000000001 0.453125 0.3125000000000001 0.490625 0.3125000000000001
12 0.575 0.48125 0.553125 0.48125 0.553125 0.5046875 0.575 0.5046875
6 0.59375 0.5375 0.571875 0.5375 0.571875 0.5578125 0.59375 0.5578125
0 0.58125 0.56875 0.5703125 0.56875 0.5703125 0.5828125 0.58125 0.5828125
0 0.603125 0.5515625 0.5890625 0.5515625 0.5890625 0.56875 0.603125 0.56875
11 0.596875 0.5890625 0.5765625 0.5890625 0.5765625 0.625 0.596875 0.625
10 0.665625 0.55 0.6109375 0.55 0.6109375 0.5921875 0.665625 0.5921875
6 0.65 0.5796875 0.628125 0.5796875 0.628125 0.6015625 0.65 0.6015625
13 0.6671875 0.5875 0.6265625 0.5875 0.6265625 0.615625 0.6671875 0.615625
12 0.7109375 0.4953125 0.6890625 0.4953125 0.6890625 0.5171875 0.7109375 0.5171875
6 0.7609375 0.40312500000000007 0.703125 0.403125 0.703125 0.4593750000000001 0.7609375 0.4593750000000002
6 0.8203125 0.5250000000000001 0.7609375 0.5250000000000001 0.7609375 0.5593750000000002 0.8203125 0.5593750000000002
13 0.8 0.5906250000000002 0.78125 0.5906250000000002 0.78125 0.6156250000000002 0.8 0.6156250000000002
6 0.7609375 0.5421875000000002 0.7453125 0.5421875000000002 0.7453125 0.5562500000000001 0.7609375 0.5562500000000001
6 0.753125 0.5984375000000001 0.725 0.5984375 0.725 0.6328125000000001 0.753125 0.6328125000000002
6 0.8078125 0.3218750000000001 0.7921875 0.3218750000000001 0.7921875 0.3437500000000001 0.8078125 0.3437500000000001
6 0.8359375 0.4750000000000002 0.8171875 0.4750000000000002 0.8171875 0.4937500000000002 0.8359375 0.4937500000000002
12 0.8890625 0.5046875000000002 0.865625 0.5046875000000002 0.865625 0.5296875000000002 0.8890625 0.5296875000000002
6 0.8390625 0.5468750000000002 0.825 0.5468750000000002 0.825 0.5640625000000001 0.8390625 0.5640625000000001
10 0.921875 0.44062500000000016 0.8640625 0.44062500000000016 0.8640625 0.4812500000000002 0.921875 0.4812500000000002
12 0.978125 0.4187500000000002 0.95625 0.4187500000000002 0.95625 0.43750000000000017 0.978125 0.43750000000000017
13 0.990625 0.2765625000000001 0.9703125 0.2765625000000001 0.9703125 0.29375000000000007 0.990625 0.29375000000000007
13 0.94375 0.2828125000000001 0.9265625 0.2828125000000001 0.9265625 0.3000000000000001 0.94375 0.3000000000000001
6 0.7578125 0.2812500000000001 0.7359375 0.2812500000000001 0.7359375 0.3062500000000001 0.7578125 0.3062500000000001
11 0.7703125 0.15625000000000008 0.715625 0.15625000000000008 0.715625 0.17968750000000008 0.7703125 0.17968750000000008
6 0.7375 0.1703125000000001 0.6953125 0.1703125000000001 0.6953125 0.19687500000000008 0.7375 0.19687500000000008
0 0.6671875 0.3062500000000001 0.6578125 0.3062500000000001 0.6578125 0.3156250000000001 0.6671875 0.3156250000000001
6 0.7 0.21250000000000008 0.6859375 0.21250000000000008 0.6859375 0.2234375000000001 0.7 0.2234375000000001
6 0.6234375 0.1750000000000001 0.603125 0.1750000000000001 0.603125 0.18750000000000008 0.6234375 0.18750000000000008
6 0.5796875 0.1359375000000001 0.559375 0.1359375000000001 0.559375 0.1531250000000001 0.5796875 0.1531250000000001
10 0.6125 0.1765625000000001 0.56875 0.1765625000000001 0.56875 0.2062500000000001 0.6125 0.2062500000000001
10 0.5609375 0.18281250000000007 0.5375 0.18281250000000004 0.5375 0.2093750000000001 0.5609375 0.2093750000000001
16 0.4296875 0.31093750000000003 0.3375 0.3109375 0.3375 0.35625000000000007 0.4296875 0.35625000000000007
6 0.3000000000000001 0.3640625 0.2750000000000001 0.3640625 0.2750000000000001 0.3890625 0.3000000000000001 0.3890625
6 0.33125 0.253125 0.2796875 0.253125 0.2796875 0.284375 0.33125 0.284375
0 0.2734375000000001 0.546875 0.2609375000000001 0.546875 0.2609375000000001 0.5640625 0.2734375000000001 0.5640625
10 0.2531250000000001 0.5640625 0.1984375000000001 0.5640625 0.1984375000000001 0.6140625 0.2531250000000001 0.6140625
13 0.25468750000000007 0.475 0.2218750000000001 0.475 0.2218750000000001 0.4984375 0.25468750000000007 0.4984375
6 0.20468750000000008 0.49375 0.13906250000000003 0.49375 0.13906250000000006 0.553125 0.20468750000000008 0.553125
11 0.2140625000000001 0.7265625 0.17968750000000008 0.7265625 0.17968750000000008 0.7875 0.2140625000000001 0.7875
0 0.1750000000000001 0.703125 0.1625000000000001 0.703125 0.1625000000000001 0.7203125 0.1750000000000001 0.7203125
0 0.21875000000000008 0.725 0.20468750000000008 0.725 0.20468750000000008 0.74375 0.21875000000000008 0.74375
0 0.2406250000000001 0.7890625 0.22656250000000008 0.7890625 0.22656250000000008 0.80625 0.2406250000000001 0.80625
13 0.1609375000000001 0.7765625 0.14062500000000008 0.7765625 0.14062500000000008 0.7984375 0.1609375000000001 0.7984375
12 0.15781250000000008 0.7875 0.1296875000000001 0.7875 0.1296875000000001 0.8375 0.15781250000000008 0.8375
11 0.2171875000000001 0.8703125 0.1765625000000001 0.8703125 0.17656250000000012 0.9390625 0.2171875000000001 0.9390625
11 0.21250000000000008 0.846875 0.17187500000000008 0.846875 0.1718750000000001 0.9078125 0.21250000000000008 0.9078125
6 0.25468750000000007 0.8265625 0.16406250000000008 0.8265625 0.16406250000000008 0.86875 0.25468750000000007 0.86875
6 0.23437500000000008 0.6296875 0.15000000000000008 0.6296875 0.15000000000000008 0.703125 0.23437500000000008 0.703125
12 0.21250000000000008 0.396875 0.17500000000000004 0.396875 0.17500000000000004 0.425 0.21250000000000008 0.425
6 0.06250000000000007 0.5484375 0.025000000000000067 0.5484375 0.025000000000000067 0.5859375 0.06250000000000007 0.5859375
6 0.12812500000000007 0.528125 0.056250000000000064 0.528125 0.056250000000000064 0.578125 0.1281250000000001 0.578125
6 0.12343750000000005 0.4921875 0.09843750000000007 0.4921875 0.09843750000000007 0.5171875 0.12343750000000005 0.5171875
6 0.11718750000000004 0.45625 0.09531250000000006 0.45625 0.09531250000000006 0.4828125 0.11718750000000004 0.4828125
12 0.3203125000000001 0.68125 0.2875000000000001 0.68125 0.2875000000000001 0.7125 0.3203125000000001 0.7125
13 0.3437500000000001 0.7234375 0.3125000000000001 0.7234375 0.3125000000000001 0.7546875 0.3437500000000001 0.7546875
6 0.3531250000000001 0.6875 0.3187500000000001 0.6875 0.3187500000000001 0.725 0.3531250000000001 0.725
13 0.3750000000000001 0.6796875 0.3546875000000001 0.6796875 0.3546875000000001 0.6953125 0.3750000000000001 0.6953125
13 0.4375000000000001 0.70625 0.40625 0.70625 0.4062500000000001 0.7546875 0.43750000000000017 0.7546875
6 0.3828125000000001 0.596875 0.3296875000000001 0.596875 0.3296875000000001 0.634375 0.3828125000000001 0.634375
6 0.3296875000000001 0.6046875 0.3031250000000001 0.6046875 0.3031250000000001 0.625 0.3296875000000001 0.625
13 0.4171875 0.565625 0.3984375000000001 0.565625 0.3984375000000001 0.584375 0.4171875 0.584375
13 0.5062500000000002 0.734375 0.4671875000000002 0.734375 0.4671875000000002 0.771875 0.5062500000000002 0.771875
11 0.3906250000000001 0.75 0.3546875000000001 0.75 0.3546875000000001 0.8125 0.3906250000000001 0.8125
6 0.5046875000000002 0.7953125 0.47187500000000016 0.7953125 0.47187500000000016 0.8234375 0.5046875000000002 0.8234375
10 0.5312500000000002 0.796875 0.43750000000000017 0.796875 0.43750000000000017 0.8859375 0.5312500000000002 0.8859375
13 0.5921875000000002 0.7390625 0.5593750000000002 0.7390625 0.5593750000000002 0.775 0.5921875000000002 0.775
0 0.5421875 0.503125 0.5296875 0.503125 0.5296875 0.51875 0.5421875 0.51875
6 0.83125 0.2640625000000001 0.7828125 0.2640625000000001 0.7828125 0.3109375000000001 0.83125 0.3109375000000001
6 0.8296875 0.19531250000000008 0.796875 0.19531250000000008 0.796875 0.22812500000000008 0.8296875 0.22812500000000008
6 0.853125 0.21875000000000008 0.81875 0.21875000000000008 0.81875 0.2640625000000001 0.853125 0.2640625000000001
6 0.94375 0.1968750000000001 0.903125 0.19687500000000008 0.903125 0.22656250000000008 0.94375 0.22656250000000008
6 0.7703125 0.32500000000000007 0.7375 0.32500000000000007 0.7375 0.35625000000000007 0.7703125 0.35625000000000007
6 0.6234375 0.2171875000000001 0.5953125 0.2171875000000001 0.5953125 0.24218750000000008 0.6234375 0.24218750000000008
15 0.4468750000000002 0.78125 0.2140625000000001 0.78125 0.2140625000000001 0.978125 0.4468750000000002 0.978125
16 0.11875000000000013 0.9484375 0.03125000000000011 0.9484375 0.03125000000000012 1 0.11875000000000013 1
6 0.08750000000000006 0.4625 0.06562500000000007 0.4625 0.06562500000000007 0.4765625 0.08750000000000006 0.4765625
6 0.2015625000000001 0.565625 0.17343750000000008 0.565625 0.17343750000000008 0.5953125 0.2015625000000001 0.5953125
6 0.2968750000000001 0.49375 0.22812500000000008 0.49375 0.22812500000000008 0.53125 0.2968750000000001 0.53125
12 0.2562500000000001 0.459375 0.23437500000000008 0.459375 0.23437500000000008 0.48125 0.2562500000000001 0.48125
6 0.2296875 0.2921875 0.2078125 0.2921875 0.2078125 0.3265625 0.2296875 0.3265625
16 0.240625 0.203125 0.209375 0.203125 0.209375 0.284375 0.240625 0.284375
6 0.31875 0.3171875 0.3 0.3171875 0.3 0.3359375 0.31875 0.3359375
6 0.3015625 0.3375 0.284375 0.3375 0.284375 0.353125 0.3015625 0.353125
6 0.33906250000000004 0.35 0.3203125 0.35 0.32031250000000006 0.36875 0.3390625000000001 0.36875
6 0.4 0.2796875000000001 0.36875 0.2796875000000001 0.36875 0.3031250000000001 0.4 0.3031250000000001
6 0.2593750000000001 0.5203125 0.2312500000000001 0.5203125 0.2312500000000001 0.546875 0.2593750000000001 0.546875
6 0.36406250000000007 0.7265625 0.3437500000000001 0.7265625 0.3437500000000001 0.7578125 0.36406250000000007 0.7578125
6 0.3078125000000001 0.73125 0.2828125000000001 0.73125 0.2828125000000001 0.7546875 0.3078125000000001 0.7546875
6 0.3265625000000001 0.4203125 0.3046875000000001 0.4203125 0.3046875000000001 0.4390625 0.3265625000000001 0.4390625
16 0.440625 0.39531250000000007 0.2578125000000001 0.3953125 0.2578125000000001 0.4453125 0.440625 0.4453125
16 0.9390625 0.1734375000000001 0.896875 0.17343750000000008 0.896875 0.2000000000000001 0.9390625 0.2000000000000001