13 0.2828125000000001 0.7125 0.24218750000000008 0.7125 0.24218750000000008 0.7625 0.2828125000000001 0.7625
13 0.2484375000000001 0.7171875 0.2296875000000001 0.7171875 0.2296875000000001 0.7484375 0.2484375000000001 0.7484375
11 0.3187500000000001 0.78125 0.29375000000000007 0.78125 0.29375000000000007 0.8203125 0.3187500000000001 0.8203125
10 0.28593750000000007 0.590625 0.2484375000000001 0.590625 0.2484375000000001 0.653125 0.28593750000000007 0.653125
13 0.3937500000000001 0.6625 0.3531250000000001 0.6625 0.3531250000000001 0.703125 0.3937500000000001 0.703125
13 0.3281250000000001 0.684375 0.3125000000000001 0.684375 0.3125000000000001 0.703125 0.3281250000000001 0.703125
6 0.4953125000000001 0.6984375 0.4546875 0.6984375 0.4546875000000001 0.7359375 0.49531250000000016 0.7359375
10 0.4453125000000001 0.66875 0.38750000000000007 0.66875 0.38750000000000007 0.7390625 0.44531250000000017 0.7390625
6 0.4218750000000001 0.7125 0.4046875 0.7125 0.4046875000000001 0.73125 0.42187500000000017 0.73125
6 0.4375000000000001 0.7140625 0.41875 0.7140625 0.41875000000000007 0.728125 0.43750000000000017 0.728125
3 0.440625 0.625 0.425 0.625 0.425 0.6578125 0.440625 0.6578125
6 0.46875 0.6421875 0.4171875 0.6421875 0.4171875 0.68125 0.46875 0.68125
13 0.471875 0.6640625 0.45625 0.6640625 0.45625 0.68125 0.471875 0.68125
6 0.484375 0.6671875 0.465625 0.6671875 0.465625 0.68125 0.484375 0.68125
13 0.5 0.6328125 0.4921875 0.6328125 0.4921875 0.6453125 0.5 0.6453125
0 0.4640625 0.6 0.45625 0.6 0.45625 0.609375 0.4640625 0.609375
6 0.4515625 0.5546875 0.428125 0.5546875 0.428125 0.5875 0.4515625 0.5875
6 0.4 0.5234375 0.3765625000000001 0.5234375 0.3765625000000001 0.54375 0.4 0.54375
12 0.4546875 0.43125 0.44375 0.43125 0.44375 0.4421875 0.4546875 0.4421875
6 0.4828125 0.4375 0.4546875 0.4375 0.4546875 0.4609375 0.4828125 0.4609375
6 0.5203125 0.596875 0.4734375 0.596875 0.4734375 0.6296875 0.5203125 0.6296875
13 0.5640625 0.590625 0.5515625 0.590625 0.5515625 0.609375 0.5640625 0.609375
12 0.5734375 0.50625 0.5578125 0.50625 0.5578125 0.5234375 0.5734375 0.5234375
11 0.5953125 0.471875 0.5828125 0.471875 0.5828125 0.503125 0.5953125 0.503125
11 0.6484375 0.51875 0.63125 0.51875 0.63125 0.546875 0.6484375 0.546875
11 0.646875 0.5109375 0.63125 0.5109375 0.63125 0.534375 0.646875 0.534375
6 0.61875 0.4984375 0.590625 0.4984375 0.590625 0.5265625 0.61875 0.5265625
13 0.6828125 0.5359375 0.6578125 0.5359375 0.6578125 0.559375 0.6828125 0.559375
16 0.6703125 0.565625 0.58125 0.565625 0.58125 0.6046875 0.6703125 0.6046875
13 0.684375 0.45625 0.671875 0.45625 0.671875 0.4796875 0.684375 0.4796875
10 0.7203125 0.4828125 0.6859375 0.4828125 0.6859375 0.521875 0.7203125 0.521875
10 0.5734375 0.4265625 0.5484375 0.4265625 0.5484375 0.45 0.5734375 0.45
6 0.571875 0.4578125 0.5359375 0.4578125 0.5359375 0.4828125 0.571875 0.4828125
13 0.3625000000000001 0.5390625 0.3390625000000001 0.5390625 0.3390625000000001 0.5609375 0.3625000000000001 0.5609375
6 0.465625 0.6140625 0.44375 0.6140625 0.44375 0.640625 0.465625 0.640625
6 0.3515625000000001 0.503125 0.3265625000000001 0.503125 0.3265625000000001 0.521875 0.3515625000000001 0.521875
6 0.6765625 0.3578125000000001 0.646875 0.3578125000000001 0.646875 0.3750000000000001 0.6765625 0.3750000000000001
6 0.665625 0.3359375000000001 0.6484375 0.3359375000000001 0.6484375 0.3531250000000001 0.665625 0.3531250000000001
15 0.6875 0.475 0.603125 0.475 0.603125 0.5375 0.6875 0.5375
15 0.590625 0.5671875 0.4890625 0.5671875 0.4890625 0.6671875 0.590625 0.6671875
15 0.5 0.45625 0.4421875 0.45625 0.4421875 0.5078125 0.5 0.5078125
10 0.7671875 0.5093750000000001 0.73125 0.5093750000000001 0.73125 0.5421875000000002 0.7671875 0.5421875000000002
6 0.690625 0.54375 0.678125 0.54375 0.678125 0.5609375 0.690625 0.5609375
6 0.6671875 0.5640625 0.65 0.5640625 0.65 0.5796875 0.6671875 0.5796875
6 0.4828125 0.58125 0.4625 0.58125 0.4625 0.609375 0.4828125 0.609375
15 0.4046875 0.5390625 0.3765625000000001 0.5390625 0.3765625000000001 0.56875 0.4046875 0.56875
6 0.6234375 0.6203125 0.6046875 0.6203125 0.6046875 0.634375 0.6234375 0.634375
11 0.6125 0.35625000000000007 0.6 0.35625000000000007 0.6 0.3843750000000001 0.6125 0.3843750000000001
11 0.6 0.3453125000000001 0.5890625 0.3453125000000001 0.5890625 0.3703125000000001 0.6 0.3703125000000001
12 0.515625 0.3890625000000001 0.5015625 0.3890625000000001 0.5015625 0.403125 0.515625 0.403125
6 0.4859375 0.4171875 0.471875 0.4171875 0.471875 0.4328125 0.4859375 0.4328125
13 0.5625 0.4 0.546875 0.4 0.546875 0.4125 0.5625 0.4125
6 0.5578125 0.4125 0.534375 0.4125 0.534375 0.434375 0.5578125 0.434375
6 0.584375 0.4046875 0.55625 0.4046875 0.55625 0.421875 0.584375 0.421875