13 0.06250000000000008 0.75 0.007812500000000092 0.75 0.007812500000000094 0.7984375 0.06250000000000008 0.7984375
11 0.0375000000000001 0.84375 0.0015625000000001033 0.84375 0.0015625000000001066 0.896875 0.03750000000000011 0.896875
13 0.1859375000000001 0.7421875 0.1390625000000001 0.7421875 0.1390625000000001 0.790625 0.1859375000000001 0.790625
3 0.2375000000000001 0.740625 0.21875000000000008 0.740625 0.21875000000000008 0.7765625 0.2375000000000001 0.7765625
15 0.4734375 0.5703125 0.4078125 0.5703125 0.4078125 0.63125 0.4734375 0.63125
11 0.5703125 0.6171875 0.553125 0.6171875 0.553125 0.6546875 0.5703125 0.6546875
11 0.5906250000000001 0.696875 0.5703125 0.696875 0.5703125000000001 0.7359375 0.5906250000000002 0.7359375
11 0.5921875 0.6859375 0.575 0.6859375 0.575 0.71875 0.5921875 0.71875
12 0.5203125 0.64375 0.503125 0.64375 0.503125 0.6671875 0.5203125 0.6671875
13 0.6234375000000002 0.7359375 0.5968750000000002 0.7359375 0.5968750000000002 0.7703125 0.6234375000000002 0.7703125
13 0.2718750000000001 0.7578125 0.21093750000000008 0.7578125 0.21093750000000008 0.7984375 0.2718750000000001 0.7984375
16 0.55 0.7203125 0.471875 0.7203125 0.4718750000000001 0.79375 0.5500000000000002 0.79375
10 0.7328125 0.6734375000000001 0.6890625 0.6734375 0.6890625 0.7234375000000001 0.7328125 0.7234375000000002
13 0.5859375 0.5234375 0.5515625 0.5234375 0.5515625 0.5484375 0.5859375 0.5484375
10 0.4671875 0.5328125 0.4375 0.5328125 0.4375 0.5609375 0.4671875 0.5609375
16 0.484375 0.5546875 0.434375 0.5546875 0.434375 0.571875 0.484375 0.571875
13 0.68125 0.5796875 0.6578125 0.5796875 0.6578125 0.603125 0.68125 0.603125
11 0.871875 0.3843750000000001 0.853125 0.3843750000000001 0.853125 0.4109375000000002 0.871875 0.4109375000000002
10 0.8859375 0.5171875000000001 0.84375 0.5171875000000001 0.84375 0.5390625000000002 0.8859375 0.5390625000000002
13 0.796875 0.49531250000000016 0.7625 0.49531250000000016 0.7625 0.5218750000000002 0.796875 0.5218750000000002
11 0.7921875 0.5953125000000001 0.7796875 0.5953125000000001 0.7796875 0.6171875000000002 0.7921875 0.6171875000000002
11 0.703125 0.4828125 0.6875 0.4828125 0.6875 0.5078125 0.703125 0.5078125
11 0.6984375 0.4703125 0.684375 0.4703125 0.684375 0.4984375 0.6984375 0.4984375
15 0.675 0.6390625 0.5578125 0.6390625 0.5578125 0.734375 0.6750000000000002 0.734375
15 0.43437500000000007 0.6921875 0.3703125000000001 0.6921875 0.3703125000000001 0.8140625 0.4343750000000002 0.8140625
15 0.8078125 0.6546875000000001 0.721875 0.6546875 0.721875 0.7390625000000001 0.8078125 0.7390625000000002