13 0.06875000000000009 0.7578125 0.017187500000000095 0.7578125 0.0171875000000001 0.8078125 0.06875000000000009 0.8078125
11 0.046875000000000104 0.853125 0.0015625000000001048 0.853125 0.0015625000000001076 0.9015625 0.04687500000000011 0.9015625
3 0.2468750000000001 0.7515625 0.2312500000000001 0.7515625 0.2312500000000001 0.7859375 0.2468750000000001 0.7859375
13 0.1921875000000001 0.753125 0.1531250000000001 0.753125 0.1531250000000001 0.796875 0.1921875000000001 0.796875
13 0.3812500000000001 0.7390625 0.3296875000000001 0.7390625 0.3296875000000001 0.7734375 0.3812500000000001 0.7734375
12 0.521875 0.659375 0.509375 0.659375 0.509375 0.6796875 0.521875 0.6796875
11 0.575 0.6296875 0.55625 0.6296875 0.55625 0.6609375 0.575 0.6609375
13 0.7125 0.653125 0.6921875 0.653125 0.6921875 0.6734375 0.7125 0.6734375
10 0.7375 0.690625 0.690625 0.690625 0.690625 0.7406250000000001 0.7375000000000002 0.7406250000000002
11 0.5953125000000001 0.7125 0.5765625 0.7125 0.5765625000000001 0.75 0.5953125000000001 0.75
11 0.596875 0.7 0.5796875 0.7 0.5796875000000001 0.73125 0.5968750000000002 0.73125
13 0.6265625000000001 0.7515625 0.6000000000000002 0.7515625 0.6000000000000002 0.78125 0.6265625000000001 0.78125
16 0.490625 0.5671875 0.4421875 0.5671875 0.4421875 0.58125 0.490625 0.58125
6 0.43437500000000007 0.7078125 0.3734375000000001 0.7078125 0.3734375000000001 0.8328125 0.4343750000000002 0.8328125
13 0.59375 0.5375 0.5578125 0.5375 0.5578125 0.5609375 0.59375 0.5609375
13 0.609375 0.525 0.59375 0.525 0.59375 0.5390625 0.609375 0.5390625
11 0.70625 0.49375 0.6921875 0.49375 0.6921875 0.525 0.70625 0.525
11 0.70625 0.48125 0.6921875 0.48125 0.6921875 0.4984375 0.70625 0.4984375
13 0.803125 0.5078125000000002 0.7671875 0.5078125000000002 0.7671875 0.5343750000000002 0.803125 0.5343750000000002
11 0.8765625 0.3968750000000001 0.8578125 0.3968750000000001 0.8578125 0.42187500000000017 0.8765625 0.42187500000000017
10 0.89375 0.5312500000000002 0.85 0.5312500000000002 0.85 0.5515625000000002 0.89375 0.5515625000000002
10 1 0.44843750000000016 0.946875 0.44843750000000016 0.946875 0.4828125000000002 1 0.4828125000000002
10 0.796875 0.42500000000000016 0.7703125 0.42500000000000016 0.7703125 0.44062500000000016 0.796875 0.44062500000000016
13 0.6828125 0.4484375 0.65625 0.4484375 0.65625 0.471875 0.6828125 0.471875
15 0.6781250000000001 0.6515625 0.5671875 0.6515625 0.5671875000000001 0.746875 0.6781250000000002 0.746875
15 0.48125 0.575 0.4125 0.575 0.4125 0.6375 0.48125 0.6375
10 0.2390625000000001 0.790625 0.1828125000000001 0.790625 0.1828125000000001 0.8453125 0.2390625000000001 0.8453125
13 0.12500000000000008 0.7609375 0.10937500000000008 0.7609375 0.10937500000000008 0.7734375 0.12500000000000008 0.7734375
11 0.7984375 0.6078125000000002 0.7859375 0.6078125000000002 0.7859375 0.6328125000000002 0.7984375 0.6328125000000002
16 0.5453125000000002 0.7390625 0.4734375000000002 0.7390625 0.4734375000000002 0.803125 0.5453125000000002 0.803125
13 0.49218750000000017 0.7703125 0.47968750000000016 0.7703125 0.47968750000000016 0.784375 0.49218750000000017 0.784375
12 0.4671875 0.5328125 0.45625 0.5328125 0.45625 0.546875 0.4671875 0.546875
13 0.475 0.546875 0.44375 0.546875 0.44375 0.571875 0.475 0.571875
13 0.5125 0.5234375 0.4875 0.5234375 0.4875 0.540625 0.5125 0.540625
13 0.55625 0.553125 0.5296875 0.553125 0.5296875 0.58125 0.55625 0.58125
10 0.6015625 0.5625 0.5640625 0.5625 0.5640625 0.5921875 0.6015625 0.5921875
13 0.571875 0.6609375 0.5421875 0.6609375 0.5421875 0.7046875 0.571875 0.7046875
12 0.590625 0.628125 0.5796875 0.628125 0.5796875 0.653125 0.590625 0.653125
10 0.571875 0.59375 0.5234375 0.59375 0.5234375 0.6171875 0.571875 0.6171875
13 0.9171875 0.5906250000000002 0.878125 0.5906250000000002 0.878125 0.6187500000000001 0.9171875 0.6187500000000001