13 0.11250000000000009 0.6796875 0.0750000000000001 0.6796875 0.0750000000000001 0.715625 0.11250000000000009 0.715625
13 0.1750000000000001 0.6578125 0.11093750000000009 0.6578125 0.11093750000000009 0.7296875 0.1750000000000001 0.7296875
13 0.22031250000000008 0.7234375 0.1984375000000001 0.7234375 0.1984375000000001 0.7421875 0.22031250000000008 0.7421875
3 0.35625000000000007 0.7671875 0.3109375000000001 0.7671875 0.3109375000000001 0.81875 0.35625000000000007 0.81875
13 0.3046875000000001 0.7171875 0.2375000000000001 0.7171875 0.2375000000000001 0.784375 0.3046875000000001 0.784375
12 0.8703125 0.4234375000000002 0.8484375 0.4234375000000002 0.8484375 0.4515625000000002 0.8703125 0.4515625000000002
13 0.8984375 0.44531250000000017 0.8203125 0.44531250000000017 0.8203125 0.5015625000000001 0.8984375 0.5015625000000001
12 0.9734375 0.6953125000000002 0.94375 0.6953125000000002 0.94375 0.7328125000000002 0.9734375 0.7328125000000002
13 0.8890625 0.8796875 0.8515625 0.8796875 0.8515625 0.915625 0.8890625 0.915625
0 0.4890625000000002 0.7546875 0.4750000000000002 0.7546875 0.4750000000000002 0.7703125 0.4890625000000002 0.7703125
13 0.48125 0.5140625 0.4453125 0.5140625 0.4453125 0.546875 0.48125 0.546875
11 0.09218750000000012 0.8609375 0.018750000000000107 0.8609375 0.018750000000000107 0.9015625 0.09218750000000012 0.9015625
16 1 0.884375 0.9109375 0.884375 0.9109375 0.9890625 1 0.9890625
16 0.9328125 0.821875 0.8546875 0.821875 0.8546875 0.9078125 0.9328125 0.9078125