12 0.4984375 0.559375 0.4765625 0.559375 0.4765625 0.578125 0.4984375 0.578125
13 0.459375 0.43125 0.44375 0.43125 0.44375 0.4515625 0.459375 0.4515625
13 0.5046875 0.4203125 0.4890625 0.4203125 0.4890625 0.4359375 0.5046875 0.4359375
12 0.4203125 0.6609375 0.39531250000000007 0.6609375 0.39531250000000007 0.684375 0.4203125 0.684375
6 0.3437500000000001 0.69375 0.28593750000000007 0.69375 0.28593750000000007 0.7296875 0.3437500000000001 0.7296875
6 0.2875000000000001 0.578125 0.22656250000000008 0.578125 0.22656250000000008 0.634375 0.2875000000000001 0.634375
10 0.2250000000000001 0.6734375 0.1781250000000001 0.6734375 0.1781250000000001 0.721875 0.2250000000000001 0.721875
12 0.2453125000000001 0.671875 0.2234375000000001 0.671875 0.2234375000000001 0.7015625 0.2453125000000001 0.7015625
13 0.2015625000000001 0.7765625 0.1625000000000001 0.7765625 0.1625000000000001 0.821875 0.2015625000000001 0.821875
6 0.1843750000000001 0.778125 0.16562500000000008 0.778125 0.16562500000000008 0.8 0.1843750000000001 0.8
10 0.19687500000000008 0.74375 0.14062500000000008 0.74375 0.14062500000000008 0.7890625 0.19687500000000008 0.7890625
11 0.12500000000000008 0.8015625 0.10312500000000009 0.8015625 0.10312500000000009 0.8421875 0.12500000000000008 0.8421875
0 0.1359375000000001 0.7546875 0.11875000000000009 0.7546875 0.11875000000000009 0.775 0.1359375000000001 0.775
0 0.1140625000000001 0.7765625 0.10156250000000008 0.7765625 0.10156250000000008 0.7953125 0.1140625000000001 0.7953125
9 0.057812500000000086 0.6484375 0.04843750000000008 0.6484375 0.04843750000000008 0.6609375 0.057812500000000086 0.6609375
8 0.025000000000000078 0.5953125 7.290475476174086e-17 0.5953125 7.692312707144312e-17 0.6609375 0.025000000000000078 0.6609375
9 0.10000000000000009 0.5796875 0.03750000000000007 0.5796875 0.037500000000000075 0.6203125 0.10000000000000009 0.6203125
9 0.12031250000000007 0.5234375 0.07500000000000007 0.5234375 0.07500000000000007 0.5625 0.12031250000000009 0.5625
12 0.11250000000000009 0.6859375 0.0906250000000001 0.6859375 0.0906250000000001 0.7109375 0.11250000000000009 0.7109375
6 0.2875000000000001 0.7796875 0.2562500000000001 0.7796875 0.2562500000000001 0.821875 0.2875000000000001 0.821875
13 0.3343750000000001 0.7625 0.3140625000000001 0.7625 0.3140625000000001 0.7921875 0.3343750000000001 0.7921875
6 0.259375 0.3390625 0.21875 0.3390625 0.21875 0.3625 0.259375 0.3625
6 0.35625000000000007 0.35625 0.3234375 0.35625 0.32343750000000004 0.3875 0.35625000000000007 0.3875
10 0.3609375000000001 0.4234375 0.3062500000000001 0.4234375 0.3062500000000001 0.471875 0.3609375000000001 0.471875
6 0.4640625 0.3515625000000001 0.428125 0.3515625000000001 0.428125 0.3765625000000001 0.4640625 0.3765625000000001
10 0.4453125 0.5890625 0.3906250000000001 0.5890625 0.3906250000000001 0.63125 0.4453125 0.63125
16 0.5859375 0.3984375000000001 0.509375 0.3984375000000001 0.509375 0.434375 0.5859375 0.434375
13 0.640625 0.559375 0.6125 0.559375 0.6125 0.590625 0.640625 0.590625
6 0.6765625 0.5578125 0.64375 0.5578125 0.64375 0.6 0.6765625 0.6
10 0.6390625 0.3859375000000001 0.5640625 0.3859375000000001 0.5640625 0.4734375 0.6390625 0.4734375
6 0.6390625 0.3609375000000001 0.5890625 0.3609375000000001 0.5890625 0.3921875000000001 0.6390625 0.3921875000000001
13 0.7765625 0.3453125000000001 0.753125 0.3453125000000001 0.753125 0.3671875000000001 0.7765625 0.3671875000000001
6 0.7765625 0.38750000000000007 0.725 0.38750000000000007 0.725 0.4234375000000001 0.7765625 0.4234375000000002
11 0.946875 0.4500000000000002 0.9 0.4500000000000002 0.9 0.49531250000000016 0.946875 0.49531250000000016
11 0.984375 0.43281250000000016 0.925 0.43281250000000016 0.925 0.47187500000000016 0.984375 0.47187500000000016
0 0.07343750000000009 0.775 0.06093750000000009 0.775 0.06093750000000009 0.7890625 0.07343750000000009 0.7890625
6 0.12500000000000008 0.740625 0.09687500000000009 0.740625 0.09687500000000009 0.76875 0.12500000000000008 0.76875
6 0.73125 0.5125000000000001 0.690625 0.5125 0.690625 0.5468750000000001 0.73125 0.5468750000000002
6 0.446875 0.534375 0.425 0.534375 0.425 0.5578125 0.446875 0.5578125
6 0.5875 0.515625 0.56875 0.515625 0.56875 0.5390625 0.5875 0.5390625
13 0.5921875000000002 0.7453125 0.5406250000000001 0.7453125 0.5406250000000001 0.778125 0.5921875000000002 0.778125
6 0.3671875000000001 0.6359375 0.3500000000000001 0.6359375 0.3500000000000001 0.65625 0.3671875000000001 0.65625
6 0.5265625 0.6296875 0.5078125 0.6296875 0.5078125 0.646875 0.5265625 0.646875