13 0.4671875 0.6875 0.440625 0.6875 0.440625 0.70625 0.4671875 0.70625
6 0.5046875 0.6796875 0.471875 0.6796875 0.471875 0.7125 0.5046875 0.7125
16 0.4125 0.521875 0.34062500000000007 0.521875 0.34062500000000007 0.553125 0.4125 0.553125
10 0.4734375 0.509375 0.3968750000000001 0.509375 0.3968750000000001 0.5953125 0.4734375 0.5953125
6 0.465625 0.4796875 0.41875 0.4796875 0.41875 0.509375 0.465625 0.509375
6 0.6015625 0.50625 0.5546875 0.50625 0.5546875 0.5328125 0.6015625 0.5328125
6 0.10000000000000009 0.7109375 0.028125000000000087 0.7109375 0.028125000000000087 0.7703125 0.10000000000000009 0.7703125
6 0.1593750000000001 0.8328125 0.0953125000000001 0.8328125 0.0953125000000001 0.8671875 0.1593750000000001 0.8671875
13 0.14687500000000012 0.9015625 0.12656250000000008 0.9015625 0.1265625000000001 0.9328125 0.14687500000000014 0.9328125
12 0.0562500000000001 0.809375 0.0296875000000001 0.809375 0.0296875000000001 0.8390625 0.05625000000000011 0.8390625
12 0.2406250000000001 0.7875 0.2156250000000001 0.7875 0.2156250000000001 0.815625 0.2406250000000001 0.815625
10 0.2671875000000001 0.715625 0.2078125000000001 0.715625 0.2078125000000001 0.759375 0.2671875000000001 0.759375
12 0.3234375000000001 0.6828125 0.3000000000000001 0.6828125 0.3000000000000001 0.7015625 0.3234375000000001 0.7015625
10 0.17968750000000008 0.546875 0.12031250000000009 0.546875 0.12031250000000009 0.584375 0.17968750000000008 0.584375
6 0.17812500000000003 0.4828125 0.14531250000000004 0.4828125 0.14531250000000004 0.509375 0.17812500000000003 0.509375
6 0.29375000000000007 0.478125 0.2562500000000001 0.478125 0.2562500000000001 0.4984375 0.29375000000000007 0.4984375
6 0.5578125 0.625 0.515625 0.625 0.515625 0.6671875 0.5578125 0.6671875
11 0.76875 0.5609375000000002 0.7265625 0.5609375000000002 0.7265625 0.6031250000000001 0.76875 0.6031250000000001
11 0.803125 0.5421875000000002 0.746875 0.5421875000000002 0.746875 0.5796875000000001 0.803125 0.5796875000000001
11 0.9484375 0.44062500000000016 0.915625 0.44062500000000016 0.915625 0.4750000000000002 0.9484375 0.4750000000000002
11 0.8828125 0.4078125000000002 0.85625 0.4078125000000002 0.85625 0.4437500000000002 0.8828125 0.4437500000000002
13 0.3312500000000001 0.5421875 0.3140625000000001 0.5421875 0.3140625000000001 0.5578125 0.3312500000000001 0.5578125
13 0.2812500000000001 0.5546875 0.2640625000000001 0.5546875 0.2640625000000001 0.5765625 0.2812500000000001 0.5765625
13 0.41718750000000016 0.871875 0.3656250000000001 0.871875 0.3656250000000001 0.903125 0.41718750000000016 0.903125
13 0.6015625 0.4640625 0.58125 0.4640625 0.58125 0.48125 0.6015625 0.48125
6 0.07656250000000006 0.4640625 0.03281250000000006 0.4640625 0.03281250000000006 0.4890625 0.07656250000000006 0.4890625