12 0.2484375000000001 0.7765625 0.2250000000000001 0.7765625 0.2250000000000001 0.8 0.2484375000000001 0.8
12 0.3312500000000001 0.671875 0.3109375000000001 0.671875 0.3109375000000001 0.6859375 0.3312500000000001 0.6859375
6 0.10937500000000008 0.6984375 0.042187500000000086 0.6984375 0.042187500000000086 0.7546875 0.10937500000000008 0.7546875
16 0.4203125 0.509375 0.3500000000000001 0.509375 0.3500000000000001 0.540625 0.4203125 0.540625
13 0.4734375 0.4703125 0.4265625 0.4703125 0.4265625 0.4953125 0.4734375 0.4953125
10 0.18750000000000006 0.5359375 0.13281250000000006 0.5359375 0.13281250000000006 0.5703125 0.18750000000000008 0.5703125
10 0.453125 0.4953125 0.3984375000000001 0.4953125 0.3984375000000001 0.5765625 0.453125 0.5765625
11 0.95625 0.4312500000000002 0.9234375 0.4312500000000002 0.9234375 0.4625000000000002 0.95625 0.4625000000000002
11 0.8890625 0.3968750000000001 0.8640625 0.3968750000000001 0.8640625 0.4312500000000002 0.8890625 0.4312500000000002
11 0.809375 0.5359375000000002 0.75625 0.5359375000000002 0.75625 0.5640625000000001 0.809375 0.5640625000000001
11 0.771875 0.5531250000000002 0.734375 0.5531250000000002 0.734375 0.5890625000000002 0.771875 0.5890625000000002
13 0.5578125 0.49375 0.5328125 0.49375 0.5328125 0.5203125 0.5578125 0.5203125
13 0.3390625000000001 0.53125 0.32500000000000007 0.53125 0.32500000000000007 0.5421875 0.3390625000000001 0.5421875
10 0.1671875000000001 0.81875 0.1062500000000001 0.81875 0.1062500000000001 0.853125 0.1671875000000001 0.853125
10 0.0468750000000001 0.8 9.797174393178826e-17 0.8 1.0084200986728987e-16 0.846875 0.0468750000000001 0.846875
13 0.6625 0.5296875 0.6421875 0.5296875 0.6421875 0.55 0.6625 0.55