11 0.8390625 0.7531250000000002 0.8015625 0.7531250000000002 0.8015625 0.85625 0.8390625 0.85625
11 0.8390625 0.7296875000000002 0.80625 0.7296875000000002 0.80625 0.7656250000000002 0.8390625 0.7656250000000002
11 0.8375 0.6156250000000002 0.80625 0.6156250000000002 0.80625 0.6843750000000002 0.8375 0.6843750000000002
12 0.803125 0.6453125000000002 0.76875 0.6453125000000002 0.76875 0.6843750000000002 0.803125 0.6843750000000002
13 0.7015625000000002 0.8328125 0.6656250000000001 0.8328125 0.6656250000000001 0.8671875 0.7015625000000002 0.8671875
16 0.8203125 0.7875000000000001 0.6781250000000002 0.7875 0.6781250000000002 0.915625 0.8203125 0.915625
3 0.1703125000000001 0.7765625 0.12343750000000009 0.7765625 0.12343750000000009 0.8328125 0.1703125000000001 0.8328125
13 0.028125000000000087 0.7484375 0.0031250000000000917 0.7484375 0.003125000000000093 0.7671875 0.028125000000000087 0.7671875
6 0.10468750000000009 0.734375 0.034375000000000086 0.734375 0.03437500000000009 0.809375 0.10468750000000009 0.809375
6 0.09062500000000011 0.8875 0.06718750000000011 0.8875 0.06718750000000011 0.921875 0.09062500000000011 0.921875
13 0.35625000000000007 0.5703125 0.33281250000000007 0.5703125 0.33281250000000007 0.60625 0.35625000000000007 0.60625
15 0.48906250000000007 0.48125 5.893612720896637e-17 0.48125 8.773446209516585e-17 0.9515625 0.4890625000000002 0.9515625
13 0.2812500000000001 0.5078125 0.2484375000000001 0.5078125 0.2484375000000001 0.5390625 0.2812500000000001 0.5390625
13 0.2671875000000001 0.809375 0.2234375000000001 0.809375 0.2234375000000001 0.84375 0.2671875000000001 0.84375
0 0.85 0.6171875000000002 0.8390625 0.6171875000000002 0.8390625 0.6296875000000002 0.85 0.6296875000000002
0 0.8578125 0.6796875000000002 0.846875 0.6796875000000002 0.846875 0.6921875000000002 0.8578125 0.6921875000000002
13 1 0.6609375000000002 0.9703125 0.6609375000000002 0.9703125 0.6968750000000001 1 0.6968750000000001
6 0.878125 0.3921875000000001 0.80625 0.3921875000000001 0.80625 0.4421875000000002 0.878125 0.4421875000000002
12 0.9234375 0.36406250000000007 0.903125 0.36406250000000007 0.903125 0.38750000000000007 0.9234375 0.38750000000000007
13 0.921875 0.37968750000000007 0.89375 0.37968750000000007 0.89375 0.40156250000000016 0.921875 0.40156250000000016
12 0.6671875 0.38750000000000007 0.6484375 0.38750000000000007 0.6484375 0.4125 0.6671875 0.4125
10 0.37968750000000007 0.434375 0.31718750000000007 0.434375 0.31718750000000007 0.465625 0.37968750000000007 0.465625
6 0.6109375000000001 0.721875 0.4859375 0.721875 0.4859375000000001 0.925 0.6109375000000001 0.925
6 0.4734375000000002 0.7765625 0.3734375000000001 0.7765625 0.3734375000000001 0.865625 0.4734375000000002 0.865625
6 0.496875 0.3968750000000001 0.4078125 0.3968750000000001 0.4078125 0.51875 0.496875 0.51875
16 0.6609375 0.4515625 0.5796875 0.4515625 0.5796875 0.5203125 0.6609375 0.5203125
10 0.06718750000000011 0.8828125 0.009375000000000109 0.8828125 0.009375000000000112 0.9515625 0.06718750000000011 0.9515625
10 0.1375000000000001 0.8359375 0.050000000000000114 0.8359375 0.050000000000000114 0.890625 0.1375000000000001 0.890625
6 0.9671875 0.4000000000000002 0.9 0.4000000000000002 0.9 0.4468750000000002 0.9671875 0.4468750000000002
6 0.6203125 0.3890625000000001 0.565625 0.3890625000000001 0.565625 0.4265625 0.6203125 0.4265625
6 0.6921875 0.4125 0.6171875 0.4125 0.6171875 0.4671875 0.6921875 0.4671875
6 0.884375 0.5328125000000001 0.790625 0.5328125000000001 0.790625 0.5875000000000001 0.884375 0.5875000000000001
10 0.9140625 0.4671875000000002 0.8640625 0.4671875000000002 0.8640625 0.5343750000000002 0.9140625 0.5343750000000002
6 0.7921875 0.3937500000000001 0.7296875 0.3937500000000001 0.7296875 0.43750000000000017 0.7921875 0.43750000000000017
6 0.7203125 0.3937500000000001 0.6828125 0.3937500000000001 0.6828125 0.4296875 0.7203125 0.4296875
6 0.509375 0.446875 0.459375 0.446875 0.459375 0.5 0.509375 0.5
13 0.8546875 0.46093750000000017 0.8296875 0.46093750000000017 0.8296875 0.4890625000000002 0.8546875 0.4890625000000002
16 0.9234375 0.09218750000000012 0.8671875 0.09218750000000012 0.8671875 0.17656250000000012 0.9234375 0.17656250000000012
0 0.940625 0.4625000000000002 0.928125 0.4625000000000002 0.928125 0.47968750000000016 0.940625 0.47968750000000016
0 0.46875 0.6859375 0.4546875 0.6859375 0.4546875 0.70625 0.46875 0.70625
10 0.2906250000000001 0.7640625 0.2312500000000001 0.7640625 0.2312500000000001 0.7984375 0.2906250000000001 0.7984375
0 0.2968750000000001 0.7578125 0.2796875000000001 0.7578125 0.2796875000000001 0.7734375 0.2968750000000001 0.7734375
6 0.4015625 0.4859375 0.3515625000000001 0.4859375 0.3515625000000001 0.55625 0.4015625 0.55625
15 1 0.44843750000000016 0.946875 0.44843750000000016 0.946875 0.5046875000000002 1 0.5046875000000002
15 1 0.5078125000000002 0.8828125 0.5078125000000002 0.8828125 0.7328125000000002 1 0.7328125000000002
15 1 0.7281250000000001 0.8390625 0.7281250000000001 0.8390625 0.9046875 1 0.9046875
15 0.80625 0.6875000000000001 0.715625 0.6875 0.7156250000000001 0.7859375000000001 0.80625 0.7859375000000002
15 0.446875 0.5890625 0.3218750000000001 0.5890625 0.3218750000000001 0.7046875 0.446875 0.7046875
13 0.35625000000000007 0.8234375 0.33281250000000007 0.8234375 0.33281250000000007 0.8484375 0.35625000000000007 0.8484375
15 0.690625 0.7015625 0.5796875 0.7015625 0.5796875000000001 0.921875 0.6906250000000002 0.921875
15 1 0.1484375000000001 0.865625 0.14843750000000008 0.865625 0.2640625000000001 1 0.2640625000000001
15 1 0.2656250000000001 0.8296875 0.2656250000000001 0.8296875 0.40625000000000017 1 0.40625000000000017
15 0.859375 0.4890625000000002 0.7890625 0.4890625000000002 0.7890625 0.5437500000000002 0.859375 0.5437500000000002
15 0.7984375 0.3109375000000001 0.5890625 0.3109375000000001 0.5890625 0.3968750000000001 0.7984375 0.3968750000000001