3 0.0812500000000001 0.790625 0.0328125000000001 0.790625 0.0328125000000001 0.84375 0.08125000000000011 0.84375
6 0.1453125000000001 0.7796875 0.05156250000000009 0.7796875 0.0515625000000001 0.8703125 0.1453125000000001 0.8703125
0 0.2093750000000001 0.7640625 0.1937500000000001 0.7640625 0.1937500000000001 0.7828125 0.2093750000000001 0.7828125
6 0.2734375000000001 0.7484375 0.2171875000000001 0.7484375 0.2171875000000001 0.8140625 0.2734375000000001 0.8140625
15 0.3531250000000001 0.6046875 0.22812500000000008 0.6046875 0.22812500000000008 0.7375 0.3531250000000001 0.7375
6 0.3921875000000001 0.7828125 0.2906250000000001 0.7828125 0.2906250000000001 0.865625 0.3921875000000001 0.865625
15 0.5265625 0.7234375 0.4078125 0.7234375 0.4078125000000001 0.921875 0.5265625000000002 0.921875
13 0.5265625000000002 0.8203125 0.5031250000000002 0.8203125 0.5031250000000002 0.8703125 0.5265625000000002 0.8703125
13 0.6187500000000001 0.8203125 0.5843750000000002 0.8203125 0.5843750000000002 0.859375 0.6187500000000001 0.859375
16 0.7265625000000002 0.7750000000000001 0.5937500000000002 0.775 0.5937500000000002 0.9015625 0.7265625000000002 0.9015625
11 0.7546875000000002 0.7375 0.7156250000000002 0.7375 0.7156250000000002 0.8 0.7546875000000002 0.8
11 0.753125 0.7156250000000001 0.7203125 0.715625 0.7203125000000001 0.7750000000000001 0.7531250000000002 0.7750000000000001
12 0.7140625 0.640625 0.6828125 0.640625 0.6828125 0.6796875 0.7140625 0.6796875
11 0.7515625 0.6031250000000001 0.7203125 0.603125 0.7203125 0.6609375000000001 0.7515625 0.6609375000000002
6 0.8015625 0.6796875000000001 0.7171875 0.6796875 0.7171875 0.7187500000000001 0.8015625 0.7187500000000002
6 0.7546875000000002 0.875 0.7421875000000002 0.875 0.7421875000000002 0.8953125 0.7546875000000002 0.8953125
0 0.765625 0.6062500000000002 0.7546875 0.6062500000000002 0.7546875 0.6203125000000002 0.765625 0.6203125000000002
0 0.71875 0.5640625 0.70625 0.5640625 0.70625 0.5828125 0.71875 0.5828125
0 0.775 0.6640625000000002 0.7640625 0.6640625000000002 0.7640625 0.6781250000000002 0.775 0.6781250000000002
6 0.5609375000000002 0.79375 0.5234375000000002 0.79375 0.5234375000000002 0.83125 0.5609375000000002 0.83125
16 0.5734375 0.453125 0.5 0.453125 0.5 0.5125 0.5734375 0.5125
6 0.60625 0.4078125 0.53125 0.4078125 0.53125 0.459375 0.60625 0.459375
12 0.58125 0.37968750000000007 0.5625 0.37968750000000007 0.5625 0.4078125 0.58125 0.4078125
6 0.6328125 0.3906250000000001 0.5984375 0.3906250000000001 0.5984375 0.425 0.6328125 0.425
0 0.85 0.4500000000000002 0.8375 0.4500000000000002 0.8375 0.4656250000000002 0.85 0.4656250000000002
13 0.765625 0.4500000000000002 0.7421875 0.4500000000000002 0.7421875 0.4781250000000002 0.765625 0.4781250000000002
10 0.8203125 0.4546875000000002 0.771875 0.4546875000000002 0.771875 0.5156250000000002 0.8203125 0.5156250000000002
6 0.7859375 0.37968750000000007 0.715625 0.37968750000000007 0.715625 0.4328125000000001 0.7859375 0.43281250000000016
13 0.83125 0.3703125000000001 0.8015625 0.3703125000000001 0.8015625 0.3921875000000001 0.83125 0.3921875000000001
12 0.83125 0.3546875000000001 0.8125 0.3546875000000001 0.8125 0.3750000000000001 0.83125 0.3750000000000001
12 0.91875 0.4343750000000002 0.890625 0.4343750000000002 0.890625 0.46406250000000016 0.91875 0.46406250000000016
13 0.9671875 0.5265625000000002 0.9140625 0.5265625000000002 0.9140625 0.5687500000000002 0.9671875 0.5687500000000002
13 1 0.6562500000000002 0.978125 0.6562500000000002 0.978125 0.7062500000000002 1 0.7062500000000002
13 0.9078125 0.6421875000000001 0.8765625 0.6421875000000001 0.8765625 0.6765625000000002 0.9078125 0.6765625000000002
11 0.9515625 0.6875000000000002 0.9140625 0.6875000000000002 0.9140625 0.7468750000000002 0.9515625 0.7468750000000002
6 0.86875 0.6390625000000002 0.846875 0.6390625000000002 0.846875 0.6671875000000002 0.86875 0.6671875000000002
6 0.8890625 0.5953125000000001 0.8578125 0.5953125000000001 0.8578125 0.6281250000000002 0.8890625 0.6281250000000002
6 0.9265625 0.6109375000000001 0.8875 0.6109375000000001 0.8875 0.6468750000000002 0.9265625 0.6468750000000002
6 0.8765625 0.3890625000000001 0.8078125 0.3890625000000001 0.8078125 0.43281250000000016 0.8765625 0.43281250000000016
16 1 0.2453125000000001 0.9234375 0.2453125000000001 0.9234375 0.2718750000000001 1 0.2718750000000001
10 0.5359375 0.3859375000000001 0.4796875 0.3859375000000001 0.4796875 0.4203125 0.5359375 0.4203125
10 0.4234375 0.446875 0.3765625000000001 0.446875 0.3765625000000001 0.496875 0.4234375 0.496875
10 0.3156250000000001 0.4875 0.2843750000000001 0.4875 0.2843750000000001 0.5359375 0.3156250000000001 0.5359375
10 0.10625000000000007 0.5234375 0.028125000000000067 0.5234375 0.028125000000000074 0.6140625 0.1062500000000001 0.6140625
10 0.0953125000000001 0.8375 1.0256416942859082e-16 0.8375 1.0811335023722728e-16 0.928125 0.0953125000000001 0.928125
13 0.1625000000000001 0.81875 0.1359375000000001 0.81875 0.1359375000000001 0.8484375 0.1625000000000001 0.8484375
10 0.20312500000000008 0.7734375 0.14218750000000008 0.7734375 0.14218750000000008 0.803125 0.20312500000000008 0.803125
6 0.2562500000000001 0.6234375 0.1937500000000001 0.6234375 0.1937500000000001 0.703125 0.2562500000000001 0.703125
6 0.2734375000000001 0.4796875 0.2218750000000001 0.4796875 0.2218750000000001 0.525 0.2734375000000001 0.525
6 0.29375000000000007 0.484375 0.2718750000000001 0.484375 0.2718750000000001 0.5078125 0.29375000000000007 0.5078125
10 0.3187500000000001 0.434375 0.2312500000000001 0.434375 0.2312500000000001 0.46875 0.3187500000000001 0.46875
6 0.2921875000000001 0.446875 0.2640625000000001 0.446875 0.2640625000000001 0.475 0.2921875000000001 0.475
10 0.8671875 0.6093750000000002 0.8140625 0.6093750000000002 0.8140625 0.6890625000000001 0.8671875 0.6890625000000001
15 0.990625 0.7062500000000002 0.7484375 0.7062500000000002 0.7484375000000001 0.884375 0.990625 0.884375
16 0.825 0.0875000000000001 0.7765625 0.08750000000000009 0.7765625 0.1703125000000001 0.825 0.1703125000000001