16 0.16093750000000012 0.9328125 0.050000000000000114 0.9328125 0.05000000000000012 1 0.16093750000000012 1
12 0.18125000000000008 0.778125 0.15000000000000008 0.778125 0.15000000000000008 0.8265625 0.18125000000000008 0.8265625
11 0.2375000000000001 0.8578125 0.19531250000000008 0.8578125 0.1953125000000001 0.928125 0.2375000000000001 0.928125
11 0.2328125000000001 0.8375 0.1921875000000001 0.8375 0.1921875000000001 0.896875 0.2328125000000001 0.896875
11 0.23437500000000008 0.71875 0.1984375000000001 0.71875 0.1984375000000001 0.784375 0.23437500000000008 0.784375
0 0.2609375000000001 0.778125 0.2484375000000001 0.778125 0.2484375000000001 0.7953125 0.2609375000000001 0.7953125
0 0.24218750000000008 0.7171875 0.2250000000000001 0.7171875 0.2250000000000001 0.7375 0.24218750000000008 0.7375
0 0.1984375000000001 0.6953125 0.1843750000000001 0.6953125 0.1843750000000001 0.7125 0.1984375000000001 0.7125
0 0.2968750000000001 0.5390625 0.2843750000000001 0.5390625 0.2843750000000001 0.5578125 0.2968750000000001 0.5578125
12 0.025000000000000067 0.53125 0.0031250000000000652 0.53125 0.0031250000000000674 0.5625 0.025000000000000067 0.5625
13 0.08593750000000007 0.5375 0.050000000000000065 0.5375 0.050000000000000065 0.575 0.08593750000000007 0.575
6 0.15468750000000006 0.521875 0.08125000000000007 0.521875 0.08125000000000007 0.5703125 0.1546875000000001 0.5703125
6 0.2734375000000001 0.8171875 0.1828125000000001 0.8171875 0.1828125000000001 0.853125 0.2734375000000001 0.853125
11 0.41406250000000017 0.7421875 0.3781250000000001 0.7421875 0.3781250000000001 0.8015625 0.41406250000000017 0.8015625
6 0.4046875 0.590625 0.3546875000000001 0.590625 0.3546875000000001 0.625 0.4046875 0.625
13 0.3656250000000001 0.715625 0.3343750000000001 0.715625 0.3343750000000001 0.7453125 0.3656250000000001 0.7453125
6 0.3859375000000001 0.7203125 0.36406250000000007 0.7203125 0.36406250000000007 0.7546875 0.3859375000000001 0.7546875
13 0.45781250000000007 0.7015625 0.428125 0.7015625 0.4281250000000001 0.746875 0.4578125000000002 0.746875
13 0.5265625000000002 0.7265625 0.48750000000000016 0.7265625 0.48750000000000016 0.7625 0.5265625000000002 0.7625
10 0.5500000000000002 0.7875 0.45625000000000016 0.7875 0.45625000000000016 0.8796875 0.5500000000000002 0.8796875
6 0.5265625000000002 0.7890625 0.4906250000000002 0.7890625 0.4906250000000002 0.815625 0.5265625000000002 0.815625
0 0.6015625 0.565625 0.590625 0.565625 0.590625 0.5765625 0.6015625 0.5765625
12 0.596875 0.4765625 0.575 0.4765625 0.575 0.5015625 0.596875 0.5015625
11 0.6203125 0.584375 0.6 0.584375 0.6 0.6375 0.6203125 0.6375
12 0.734375 0.4906250000000001 0.709375 0.490625 0.709375 0.5156250000000001 0.734375 0.5156250000000002
0 0.5484375 0.4375 0.5375 0.4375 0.5375 0.45 0.5484375 0.45
11 0.5140625 0.3859375000000001 0.4875 0.3859375000000001 0.4875 0.440625 0.5140625 0.440625
11 0.53125 0.3890625000000001 0.5046875 0.3890625000000001 0.5046875 0.4453125 0.53125 0.4453125
6 0.6109375 0.3750000000000001 0.553125 0.3750000000000001 0.553125 0.415625 0.6109375 0.415625
6 0.6265625 0.32500000000000007 0.5859375 0.32500000000000007 0.5859375 0.3656250000000001 0.6265625 0.3656250000000001
6 0.515625 0.2828125000000001 0.4765625 0.2828125000000001 0.4765625 0.3078125000000001 0.515625 0.3078125000000001
6 0.4890625 0.3046875000000001 0.4484375 0.3046875000000001 0.4484375 0.34843750000000007 0.4890625 0.34843750000000007
6 0.421875 0.2750000000000001 0.3921875 0.2750000000000001 0.3921875 0.2984375000000001 0.421875 0.2984375000000001
6 0.353125 0.2484375 0.3046875 0.2484375 0.3046875 0.28125 0.353125 0.28125
16 0.45 0.30937500000000007 0.3609375 0.309375 0.3609375 0.353125 0.45 0.3531250000000001
13 0.4421875 0.5609375 0.4203125 0.5609375 0.4203125 0.578125 0.4421875 0.578125
12 0.36406250000000007 0.5078125 0.3359375000000001 0.5078125 0.3359375000000001 0.5375 0.36406250000000007 0.5375
6 0.3921875000000001 0.4828125 0.3750000000000001 0.4828125 0.3750000000000001 0.5234375 0.3921875000000001 0.5234375
6 0.22812500000000008 0.484375 0.16250000000000003 0.484375 0.16250000000000006 0.546875 0.22812500000000008 0.546875
12 0.2750000000000001 0.4546875 0.2578125000000001 0.4546875 0.2578125000000001 0.4703125 0.2750000000000001 0.4703125
6 0.3187500000000001 0.484375 0.2515625000000001 0.484375 0.2515625000000001 0.5265625 0.3187500000000001 0.5265625
16 0.4625 0.39062500000000006 0.2843750000000001 0.390625 0.2843750000000001 0.4375 0.4625 0.4375
16 0.2625 0.19218750000000004 0.2328125 0.19218750000000004 0.2328125 0.278125 0.2625 0.278125
12 0.2328125000000001 0.39375 0.2015625000000001 0.39375 0.2015625000000001 0.421875 0.2328125000000001 0.421875
6 0.2500000000000001 0.6203125 0.1750000000000001 0.6203125 0.1750000000000001 0.6953125 0.2500000000000001 0.6953125
10 0.2734375000000001 0.553125 0.2218750000000001 0.553125 0.2218750000000001 0.6078125 0.2734375000000001 0.6078125
6 0.2250000000000001 0.559375 0.19687500000000008 0.559375 0.19687500000000008 0.5859375 0.2250000000000001 0.5859375
13 0.2750000000000001 0.4671875 0.2453125000000001 0.4671875 0.2453125000000001 0.4921875 0.2750000000000001 0.4921875
6 0.04062500000000007 0.5609375 0.0015625000000000686 0.5609375 0.0015625000000000719 0.6125 0.04062500000000008 0.6125
6 0.13906250000000003 0.4515625 0.11718750000000004 0.4515625 0.11718750000000004 0.4734375 0.13906250000000003 0.4734375
6 0.14531250000000004 0.4875 0.12031250000000004 0.4875 0.12031250000000004 0.5125 0.14531250000000004 0.5125
6 0.19062500000000004 0.46875 0.17500000000000004 0.46875 0.17500000000000004 0.48125 0.19062500000000004 0.48125
6 0.32343750000000004 0.35625 0.2953125 0.35625 0.29531250000000003 0.3828125 0.3234375000000001 0.3828125
6 0.34375 0.3125 0.325 0.3125 0.325 0.3296875 0.34375 0.3296875
6 0.3234375 0.33125 0.3078125 0.33125 0.3078125 0.346875 0.3234375 0.346875
6 0.5875 0.5046875 0.5421875 0.5046875 0.5421875 0.5375 0.5875 0.5375
10 0.7234375 0.603125 0.6640625 0.603125 0.6640625 0.6421875 0.7234375 0.6421875
13 0.821875 0.5828125000000002 0.8015625 0.5828125000000002 0.8015625 0.6109375000000001 0.821875 0.6109375000000001
6 0.846875 0.5187500000000002 0.7828125 0.5187500000000002 0.7828125 0.5593750000000002 0.846875 0.5593750000000002
6 0.7765625 0.5968750000000002 0.746875 0.5968750000000002 0.746875 0.6265625000000001 0.7765625 0.6265625000000001
6 0.784375 0.39531250000000007 0.728125 0.39531250000000007 0.728125 0.4578125000000002 0.784375 0.4578125000000002
6 0.784375 0.5343750000000002 0.7671875 0.5343750000000002 0.7671875 0.5546875000000002 0.784375 0.5546875000000002
6 0.859375 0.47187500000000016 0.840625 0.47187500000000016 0.840625 0.4906250000000002 0.859375 0.4906250000000002
12 0.9125 0.5015625000000001 0.8875 0.5015625000000001 0.8875 0.5281250000000002 0.9125 0.5281250000000002
10 0.946875 0.4343750000000002 0.8875 0.4343750000000002 0.8875 0.4828125000000002 0.946875 0.4828125000000002
6 0.9453125 0.3843750000000001 0.925 0.3843750000000001 0.925 0.4046875000000002 0.9453125 0.4046875000000002
13 0.96875 0.27812500000000007 0.9515625 0.27812500000000007 0.9515625 0.2968750000000001 0.96875 0.2968750000000001
10 0.8578125 0.2593750000000001 0.8078125 0.2593750000000001 0.8078125 0.30937500000000007 0.8578125 0.30937500000000007
6 0.83125 0.31718750000000007 0.815625 0.31718750000000007 0.815625 0.3437500000000001 0.83125 0.3437500000000001
6 0.7921875 0.32500000000000007 0.7609375 0.32500000000000007 0.7609375 0.3500000000000001 0.7921875 0.3500000000000001
6 0.6453125 0.21250000000000008 0.6203125 0.21250000000000008 0.6203125 0.2406250000000001 0.6453125 0.2406250000000001
0 0.6921875 0.3000000000000001 0.6796875 0.3000000000000001 0.6796875 0.3156250000000001 0.6921875 0.3156250000000001
11 0.796875 0.1546875000000001 0.740625 0.1546875000000001 0.740625 0.18125000000000008 0.796875 0.18125000000000008
6 0.7609375 0.16562500000000008 0.721875 0.16562500000000008 0.721875 0.1921875000000001 0.7609375 0.1921875000000001
6 0.7234375 0.2062500000000001 0.7078125 0.2062500000000001 0.7078125 0.2234375000000001 0.7234375 0.2234375000000001
10 0.6859375 0.5453125 0.6359375 0.5453125 0.6359375 0.5859375 0.6859375 0.5859375
0 0.6234375 0.546875 0.609375 0.546875 0.609375 0.5640625 0.6234375 0.5640625
6 0.3296875000000001 0.7234375 0.3062500000000001 0.7234375 0.3062500000000001 0.746875 0.3296875000000001 0.746875
10 0.3062500000000001 0.703125 0.2687500000000001 0.703125 0.2687500000000001 0.7515625 0.3062500000000001 0.7515625
13 0.15625000000000008 0.7359375 0.1437500000000001 0.7359375 0.1437500000000001 0.753125 0.15625000000000008 0.753125
6 0.18906250000000008 0.721875 0.1625000000000001 0.721875 0.1625000000000001 0.7609375 0.18906250000000008 0.7609375
13 0.039062500000000076 0.609375 0.012500000000000072 0.609375 0.012500000000000075 0.6359375 0.039062500000000076 0.6359375
6 0.11093750000000005 0.453125 0.08750000000000005 0.453125 0.08750000000000005 0.46875 0.11093750000000005 0.46875
13 0.10781250000000005 0.5125 0.07343750000000007 0.5125 0.07343750000000007 0.5328125 0.10781250000000005 0.5328125
6 0.3609375 0.3453125 0.34375 0.3453125 0.34375000000000006 0.3640625 0.3609375000000001 0.3640625
6 0.34843750000000007 0.4125 0.3265625000000001 0.4125 0.3265625000000001 0.43125 0.34843750000000007 0.43125
6 0.55625 0.3984375000000001 0.5390625 0.3984375000000001 0.5390625 0.4140625 0.55625 0.4140625
15 0.4625000000000002 0.78125 0.23437500000000008 0.78125 0.23437500000000008 0.9578125 0.4625000000000002 0.9578125