0 0.3765625000000001 0.76875 0.3656250000000001 0.76875 0.3656250000000001 0.7828125 0.3765625000000001 0.7828125
13 0.440625 0.659375 0.4015625 0.659375 0.4015625 0.7078125 0.440625 0.7078125
13 0.4078125 0.659375 0.3890625000000001 0.659375 0.3890625000000001 0.6890625 0.4078125 0.6890625
10 0.4390625 0.5515625 0.4078125 0.5515625 0.4078125 0.609375 0.4390625 0.609375
11 0.5000000000000001 0.6859375 0.46875 0.6859375 0.4687500000000001 0.7484375 0.5000000000000002 0.7484375
13 0.5390625 0.615625 0.5015625 0.615625 0.5015625 0.65625 0.5390625 0.65625
10 0.5875 0.6328125 0.5296875 0.6328125 0.5296875 0.6953125 0.5875 0.6953125
3 0.6 0.578125 0.5734375 0.578125 0.5734375 0.6078125 0.6 0.6078125
6 0.6296875 0.659375 0.59375 0.659375 0.59375 0.6953125 0.6296875 0.6953125
0 0.60625 0.5625 0.5984375 0.5625 0.5984375 0.575 0.60625 0.575
12 0.7203125 0.490625 0.7015625 0.490625 0.7015625 0.5109375 0.7203125 0.5109375
10 0.7078125 0.4140625 0.68125 0.4140625 0.68125 0.4359375 0.7078125 0.4359375
11 0.734375 0.4531250000000001 0.71875 0.453125 0.71875 0.4781250000000001 0.734375 0.4781250000000002
11 0.84375 0.5718750000000001 0.815625 0.5718750000000001 0.815625 0.6000000000000002 0.84375 0.6000000000000002
16 0.8171875 0.5593750000000002 0.75625 0.5593750000000002 0.75625 0.5968750000000002 0.8171875 0.5968750000000002
13 0.821875 0.5250000000000001 0.796875 0.5250000000000001 0.796875 0.5500000000000002 0.821875 0.5500000000000002
6 0.8078125 0.5484375000000001 0.7890625 0.5484375000000001 0.7890625 0.5656250000000002 0.8078125 0.5656250000000002
11 0.7859375 0.4937500000000002 0.76875 0.4937500000000002 0.76875 0.5375000000000002 0.7859375 0.5375000000000002
6 0.7625 0.4890625000000002 0.73125 0.4890625000000002 0.73125 0.5171875000000001 0.7625 0.5171875000000001
15 0.8296875 0.4593750000000002 0.7375 0.4593750000000002 0.7375 0.5281250000000002 0.8296875 0.5281250000000002
6 0.9125 0.3859375000000001 0.8828125 0.3859375000000001 0.8828125 0.4031250000000002 0.9125 0.4031250000000002
6 0.9234375 0.4281250000000002 0.8875 0.4281250000000002 0.8875 0.4515625000000002 0.9234375 0.4515625000000002
6 0.871875 0.41718750000000016 0.846875 0.41718750000000016 0.846875 0.43750000000000017 0.871875 0.43750000000000017
10 0.915625 0.5093750000000001 0.8734375 0.5093750000000001 0.8734375 0.5453125000000002 0.915625 0.5453125000000002
6 0.8140625 0.34843750000000007 0.7828125 0.34843750000000007 0.7828125 0.3687500000000001 0.8140625 0.3687500000000001
6 0.8015625 0.3296875000000001 0.7796875 0.3296875000000001 0.7796875 0.34843750000000007 0.8015625 0.34843750000000007
6 0.6546875 0.56875 0.6078125 0.56875 0.6078125 0.6 0.6546875 0.6
12 0.2234375000000001 0.76875 0.20312500000000008 0.76875 0.20312500000000008 0.796875 0.2234375000000001 0.796875
10 0.2078125000000001 0.7734375 0.1781250000000001 0.7734375 0.1781250000000001 0.8140625 0.2078125000000001 0.8140625
15 0.728125 0.5453125000000001 0.6265625 0.5453125 0.6265625 0.64375 0.728125 0.6437500000000002
6 0.5890625 0.521875 0.5625 0.521875 0.5625 0.55625 0.5890625 0.55625
15 0.61875 0.3906250000000001 0.5703125 0.3906250000000001 0.5703125 0.4359375 0.61875 0.4359375
6 0.715625 0.4421875 0.684375 0.4421875 0.684375 0.4703125 0.715625 0.4703125
11 0.7296875 0.3281250000000001 0.7140625 0.3281250000000001 0.7140625 0.3515625000000001 0.7296875 0.3515625000000001
11 0.7453125 0.3375000000000001 0.73125 0.3375000000000001 0.73125 0.36406250000000007 0.7453125 0.36406250000000007
6 0.540625 0.4875 0.515625 0.4875 0.515625 0.5125 0.540625 0.5125
6 0.5515625 0.4875 0.53125 0.4875 0.53125 0.50625 0.5515625 0.50625
6 0.5625 0.496875 0.5453125 0.496875 0.5453125 0.521875 0.5625 0.521875
6 0.69375 0.3984375000000001 0.671875 0.3984375000000001 0.671875 0.4203125 0.69375 0.4203125
6 0.7203125 0.3906250000000001 0.690625 0.3906250000000001 0.690625 0.4140625 0.7203125 0.4140625
6 0.41718750000000016 0.765625 0.3828125000000001 0.765625 0.3828125000000001 0.7890625 0.41718750000000016 0.7890625
6 0.6734375 0.40625 0.6578125 0.40625 0.6578125 0.43125 0.6734375 0.43125
6 0.590625 0.471875 0.5640625 0.471875 0.5640625 0.490625 0.590625 0.490625
13 0.484375 0.6265625 0.471875 0.6265625 0.471875 0.6421875 0.484375 0.6421875
6 0.596875 0.559375 0.575 0.559375 0.575 0.584375 0.596875 0.584375
13 0.60625 0.628125 0.5890625 0.628125 0.5890625 0.646875 0.60625 0.646875
13 0.6328125 0.6015625 0.6234375 0.6015625 0.6234375 0.6140625 0.6328125 0.6140625