13 0.035937500000000094 0.75 0.015625000000000094 0.75 0.015625000000000094 0.771875 0.0359375000000001 0.771875
13 0.0718750000000001 0.909375 0.02968750000000011 0.909375 0.029687500000000117 0.959375 0.0718750000000001 0.959375
13 0.13593750000000013 0.921875 0.09218750000000012 0.921875 0.09218750000000012 0.9609375 0.13593750000000013 0.9609375
6 0.09531250000000006 0.4703125 0.04843750000000006 0.4703125 0.048437500000000064 0.521875 0.09531250000000006 0.521875
6 0.12500000000000006 0.4453125 0.08125000000000004 0.4453125 0.08125000000000006 0.471875 0.12500000000000006 0.471875
11 0.12656250000000008 0.546875 0.10156250000000008 0.546875 0.10156250000000008 0.6015625 0.12656250000000008 0.6015625
11 0.1390625000000001 0.5546875 0.11093750000000009 0.5546875 0.11093750000000009 0.609375 0.1390625000000001 0.609375
0 0.1703125000000001 0.5984375 0.15781250000000008 0.5984375 0.15781250000000008 0.6140625 0.1703125000000001 0.6140625
0 0.2218750000000001 0.7328125 0.21093750000000008 0.7328125 0.21093750000000008 0.746875 0.2218750000000001 0.746875
0 0.2406250000000001 0.709375 0.2250000000000001 0.709375 0.2250000000000001 0.728125 0.2406250000000001 0.728125
12 0.22031250000000008 0.6390625 0.1984375000000001 0.6390625 0.1984375000000001 0.665625 0.22031250000000008 0.665625
11 0.2328125000000001 0.7546875 0.2093750000000001 0.7546875 0.2093750000000001 0.7953125 0.2328125000000001 0.7953125
13 0.3078125000000001 0.734375 0.26250000000000007 0.734375 0.26250000000000007 0.775 0.3078125000000001 0.775
6 0.2890625000000001 0.7296875 0.27031250000000007 0.7296875 0.27031250000000007 0.75625 0.2890625000000001 0.75625
6 0.2093750000000001 0.5328125 0.14843750000000006 0.5328125 0.14843750000000006 0.5765625 0.2093750000000001 0.5765625
6 0.2296875000000001 0.4796875 0.18593750000000003 0.4796875 0.18593750000000003 0.5203125 0.2296875000000001 0.5203125
6 0.3921875000000001 0.5390625 0.3312500000000001 0.5390625 0.3312500000000001 0.596875 0.3921875000000001 0.596875
10 0.46875 0.3890625000000001 0.4109375 0.3890625000000001 0.4109375 0.428125 0.46875 0.428125
6 0.45 0.65625 0.3906250000000001 0.65625 0.3906250000000001 0.6921875 0.45 0.6921875
12 0.521875 0.625 0.4984375 0.625 0.4984375 0.65 0.521875 0.65
12 0.6015625 0.5265625 0.58125 0.5265625 0.58125 0.5453125 0.6015625 0.5453125
6 0.5703125 0.3203125000000001 0.5328125 0.3203125000000001 0.5328125 0.3421875000000001 0.5703125 0.3421875000000001
13 0.6125 0.3859375000000001 0.59375 0.3859375000000001 0.59375 0.40625 0.6125 0.40625
13 0.565625 0.3984375000000001 0.55 0.3984375000000001 0.55 0.41875 0.565625 0.41875
13 0.746875 0.534375 0.71875 0.534375 0.71875 0.5609375000000001 0.746875 0.5609375000000002
6 0.7828125 0.5343750000000002 0.7515625 0.5343750000000002 0.7515625 0.5687500000000002 0.7828125 0.5687500000000002
10 0.7484375 0.3609375000000001 0.6734375 0.3609375000000001 0.6734375 0.44218750000000007 0.7484375 0.4421875000000002
16 0.69375 0.3671875000000001 0.621875 0.3671875000000001 0.621875 0.403125 0.69375 0.403125
6 0.7453125 0.3343750000000001 0.6984375 0.3343750000000001 0.6984375 0.3625000000000001 0.7453125 0.3625000000000001
6 0.8875 0.3593750000000001 0.834375 0.3593750000000001 0.834375 0.3921875000000001 0.8875 0.3921875000000001
13 0.8859375 0.3203125000000001 0.865625 0.3203125000000001 0.865625 0.3390625000000001 0.8859375 0.3390625000000001
6 0.69375 0.4875 0.6765625 0.4875 0.6765625 0.5125 0.69375 0.5125
6 0.6296875 0.5984375 0.6109375 0.5984375 0.6109375 0.6125 0.6296875 0.6125
10 0.55 0.5546875 0.4953125 0.5546875 0.4953125 0.596875 0.55 0.596875
6 0.5515625 0.5015625 0.528125 0.5015625 0.528125 0.5234375 0.5515625 0.5234375
6 0.3890625000000001 0.74375 0.3609375000000001 0.74375 0.3609375000000001 0.7765625 0.3890625000000001 0.7765625
12 0.3500000000000001 0.63125 0.3265625000000001 0.63125 0.3265625000000001 0.659375 0.3500000000000001 0.659375
10 0.3296875000000001 0.628125 0.2890625000000001 0.628125 0.2890625000000001 0.6765625 0.3296875000000001 0.6765625
6 0.4703125 0.6 0.4515625 0.6 0.4515625 0.61875 0.4703125 0.61875
13 0.4359375000000001 0.721875 0.415625 0.721875 0.4156250000000001 0.75 0.4359375000000002 0.75
6 0.4625 0.3203125000000001 0.4296875 0.3203125000000001 0.4296875 0.3531250000000001 0.4625 0.3531250000000001
6 0.365625 0.30312500000000003 0.328125 0.303125 0.328125 0.3296875 0.365625 0.3296875000000001
10 0.3000000000000001 0.7 0.2468750000000001 0.7 0.2468750000000001 0.7421875 0.3000000000000001 0.7421875
13 0.6953125000000001 0.7171875 0.6421875 0.7171875 0.6421875000000001 0.7484375 0.6953125000000002 0.7484375
6 0.840625 0.4859375000000002 0.796875 0.4859375000000002 0.796875 0.5203125000000002 0.840625 0.5203125000000002
6 0.6671875 0.4171875 0.6515625 0.4171875 0.6515625 0.43125 0.6671875 0.43125
6 0.39531250000000007 0.6765625 0.3812500000000001 0.6765625 0.3812500000000001 0.6953125 0.39531250000000007 0.6953125
16 0.040625000000000064 0.478125 5.855342508423283e-17 0.478125 6.123233995736765e-17 0.521875 0.040625000000000064 0.521875
6 0.34062500000000007 0.346875 0.325 0.346875 0.32500000000000007 0.3640625 0.34062500000000007 0.3640625
13 0.940625 0.3968750000000001 0.9203125 0.3968750000000001 0.9203125 0.42500000000000016 0.940625 0.42500000000000016
13 0.9515625 0.3828125000000001 0.90625 0.3828125000000001 0.90625 0.4156250000000002 0.9515625 0.4156250000000002