13 0.05468750000000009 0.725 0.03906250000000009 0.725 0.03906250000000009 0.740625 0.05468750000000009 0.740625
10 0.425 0.4671875 0.3921875000000001 0.4671875 0.3921875000000001 0.484375 0.425 0.484375
11 0.428125 0.459375 0.4078125 0.459375 0.4078125 0.475 0.428125 0.475
11 0.4390625 0.45625 0.421875 0.45625 0.421875 0.4796875 0.4390625 0.4796875
11 0.4703125 0.453125 0.4359375 0.453125 0.4359375 0.484375 0.4703125 0.484375
11 0.490625 0.453125 0.4640625 0.453125 0.4640625 0.4859375 0.490625 0.4859375
13 0.5609375 0.5375 0.5390625 0.5375 0.5390625 0.565625 0.5609375 0.565625
0 0.5125 0.7 0.503125 0.7 0.503125 0.7109375 0.5125 0.7109375
13 0.4796875 0.5140625 0.4734375 0.5140625 0.4734375 0.525 0.4796875 0.525
10 0.7 0.446875 0.68125 0.446875 0.68125 0.4671875 0.7 0.4671875
10 0.8234375 0.5000000000000002 0.790625 0.5000000000000002 0.790625 0.5171875000000001 0.8234375 0.5171875000000001
11 0.771875 0.5765625000000002 0.734375 0.5765625000000002 0.734375 0.5984375000000002 0.771875 0.5984375000000002
10 0.79375 0.5937500000000002 0.7671875 0.5937500000000002 0.7671875 0.6109375000000001 0.79375 0.6109375000000001
10 0.6546875 0.55625 0.63125 0.55625 0.63125 0.5765625 0.6546875 0.5765625
13 0.559375 0.58125 0.5453125 0.58125 0.5453125 0.596875 0.559375 0.596875
12 0.6921875 0.4796875 0.6796875 0.4796875 0.6796875 0.490625 0.6921875 0.490625
13 0.65 0.440625 0.6359375 0.440625 0.6359375 0.4515625 0.65 0.4515625
10 0.996875 0.45625000000000016 0.9734375 0.45625000000000016 0.9734375 0.4781250000000002 0.996875 0.4781250000000002
10 0.5828125 0.6734375 0.5546875 0.6734375 0.5546875 0.7 0.5828125 0.7
10 0.66875 0.6609375 0.65 0.6609375 0.65 0.684375 0.66875 0.684375
12 0.440625 0.6734375 0.43125 0.6734375 0.43125 0.6890625 0.440625 0.6890625