6 0.05937500000000007 0.5875 7.1947999449907e-17 0.5875 7.443556326067506e-17 0.628125 0.05937500000000007 0.628125
6 0.07968750000000006 0.53125 0.03593750000000007 0.53125 0.03593750000000007 0.5671875 0.07968750000000006 0.5671875
0 0.0343750000000001 0.7828125 0.021875000000000096 0.7828125 0.021875000000000096 0.7984375 0.0343750000000001 0.7984375
0 0.0750000000000001 0.7875 0.06406250000000009 0.7875 0.06406250000000009 0.8015625 0.0750000000000001 0.8015625
0 0.02031250000000008 0.6546875 0.009375000000000081 0.6546875 0.009375000000000081 0.66875 0.020312500000000084 0.66875
12 0.0750000000000001 0.69375 0.05156250000000009 0.69375 0.05156250000000009 0.721875 0.0750000000000001 0.721875
11 0.0875000000000001 0.8125 0.06406250000000009 0.8125 0.0640625000000001 0.85 0.0875000000000001 0.85
13 0.16406250000000008 0.7890625 0.12343750000000009 0.7890625 0.12343750000000009 0.828125 0.16406250000000008 0.828125
6 0.2515625000000001 0.5828125 0.18906250000000008 0.5828125 0.18906250000000008 0.640625 0.2515625000000001 0.640625
6 0.3109375000000001 0.6984375 0.2484375000000001 0.6984375 0.2484375000000001 0.7359375 0.3109375000000001 0.7359375
13 0.2984375000000001 0.76875 0.27812500000000007 0.76875 0.27812500000000007 0.7921875 0.2984375000000001 0.7921875
12 0.3843750000000001 0.6625 0.3609375000000001 0.6625 0.3609375000000001 0.6859375 0.3843750000000001 0.6859375
12 0.4640625 0.559375 0.44375 0.559375 0.44375 0.5796875 0.4640625 0.5796875
13 0.4234375 0.4359375 0.4078125 0.4359375 0.4078125 0.453125 0.4234375 0.453125
13 0.4734375 0.421875 0.4546875 0.421875 0.4546875 0.4390625 0.4734375 0.4390625
16 0.5515625 0.4015625 0.478125 0.4015625 0.478125 0.4359375 0.5515625 0.4359375
6 0.553125 0.51875 0.5359375 0.51875 0.5359375 0.540625 0.553125 0.540625
13 0.60625 0.5671875 0.5796875 0.5671875 0.5796875 0.584375 0.60625 0.584375
6 0.6421875 0.5640625 0.609375 0.5640625 0.609375 0.596875 0.6421875 0.596875
10 0.6078125 0.38750000000000007 0.5328125 0.38750000000000007 0.5328125 0.4703125 0.6078125 0.4703125
6 0.528125 0.45 0.5125 0.45 0.5125 0.465625 0.528125 0.465625
6 0.603125 0.3609375000000001 0.55625 0.3609375000000001 0.55625 0.3890625000000001 0.603125 0.3890625000000001
6 0.43125 0.35625000000000007 0.39375 0.35625000000000007 0.39375000000000004 0.3765625000000001 0.43125 0.3765625000000001
6 0.32031250000000006 0.3609375 0.2890625 0.3609375 0.28906250000000006 0.390625 0.3203125000000001 0.390625
10 0.3265625000000001 0.4296875 0.27031250000000007 0.4296875 0.27031250000000007 0.4640625 0.3265625000000001 0.4640625
12 0.21093750000000008 0.6828125 0.18750000000000008 0.6828125 0.18750000000000008 0.7046875 0.21093750000000008 0.7046875
10 0.4125 0.5921875 0.3546875000000001 0.5921875 0.3546875000000001 0.634375 0.4125 0.634375
13 0.5578125000000002 0.7484375 0.5093750000000001 0.7484375 0.5093750000000001 0.7765625 0.5578125000000002 0.7765625
13 0.7390625 0.34843750000000007 0.71875 0.34843750000000007 0.71875 0.3656250000000001 0.7390625 0.3656250000000001
6 0.740625 0.3906250000000001 0.6921875 0.3906250000000001 0.6921875 0.41875000000000007 0.740625 0.4187500000000002
11 0.915625 0.4500000000000002 0.865625 0.4500000000000002 0.865625 0.4890625000000002 0.915625 0.4890625000000002
11 0.946875 0.43281250000000016 0.8875 0.43281250000000016 0.8875 0.4656250000000002 0.946875 0.4656250000000002
10 0.1921875000000001 0.6734375 0.1453125000000001 0.6734375 0.1453125000000001 0.7328125 0.1921875000000001 0.7328125
6 0.2515625000000001 0.790625 0.2218750000000001 0.790625 0.2218750000000001 0.825 0.2515625000000001 0.825
0 0.09687500000000009 0.765625 0.07812500000000008 0.765625 0.07812500000000008 0.784375 0.09687500000000009 0.784375
10 0.1609375000000001 0.7515625 0.10156250000000008 0.7515625 0.10156250000000008 0.7953125 0.1609375000000001 0.7953125
6 0.22187500000000004 0.346875 0.18281250000000004 0.346875 0.18281250000000004 0.365625 0.2218750000000001 0.365625
6 0.08437500000000009 0.7515625 0.057812500000000086 0.7515625 0.057812500000000086 0.7765625 0.08437500000000009 0.7765625
6 0.4109375 0.5375 0.38750000000000007 0.5375 0.38750000000000007 0.5578125 0.4109375 0.5578125
6 0.4921875 0.63125 0.4734375 0.63125 0.4734375 0.6484375 0.4921875 0.6484375
6 0.696875 0.509375 0.653125 0.509375 0.653125 0.5484375 0.696875 0.5484375