13 0.478125 0.5109375 0.4703125 0.5109375 0.4703125 0.521875 0.478125 0.521875
13 0.5578125 0.534375 0.5390625 0.534375 0.5390625 0.5625 0.5578125 0.5625
13 0.5578125 0.5796875 0.54375 0.5796875 0.54375 0.59375 0.5578125 0.59375
11 0.46875 0.4546875 0.4328125 0.4546875 0.4328125 0.478125 0.46875 0.478125
11 0.490625 0.4515625 0.4625 0.4515625 0.4625 0.4859375 0.490625 0.4859375
10 0.4234375 0.4625 0.3921875000000001 0.4625 0.3921875000000001 0.48125 0.4234375 0.48125
11 0.428125 0.4546875 0.40625 0.4546875 0.40625 0.4703125 0.428125 0.4703125
11 0.4390625 0.4546875 0.4203125 0.4546875 0.4203125 0.4765625 0.4390625 0.4765625
10 0.6984375 0.44375 0.68125 0.44375 0.68125 0.465625 0.6984375 0.465625
13 0.050000000000000086 0.7203125 0.034375000000000086 0.7203125 0.034375000000000086 0.7390625 0.050000000000000086 0.7390625
11 0.7640625 0.5750000000000002 0.7328125 0.5750000000000002 0.7328125 0.5953125000000001 0.7640625 0.5953125000000001
10 0.821875 0.4984375000000002 0.790625 0.4984375000000002 0.790625 0.5156250000000002 0.821875 0.5156250000000002
10 0.996875 0.4546875000000002 0.975 0.4546875000000002 0.975 0.47656250000000017 0.996875 0.47656250000000017
10 0.58125 0.6671875 0.553125 0.6671875 0.553125 0.7 0.58125 0.7
10 0.665625 0.6609375 0.646875 0.6609375 0.646875 0.68125 0.665625 0.68125
12 0.4390625 0.6734375 0.4265625 0.6734375 0.4265625 0.684375 0.4390625 0.684375
0 0.5125 0.6953125 0.5046875 0.6953125 0.5046875 0.7078125 0.5125 0.7078125
13 0.6515625 0.4375 0.6375 0.4375 0.6375 0.45 0.6515625 0.45
12 0.6921875 0.478125 0.6796875 0.478125 0.6796875 0.4921875 0.6921875 0.4921875