13 0.08750000000000009 0.690625 0.04531250000000009 0.690625 0.04531250000000009 0.73125 0.08750000000000009 0.73125
13 0.15000000000000008 0.6671875 0.08437500000000009 0.6671875 0.08437500000000009 0.7453125 0.15000000000000008 0.7453125
6 0.057812500000000065 0.4828125 0.015625000000000062 0.4828125 0.015625000000000062 0.51875 0.057812500000000065 0.51875
11 0.07031250000000011 0.878125 0.0015625000000001076 0.878125 0.0015625000000001096 0.9125 0.07031250000000011 0.9125
13 0.2796875000000001 0.721875 0.2093750000000001 0.721875 0.2093750000000001 0.803125 0.2796875000000001 0.803125
13 0.1984375000000001 0.7328125 0.17343750000000008 0.7328125 0.17343750000000008 0.753125 0.1984375000000001 0.753125
10 0.2375000000000001 0.8671875 0.1703125000000001 0.8671875 0.17031250000000012 0.94375 0.2375000000000001 0.94375
6 0.2531250000000001 0.871875 0.23437500000000008 0.871875 0.23437500000000008 0.90625 0.2531250000000001 0.90625
6 0.21875000000000008 0.865625 0.1859375000000001 0.865625 0.1859375000000001 0.8875 0.21875000000000008 0.8875
10 0.3437500000000001 0.821875 0.2250000000000001 0.821875 0.2250000000000001 0.9046875 0.3437500000000001 0.9046875
3 0.3312500000000001 0.775 0.28593750000000007 0.775 0.28593750000000007 0.828125 0.3312500000000001 0.828125
6 0.3921875000000001 0.8484375 0.3515625000000001 0.8484375 0.3515625000000001 0.896875 0.3921875000000001 0.896875
13 0.4187500000000002 0.809375 0.3859375000000001 0.809375 0.3859375000000001 0.8421875 0.4187500000000002 0.8421875
6 0.44062500000000016 0.8234375 0.3968750000000001 0.8234375 0.3968750000000001 0.85 0.44062500000000016 0.85
6 0.3937500000000001 0.7734375 0.2968750000000001 0.7734375 0.2968750000000001 0.8515625 0.3937500000000001 0.8515625
6 0.3703125000000001 0.7453125 0.32500000000000007 0.7453125 0.32500000000000007 0.7703125 0.3703125000000001 0.7703125
6 0.4593750000000002 0.7703125 0.3921875000000001 0.7703125 0.3921875000000001 0.8 0.4593750000000002 0.8
0 0.46406250000000016 0.7609375 0.44843750000000016 0.7609375 0.44843750000000016 0.7796875 0.46406250000000016 0.7796875
0 0.44375 0.7078125 0.428125 0.7078125 0.428125 0.7234375 0.44375 0.7234375
6 0.42187500000000017 0.75625 0.3984375000000001 0.75625 0.3984375000000001 0.778125 0.42187500000000017 0.778125
13 0.5171875000000001 0.834375 0.4906250000000002 0.834375 0.4906250000000002 0.859375 0.5171875000000001 0.859375
6 0.5156250000000002 0.7390625 0.4734375000000002 0.7390625 0.4734375000000002 0.80625 0.5156250000000002 0.80625
6 0.6343750000000001 0.8015625 0.5296875000000002 0.8015625 0.5296875000000002 0.8875 0.6343750000000001 0.8875
13 0.459375 0.51875 0.415625 0.51875 0.415625 0.5546875 0.459375 0.5546875
6 0.35625000000000007 0.6375 0.3218750000000001 0.6375 0.3218750000000001 0.6703125 0.35625000000000007 0.6703125
10 0.4375 0.596875 0.37187500000000007 0.596875 0.37187500000000007 0.64375 0.4375 0.64375
6 0.3187500000000001 0.4609375 0.2906250000000001 0.4609375 0.2906250000000001 0.4828125 0.3187500000000001 0.4828125
13 0.37968750000000007 0.559375 0.3546875000000001 0.559375 0.3546875000000001 0.6 0.37968750000000007 0.6
6 0.528125 0.4984375 0.4765625 0.4984375 0.4765625 0.5390625 0.528125 0.5390625
6 0.6765625 0.475 0.63125 0.475 0.63125 0.5265625 0.6765625 0.5265625
6 0.665625 0.4203125 0.5734375 0.4203125 0.5734375 0.546875 0.665625 0.546875
16 0.840625 0.4968750000000002 0.7546875 0.4968750000000002 0.7546875 0.5468750000000002 0.840625 0.5468750000000002
6 0.790625 0.42187500000000017 0.7328125 0.42187500000000017 0.7328125 0.46093750000000017 0.790625 0.46093750000000017
12 0.840625 0.42500000000000016 0.81875 0.42500000000000016 0.81875 0.4546875000000002 0.840625 0.4546875000000002
12 0.8234375 0.40937500000000016 0.8 0.40937500000000016 0.8 0.4281250000000002 0.8234375 0.4281250000000002
6 0.86875 0.44843750000000016 0.7921875 0.44843750000000016 0.7921875 0.5046875000000002 0.86875 0.5046875000000002
12 0.953125 0.6890625000000001 0.91875 0.6890625000000001 0.91875 0.7312500000000002 0.953125 0.7312500000000002
13 0.94375 0.6765625000000002 0.9203125 0.6765625000000002 0.9203125 0.7000000000000002 0.94375 0.7000000000000002
11 1 0.6640625000000002 0.971875 0.6640625000000002 0.971875 0.7515625000000001 1 0.7515625000000001
11 1 0.7843750000000002 0.9734375 0.7843750000000002 0.9734375 0.8828125 1 0.8828125
12 0.9578125 0.4078125000000002 0.93125 0.4078125000000002 0.93125 0.43281250000000016 0.9578125 0.43281250000000016
6 0.9765625 0.43750000000000017 0.9015625 0.43750000000000017 0.9015625 0.47968750000000016 0.9765625 0.47968750000000016
6 0.8125 0.3421875000000001 0.771875 0.3421875000000001 0.771875 0.36406250000000007 0.8125 0.36406250000000007
6 0.75625 0.34062500000000007 0.734375 0.34062500000000007 0.734375 0.3578125000000001 0.75625 0.3578125000000001
6 0.8953125 0.43281250000000016 0.85625 0.43281250000000016 0.85625 0.4703125000000002 0.8953125 0.4703125000000002
6 0.9390625 0.36406250000000007 0.915625 0.36406250000000007 0.915625 0.3843750000000001 0.9390625 0.3843750000000001
13 0.7687500000000002 0.865625 0.7437500000000001 0.865625 0.7437500000000001 0.9140625 0.7687500000000002 0.9140625
13 0.8625 0.871875 0.825 0.871875 0.825 0.915625 0.8625 0.915625
16 0.9890625 0.8234375 0.8390625 0.8234375 0.8390625 0.975 0.9890625 0.975
13 0.6968750000000001 0.7625 0.6703125000000002 0.7625 0.6703125000000002 0.7875 0.6968750000000001 0.7875
15 0.7687500000000002 0.7546875000000001 0.6468750000000002 0.7546875 0.6468750000000002 0.96875 0.7687500000000002 0.96875
13 0.565625 0.5515625 0.53125 0.5515625 0.53125 0.5859375 0.565625 0.5859375
6 0.540625 0.4546875 0.4890625 0.4546875 0.4890625 0.4828125 0.540625 0.4828125
0 0.5546875 0.453125 0.5390625 0.453125 0.5390625 0.465625 0.5546875 0.465625
12 0.4687500000000001 0.7171875 0.4375 0.7171875 0.4375000000000001 0.75 0.46875000000000017 0.75
15 0.6125 0.5796875 0.4984375 0.5796875 0.4984375 0.69375 0.6125 0.69375
6 0.39531250000000007 0.771875 0.3031250000000001 0.771875 0.3031250000000001 0.8546875 0.39531250000000007 0.8546875
0 0.625 0.70625 0.609375 0.70625 0.609375 0.725 0.625 0.725
6 0.571875 0.4984375 0.5171875 0.4984375 0.5171875 0.56875 0.571875 0.56875
6 0.75 0.5062500000000001 0.715625 0.50625 0.715625 0.5609375000000001 0.75 0.5609375000000002