12 0.07968750000000006 0.5234375 0.06562500000000007 0.5234375 0.06562500000000007 0.5453125 0.07968750000000006 0.5453125
12 0.2578125000000001 0.5265625 0.2406250000000001 0.5265625 0.2406250000000001 0.5484375 0.2578125000000001 0.5484375
12 0.07812500000000008 0.765625 0.05312500000000009 0.765625 0.05312500000000009 0.7984375 0.07812500000000008 0.7984375
11 0.4078125000000001 0.70625 0.36406250000000007 0.70625 0.36406250000000007 0.74375 0.4078125000000002 0.74375
13 0.16406250000000008 0.5859375 0.13437500000000008 0.5859375 0.13437500000000008 0.6171875 0.16406250000000008 0.6171875
12 0.2515625000000001 0.603125 0.23437500000000008 0.603125 0.23437500000000008 0.621875 0.2515625000000001 0.621875
13 0.4843750000000001 0.7109375 0.4578125 0.7109375 0.45781250000000007 0.73125 0.48437500000000017 0.73125
12 0.47656250000000017 0.7453125 0.4593750000000002 0.7453125 0.4593750000000002 0.7734375 0.47656250000000017 0.7734375
10 0.50625 0.6375 0.4328125 0.6375 0.4328125 0.6796875 0.50625 0.6796875
13 0.7250000000000001 0.7203125 0.7046875 0.7203125 0.7046875000000001 0.7453125 0.7250000000000002 0.7453125
10 0.5406250000000001 0.8015625 0.4968750000000002 0.8015625 0.4968750000000002 0.83125 0.5406250000000001 0.83125
10 0.24218750000000008 0.78125 0.2062500000000001 0.78125 0.2062500000000001 0.8046875 0.24218750000000008 0.8046875
13 0.2640625000000001 0.8046875 0.24218750000000008 0.8046875 0.24218750000000008 0.8265625 0.2640625000000001 0.8265625
10 0.46875000000000017 0.7625 0.4468750000000002 0.7625 0.4468750000000002 0.8125 0.46875000000000017 0.8125