6 0.4484375 0.5078125 0.3859375000000001 0.5078125 0.3859375000000001 0.5734375 0.4484375 0.5734375
6 0.5046875 0.6265625 0.44375 0.6265625 0.44375 0.6671875 0.5046875 0.6671875
6 0.525 0.5734375 0.50625 0.5734375 0.50625 0.5953125 0.525 0.5953125
6 0.5171875 0.2968750000000001 0.484375 0.2968750000000001 0.484375 0.3281250000000001 0.5171875 0.3281250000000001
6 0.421875 0.2750000000000001 0.3828125 0.2750000000000001 0.3828125 0.3031250000000001 0.421875 0.3031250000000001
6 0.625 0.29375000000000007 0.5859375 0.29375000000000007 0.5859375 0.3187500000000001 0.625 0.3187500000000001
6 0.753125 0.4625000000000002 0.73125 0.4625000000000002 0.73125 0.4890625000000002 0.753125 0.4890625000000002
6 0.9 0.46406250000000016 0.85625 0.46406250000000016 0.85625 0.5031250000000002 0.9 0.5031250000000002
6 0.8421875 0.5125000000000002 0.80625 0.5125000000000002 0.80625 0.5484375000000001 0.8421875 0.5484375000000001
6 0.6859375 0.571875 0.6640625 0.571875 0.6640625 0.59375 0.6859375 0.59375
6 0.2687500000000001 0.50625 0.20468750000000008 0.50625 0.20468750000000008 0.5484375 0.2687500000000001 0.5484375
6 0.28593750000000007 0.453125 0.24375000000000008 0.453125 0.24375000000000008 0.49375 0.28593750000000007 0.49375
6 0.17968750000000006 0.415625 0.13906250000000003 0.415625 0.13906250000000003 0.44375 0.17968750000000006 0.44375
6 0.15312500000000004 0.4421875 0.10937500000000004 0.4421875 0.10937500000000004 0.4890625 0.15312500000000004 0.4890625
6 0.07968750000000005 0.415625 0.050000000000000044 0.415625 0.050000000000000044 0.440625 0.07968750000000005 0.440625
13 0.05468750000000009 0.7625 0.006250000000000094 0.7625 0.006250000000000096 0.8015625 0.05468750000000009 0.8015625
13 0.12968750000000012 0.8671875 0.08593750000000011 0.8671875 0.08593750000000011 0.921875 0.12968750000000012 0.921875
13 0.19218750000000012 0.884375 0.15000000000000008 0.884375 0.1500000000000001 0.9328125 0.19218750000000012 0.9328125
13 0.3609375000000001 0.70625 0.3203125000000001 0.70625 0.3203125000000001 0.7484375 0.3609375000000001 0.7484375
6 0.3453125000000001 0.7 0.3218750000000001 0.7 0.3218750000000001 0.7265625 0.3453125000000001 0.7265625
10 0.35625000000000007 0.6703125 0.29375000000000007 0.6703125 0.29375000000000007 0.7203125 0.35625000000000007 0.7203125
10 0.3859375000000001 0.5984375 0.34062500000000007 0.5984375 0.34062500000000007 0.653125 0.3859375000000001 0.653125
12 0.40625 0.6078125 0.3812500000000001 0.6078125 0.3812500000000001 0.6328125 0.40625 0.6328125
6 0.4453125000000001 0.715625 0.4171875 0.715625 0.4171875000000001 0.7515625 0.44531250000000017 0.7515625
13 0.4921875 0.696875 0.471875 0.696875 0.471875 0.725 0.4921875 0.725
12 0.5765625 0.6015625 0.5515625 0.6015625 0.5515625 0.625 0.5765625 0.625
6 0.6046875 0.478125 0.5828125 0.478125 0.5828125 0.5 0.6046875 0.5
10 0.6078125 0.5328125 0.55 0.5328125 0.55 0.5703125 0.6078125 0.5703125
10 0.521875 0.3656250000000001 0.46875 0.3656250000000001 0.46875 0.4078125 0.521875 0.4078125
0 0.2765625000000001 0.7 0.2656250000000001 0.7 0.2656250000000001 0.715625 0.2765625000000001 0.715625
0 0.2953125000000001 0.68125 0.2796875000000001 0.68125 0.2796875000000001 0.6984375 0.2953125000000001 0.6984375
0 0.2250000000000001 0.571875 0.2140625000000001 0.571875 0.2140625000000001 0.584375 0.2250000000000001 0.584375
12 0.2750000000000001 0.609375 0.2515625000000001 0.609375 0.2515625000000001 0.634375 0.2750000000000001 0.634375
11 0.2875000000000001 0.7234375 0.2656250000000001 0.7234375 0.2656250000000001 0.7625 0.2875000000000001 0.7625
13 0.75 0.6968750000000001 0.696875 0.696875 0.696875 0.7250000000000001 0.75 0.7250000000000002
13 0.8046875 0.5187500000000002 0.775 0.5187500000000002 0.775 0.5359375000000002 0.8046875 0.5359375000000002
6 0.946875 0.3421875000000001 0.89375 0.3421875000000001 0.89375 0.37187500000000007 0.946875 0.37187500000000007
13 0.946875 0.3000000000000001 0.925 0.3000000000000001 0.925 0.3203125000000001 0.946875 0.3203125000000001
10 0.8046875 0.3343750000000001 0.728125 0.3343750000000001 0.728125 0.4203125000000002 0.8046875 0.4203125000000002
16 0.7515625 0.3468750000000001 0.6734375 0.3468750000000001 0.6734375 0.3812500000000001 0.7515625 0.3812500000000001
13 0.66875 0.36406250000000007 0.65 0.36406250000000007 0.65 0.3828125000000001 0.66875 0.3828125000000001
13 0.6203125 0.3750000000000001 0.6046875 0.3750000000000001 0.6046875 0.39531250000000007 0.6203125 0.39531250000000007
11 0.0640625000000001 0.928125 0.025000000000000112 0.928125 0.025000000000000116 0.9953125 0.0640625000000001 0.9953125
11 0.18281250000000007 0.5171875 0.15781250000000005 0.5171875 0.15781250000000008 0.56875 0.1828125000000001 0.56875
11 0.19687500000000008 0.528125 0.16875000000000004 0.528125 0.16875000000000007 0.578125 0.19687500000000008 0.578125
12 0.6578125 0.5046875 0.6359375 0.5046875 0.6359375 0.5234375 0.6578125 0.5234375
6 0.7234375 0.3921875000000001 0.709375 0.3921875000000001 0.709375 0.4109375 0.7234375 0.4109375
6 0.8046875 0.3125000000000001 0.75625 0.3125000000000001 0.75625 0.34062500000000007 0.8046875 0.34062500000000007
0 0.3531250000000001 0.41875 0.3437500000000001 0.41875 0.3437500000000001 0.43125 0.3531250000000001 0.43125
16 0.10468750000000004 0.4515625 0.012500000000000056 0.4515625 0.012500000000000058 0.5078125 0.10468750000000004 0.5078125
6 0.3953125 0.32500000000000007 0.3828125 0.32500000000000007 0.3828125 0.3359375000000001 0.3953125 0.3359375000000001
6 0.45 0.65 0.4328125 0.65 0.4328125 0.6671875 0.45 0.6671875
13 0.76875 0.2562500000000001 0.74375 0.2562500000000001 0.74375 0.2765625000000001 0.76875 0.2765625000000001
6 0.78125 0.2796875000000001 0.7625 0.2796875000000001 0.7625 0.2984375000000001 0.78125 0.2984375000000001
6 0.8890625 0.3890625000000001 0.8703125 0.3890625000000001 0.8703125 0.4078125000000002 0.8890625 0.4078125000000002
6 0.9046875 0.3750000000000001 0.8890625 0.3750000000000001 0.8890625 0.3921875000000001 0.9046875 0.3921875000000001
10 0.2609375000000001 0.9 0.1906250000000001 0.9 0.1906250000000001 1 0.2609375000000001 1
10 0.19843750000000013 0.9578125 0.11875000000000013 0.9578125 0.11875000000000013 1 0.19843750000000013 1
6 0.031250000000000104 0.859375 1.0524308430172568e-16 0.859375 1.0811335023722728e-16 0.90625 0.03125000000000011 0.90625
13 1 0.37968750000000007 0.98125 0.37968750000000007 0.98125 0.4046875000000002 1 0.4046875000000002
13 1 0.3671875000000001 0.9671875 0.3671875000000001 0.9671875 0.38750000000000007 1 0.38750000000000007
6 0.014062500000000061 0.5 6.123233995736766e-17 0.5 6.228477080038492e-17 0.5171875 0.014062500000000061 0.5171875
6 0.05468750000000007 0.4890625 0.029687500000000054 0.4890625 0.02968750000000006 0.50625 0.05468750000000007 0.50625
6 0.04531250000000005 0.40625 0.026562500000000044 0.40625 0.02656250000000005 0.421875 0.045312500000000054 0.421875
6 0.12031250000000004 0.4296875 0.10468750000000004 0.4296875 0.10468750000000004 0.453125 0.12031250000000004 0.453125
13 0.048437500000000105 0.8515625 0.0296875000000001 0.8515625 0.029687500000000106 0.8703125 0.04843750000000011 0.8703125
6 0.06250000000000011 0.8765625 0.04062500000000011 0.8765625 0.04062500000000011 0.89375 0.06250000000000011 0.89375
13 0.09375000000000008 0.71875 0.0750000000000001 0.71875 0.0750000000000001 0.7359375 0.09375000000000008 0.7359375