11 0.48906250000000007 0.6875 0.459375 0.6875 0.4593750000000001 0.7546875 0.4890625000000002 0.7546875
13 0.4265625 0.665625 0.3906250000000001 0.665625 0.3906250000000001 0.709375 0.4265625 0.709375
13 0.3937500000000001 0.66875 0.3765625000000001 0.66875 0.3765625000000001 0.6921875 0.3937500000000001 0.6921875
10 0.4265625 0.553125 0.3968750000000001 0.553125 0.3968750000000001 0.615625 0.4265625 0.615625
13 0.528125 0.6203125 0.4890625 0.6203125 0.4890625 0.659375 0.528125 0.659375
6 0.61875 0.6609375 0.5796875 0.6609375 0.5796875 0.6984375 0.61875 0.6984375
6 0.596875 0.6 0.559375 0.6 0.559375 0.6375 0.596875 0.6375
6 0.5703125 0.6625 0.5453125 0.6625 0.5453125 0.684375 0.5703125 0.684375
6 0.640625 0.571875 0.596875 0.571875 0.596875 0.6015625 0.640625 0.6015625
0 0.59375 0.565625 0.5859375 0.565625 0.5859375 0.5765625 0.59375 0.5765625
15 0.7125 0.546875 0.615625 0.546875 0.615625 0.6453125 0.7125 0.6453125
15 0.6109375 0.39531250000000007 0.55625 0.39531250000000007 0.55625 0.4375 0.6109375 0.4375
6 0.6078125 0.553125 0.5921875 0.553125 0.5921875 0.5796875 0.6078125 0.5796875
6 0.7 0.44375 0.6703125 0.44375 0.6703125 0.471875 0.7 0.471875
12 0.7046875 0.4921875 0.6875 0.4921875 0.6875 0.5109375 0.7046875 0.5109375
11 0.7203125 0.4546875 0.7046875 0.4546875 0.7046875 0.48125 0.7203125 0.48125
11 0.771875 0.4984375000000002 0.7515625 0.4984375000000002 0.7515625 0.5375000000000002 0.771875 0.5375000000000002
13 0.80625 0.5265625000000002 0.78125 0.5265625000000002 0.78125 0.5500000000000002 0.80625 0.5500000000000002
6 0.75 0.48906250000000007 0.7171875 0.4890625 0.7171875 0.5171875000000001 0.75 0.5171875000000001
6 0.79375 0.5484375000000001 0.775 0.5484375000000001 0.775 0.5656250000000002 0.79375 0.5656250000000002
16 0.8015625 0.5515625000000001 0.709375 0.5515625 0.709375 0.5953125000000001 0.8015625 0.5953125000000001
15 0.815625 0.4609375000000001 0.7234375 0.4609375 0.7234375 0.5265625 0.815625 0.5265625000000002
6 0.8 0.3500000000000001 0.76875 0.3500000000000001 0.76875 0.3703125000000001 0.8 0.3703125000000001
6 0.7859375 0.3296875000000001 0.7671875 0.3296875000000001 0.7671875 0.34843750000000007 0.7859375 0.34843750000000007
11 0.7296875 0.3390625000000001 0.7171875 0.3390625000000001 0.7171875 0.3656250000000001 0.7296875 0.3656250000000001
11 0.715625 0.3265625000000001 0.7015625 0.3265625000000001 0.7015625 0.3531250000000001 0.715625 0.3531250000000001
6 0.909375 0.42968750000000017 0.871875 0.42968750000000017 0.871875 0.4500000000000002 0.909375 0.4500000000000002
10 0.9 0.5093750000000001 0.859375 0.5093750000000001 0.859375 0.5421875000000002 0.9 0.5421875000000002
11 0.828125 0.5703125000000002 0.8015625 0.5703125000000002 0.8015625 0.6015625000000002 0.828125 0.6015625000000002
0 0.3625000000000001 0.775 0.3546875000000001 0.775 0.3546875000000001 0.7890625 0.3625000000000001 0.7890625
10 0.3859375000000001 0.725 0.3234375000000001 0.725 0.3234375000000001 0.8 0.3859375000000001 0.8
12 0.2078125000000001 0.7765625 0.18750000000000008 0.7765625 0.18750000000000008 0.8046875 0.2078125000000001 0.8046875
10 0.1906250000000001 0.7796875 0.16406250000000008 0.7796875 0.16406250000000008 0.821875 0.1906250000000001 0.821875
6 0.528125 0.49375 0.5046875 0.49375 0.5046875 0.515625 0.528125 0.515625
6 0.540625 0.4921875 0.521875 0.4921875 0.521875 0.509375 0.540625 0.509375
6 0.5765625 0.528125 0.55 0.528125 0.55 0.559375 0.5765625 0.559375
13 0.471875 0.63125 0.459375 0.63125 0.459375 0.6453125 0.471875 0.6453125
6 0.584375 0.5625 0.5609375 0.5625 0.5609375 0.5859375 0.584375 0.5859375
3 0.5890625 0.58125 0.565625 0.58125 0.565625 0.609375 0.5890625 0.609375
10 0.5734375 0.634375 0.5171875 0.634375 0.5171875 0.69375 0.5734375 0.69375
13 0.59375 0.63125 0.5765625 0.63125 0.5765625 0.6484375 0.59375 0.6484375
13 0.6203125 0.6046875 0.6109375 0.6046875 0.6109375 0.6171875 0.6203125 0.6171875