13 0.4546875 0.6390625 0.4046875 0.6390625 0.4046875 0.6828125 0.4546875 0.6828125
11 0.5125 0.659375 0.484375 0.659375 0.484375 0.725 0.5125 0.725
10 0.553125 0.59375 0.515625 0.59375 0.515625 0.6328125 0.553125 0.6328125
10 0.4546875 0.53125 0.425 0.53125 0.425 0.584375 0.4546875 0.584375
3 0.6125 0.559375 0.5890625 0.559375 0.5890625 0.584375 0.6125 0.584375
11 0.8046875 0.4750000000000002 0.7859375 0.4750000000000002 0.7859375 0.5203125000000002 0.8046875 0.5203125000000002
11 0.8625 0.5484375000000001 0.8328125 0.5484375000000001 0.8328125 0.5765625000000002 0.8625 0.5765625000000002
16 0.8359375 0.5406250000000001 0.771875 0.5406250000000001 0.771875 0.5812500000000002 0.8359375 0.5812500000000002
10 0.6453125 0.640625 0.60625 0.640625 0.60625 0.6734375 0.6453125 0.6734375
10 0.5609375 0.4859375 0.534375 0.4859375 0.534375 0.515625 0.5609375 0.515625
10 0.6671875 0.5515625 0.621875 0.5515625 0.621875 0.5765625 0.6671875 0.5765625
12 0.7390625 0.4718750000000001 0.721875 0.471875 0.721875 0.48906250000000007 0.7390625 0.4890625000000002
11 0.746875 0.3062500000000001 0.734375 0.3062500000000001 0.734375 0.3265625000000001 0.746875 0.3265625000000001
11 0.7625 0.3140625000000001 0.7484375 0.3140625000000001 0.7484375 0.3390625000000001 0.7625 0.3390625000000001
11 0.7515625 0.4343750000000002 0.7359375 0.4343750000000002 0.7359375 0.4578125000000002 0.7515625 0.4578125000000002
10 0.7531250000000002 0.7328125000000001 0.7046875000000001 0.7328125 0.7046875000000001 0.7828125000000001 0.7531250000000002 0.7828125000000001
10 0.41875000000000007 0.6953125 0.35625000000000007 0.6953125 0.35625000000000007 0.7671875 0.4187500000000002 0.7671875
0 0.3937500000000001 0.74375 0.3828125000000001 0.74375 0.3828125000000001 0.7578125 0.3937500000000001 0.7578125
12 0.24375000000000008 0.7390625 0.2218750000000001 0.7390625 0.2218750000000001 0.7671875 0.24375000000000008 0.7671875