13 0.45 0.64375 0.3984375000000001 0.64375 0.3984375000000001 0.6890625 0.45 0.6890625
10 0.4203125000000001 0.6984375 0.3500000000000001 0.6984375 0.3500000000000001 0.7765625 0.4203125000000002 0.7765625
0 0.3859375000000001 0.7515625 0.3781250000000001 0.7515625 0.3781250000000001 0.765625 0.3859375000000001 0.765625
11 0.5062500000000001 0.6671875 0.478125 0.6671875 0.4781250000000001 0.7328125 0.5062500000000002 0.7328125
13 0.5484375 0.603125 0.5109375 0.603125 0.5109375 0.6375 0.5484375 0.6375
13 0.640625 0.646875 0.6015625 0.646875 0.6015625 0.6796875 0.640625 0.6796875
10 0.7484375000000002 0.7375 0.6984375000000002 0.7375 0.6984375000000002 0.7890625000000001 0.7484375000000002 0.7890625000000002
3 0.60625 0.565625 0.584375 0.565625 0.584375 0.59375 0.60625 0.59375
16 0.828125 0.5468750000000002 0.7671875 0.5468750000000002 0.7671875 0.5828125000000002 0.828125 0.5828125000000002
12 0.7328125 0.4765625000000001 0.7125 0.4765625 0.7125 0.4953125000000001 0.7328125 0.49531250000000016
11 0.7453125 0.4390625000000002 0.7296875 0.4390625000000002 0.7296875 0.46093750000000017 0.7453125 0.46093750000000017
11 0.7984375 0.4828125000000002 0.7796875 0.4828125000000002 0.7796875 0.5171875000000001 0.7984375 0.5171875000000001
11 0.7546875 0.3218750000000001 0.740625 0.3218750000000001 0.740625 0.3468750000000001 0.7546875 0.3468750000000001
11 0.7390625 0.3125000000000001 0.728125 0.3125000000000001 0.728125 0.3375000000000001 0.7390625 0.3375000000000001
10 0.4484375 0.5359375 0.41875 0.5359375 0.41875 0.59375 0.4484375 0.59375