11 0.471875 0.4421875 0.4359375 0.4421875 0.4359375 0.4671875 0.471875 0.4671875
11 0.4921875 0.4359375 0.465625 0.4359375 0.465625 0.4703125 0.4921875 0.4703125
11 0.440625 0.4421875 0.4234375 0.4421875 0.4234375 0.465625 0.440625 0.465625
10 0.703125 0.4296875 0.6828125 0.4296875 0.6828125 0.45 0.703125 0.45
10 0.14218750000000008 0.778125 0.10468750000000009 0.778125 0.10468750000000009 0.80625 0.14218750000000008 0.80625
10 0.8234375 0.4781250000000002 0.7921875 0.4781250000000002 0.7921875 0.4984375000000002 0.8234375 0.4984375000000002
10 0.9953125 0.43281250000000016 0.9734375 0.43281250000000016 0.9734375 0.4578125000000002 0.9953125 0.4578125000000002
10 0.5890625 0.6546875 0.5625 0.6546875 0.5625 0.6828125 0.5890625 0.6828125
13 0.5625 0.5234375 0.5421875 0.5234375 0.5421875 0.55 0.5625 0.55
11 0.7703125 0.5578125000000002 0.7359375 0.5578125000000002 0.7359375 0.5781250000000002 0.7703125 0.5781250000000002
13 0.484375 0.5 0.4765625 0.5 0.4765625 0.5109375 0.484375 0.5109375
10 0.6734375 0.6453125 0.6546875 0.6453125 0.6546875 0.665625 0.6734375 0.665625
13 0.565625 0.565625 0.5515625 0.565625 0.5515625 0.578125 0.565625 0.578125
12 0.4484375 0.659375 0.4375 0.659375 0.4375 0.671875 0.4484375 0.671875
0 0.5171875 0.6828125 0.5078125 0.6828125 0.5078125 0.6953125 0.5171875 0.6953125
13 0.06250000000000008 0.7171875 0.04687500000000009 0.7171875 0.04687500000000009 0.7328125 0.06250000000000008 0.7328125
11 0.4296875 0.446875 0.4125 0.446875 0.4125 0.4625 0.4296875 0.4625