8 0.22812500000000008 0.5 0.20312500000000008 0.5 0.20312500000000008 0.55625 0.22812500000000008 0.55625
8 0.24218750000000008 0.509375 0.2140625000000001 0.509375 0.2140625000000001 0.5609375 0.24218750000000008 0.5609375
6 0.19843750000000004 0.4265625 0.15625000000000006 0.4265625 0.15625000000000006 0.4703125 0.19843750000000004 0.4703125
6 0.12656250000000005 0.4 0.09531250000000005 0.4 0.09531250000000005 0.4234375 0.12656250000000005 0.4234375
6 0.22656250000000008 0.396875 0.18593750000000003 0.396875 0.18593750000000003 0.4265625 0.22656250000000008 0.4265625
6 0.3140625000000001 0.490625 0.2531250000000001 0.490625 0.2531250000000001 0.5296875 0.3140625000000001 0.5296875
6 0.3312500000000001 0.4375 0.2906250000000001 0.4375 0.2906250000000001 0.475 0.3312500000000001 0.475
0 0.2718750000000001 0.553125 0.2593750000000001 0.553125 0.2593750000000001 0.5671875 0.2718750000000001 0.5671875
9 0.17343750000000008 0.8484375 0.13281250000000008 0.8484375 0.13281250000000008 0.8953125 0.17343750000000008 0.8953125
3 0.2375000000000001 0.8640625 0.19687500000000008 0.8640625 0.19687500000000008 0.9015625 0.2375000000000001 0.9015625
9 0.10312500000000009 0.7359375 0.04843750000000009 0.7359375 0.04843750000000009 0.775 0.10312500000000009 0.775
9 0.0640625000000001 0.8796875 0.03125000000000011 0.8796875 0.03125000000000011 0.9078125 0.0640625000000001 0.9078125
8 0.1109375000000001 0.9046875 0.07500000000000011 0.9046875 0.07500000000000011 0.965625 0.11093750000000013 0.965625
7 0.07343750000000011 0.8375 0.0343750000000001 0.8375 0.03437500000000011 0.878125 0.07343750000000011 0.878125
9 0.06093750000000009 0.653125 0.03281250000000008 0.653125 0.032812500000000085 0.68125 0.06093750000000009 0.68125
6 0.05312500000000005 0.38125 4.6689659217492845e-17 0.38125 4.860316984116058e-17 0.4125 0.05312500000000005 0.4125
16 0.15156250000000004 0.4296875 0.06250000000000004 0.4296875 0.06250000000000006 0.4890625 0.15156250000000004 0.4890625
9 0.14218750000000008 0.6984375 0.1218750000000001 0.6984375 0.1218750000000001 0.7125 0.14218750000000008 0.7125
10 0.26250000000000007 0.934375 0.16406250000000014 0.934375 0.16406250000000014 1 0.26250000000000007 1
7 0.3078125000000001 0.878125 0.23593750000000008 0.878125 0.23593750000000008 0.9890625 0.3078125000000001 0.9890625
11 0.3312500000000001 0.7 0.30937500000000007 0.7 0.30937500000000007 0.74375 0.3312500000000001 0.74375
0 0.3218750000000001 0.6796875 0.3078125000000001 0.6796875 0.3078125000000001 0.7 0.3218750000000001 0.7
9 0.2843750000000001 0.675 0.2734375000000001 0.675 0.2734375000000001 0.6875 0.2843750000000001 0.6875
0 0.3390625000000001 0.6609375 0.3234375000000001 0.6609375 0.3234375000000001 0.68125 0.3390625000000001 0.68125
6 0.3312500000000001 0.6484375 0.3062500000000001 0.6484375 0.3062500000000001 0.6734375 0.3312500000000001 0.6734375
12 0.3203125000000001 0.590625 0.2968750000000001 0.590625 0.2968750000000001 0.61875 0.3203125000000001 0.61875
6 0.38750000000000007 0.684375 0.3687500000000001 0.684375 0.3687500000000001 0.709375 0.38750000000000007 0.709375
10 0.4015625 0.653125 0.34843750000000007 0.653125 0.34843750000000007 0.696875 0.4015625 0.696875
13 0.4078125000000001 0.6921875 0.36406250000000007 0.6921875 0.36406250000000007 0.728125 0.4078125000000002 0.728125
10 0.428125 0.5859375 0.38750000000000007 0.5859375 0.38750000000000007 0.6359375 0.428125 0.6359375
12 0.4484375 0.5890625 0.425 0.5890625 0.425 0.6171875 0.4484375 0.6171875
6 0.4921875 0.496875 0.4328125 0.496875 0.4328125 0.5546875 0.4921875 0.5546875
6 0.5484375 0.6109375 0.490625 0.6109375 0.490625 0.65 0.5484375 0.65
6 0.49375 0.6359375 0.4796875 0.6359375 0.4796875 0.65 0.49375 0.65
13 0.534375 0.68125 0.5140625 0.68125 0.5140625 0.7078125 0.534375 0.7078125
6 0.48906250000000007 0.696875 0.459375 0.696875 0.4593750000000001 0.7328125 0.4890625000000002 0.7328125
12 0.6203125 0.584375 0.596875 0.584375 0.596875 0.6078125 0.6203125 0.6078125
6 0.5671875 0.5578125 0.5515625 0.5578125 0.5515625 0.5765625 0.5671875 0.5765625
10 0.6484375 0.5171875 0.5921875 0.5171875 0.5921875 0.5578125 0.6484375 0.5578125
12 0.7015625 0.4890625 0.68125 0.4890625 0.68125 0.509375 0.7015625 0.509375
6 0.7296875 0.5609375000000001 0.709375 0.5609375 0.709375 0.5750000000000001 0.7296875 0.5750000000000002
6 0.7953125 0.4546875000000002 0.7765625 0.4546875000000002 0.7765625 0.4750000000000002 0.7953125 0.4750000000000002
6 0.7828125 0.5906250000000002 0.7671875 0.5906250000000002 0.7671875 0.6015625000000002 0.7828125 0.6015625000000002
6 0.6484375 0.4609375 0.6265625 0.4609375 0.6265625 0.4828125 0.6484375 0.4828125
6 0.8859375 0.5000000000000002 0.8515625 0.5000000000000002 0.8515625 0.5375000000000002 0.8859375 0.5375000000000002
6 0.9453125 0.45312500000000017 0.8984375 0.45312500000000017 0.8984375 0.4890625000000002 0.9453125 0.4890625000000002
6 0.99375 0.3312500000000001 0.940625 0.3312500000000001 0.940625 0.3578125000000001 0.99375 0.3578125000000001
6 0.85 0.2953125000000001 0.8015625 0.2953125000000001 0.8015625 0.3265625000000001 0.85 0.3265625000000001
10 0.8484375 0.3234375000000001 0.7734375 0.3234375000000001 0.7734375 0.4031250000000002 0.8484375 0.4031250000000002
16 0.7953125 0.33281250000000007 0.7171875 0.33281250000000007 0.7171875 0.3671875000000001 0.7953125 0.3671875000000001
13 0.7125 0.3531250000000001 0.6921875 0.3531250000000001 0.6921875 0.3687500000000001 0.7125 0.3687500000000001
13 0.665625 0.3609375000000001 0.6484375 0.3609375000000001 0.6484375 0.37968750000000007 0.665625 0.37968750000000007
13 0.99375 0.2890625000000001 0.971875 0.2890625000000001 0.971875 0.3078125000000001 0.99375 0.3078125000000001
6 0.66875 0.2796875000000001 0.63125 0.2796875000000001 0.63125 0.3046875000000001 0.66875 0.3046875000000001
6 0.5609375 0.2843750000000001 0.528125 0.2843750000000001 0.528125 0.3140625000000001 0.5609375 0.3140625000000001
10 0.565625 0.3468750000000001 0.5109375 0.3468750000000001 0.5109375 0.3984375000000001 0.565625 0.3984375000000001
6 0.4671875 0.26250000000000007 0.4265625 0.26250000000000007 0.4265625 0.2875000000000001 0.4671875 0.2875000000000001
6 0.04375000000000005 0.4484375 0.026562500000000055 0.4484375 0.026562500000000055 0.4671875 0.04375000000000005 0.4671875
6 0.06406250000000006 0.4796875 0.045312500000000054 0.4796875 0.04531250000000006 0.5 0.06406250000000006 0.5
6 0.08437500000000005 0.425 0.06406250000000005 0.425 0.06406250000000005 0.4453125 0.08437500000000005 0.4453125
6 0.02343750000000006 0.46875 0.003125000000000057 0.46875 0.0031250000000000583 0.4859375 0.023437500000000062 0.4859375
9 0.0953125000000001 0.825 0.07812500000000011 0.825 0.07812500000000011 0.84375 0.0953125000000001 0.84375
7 0.040625000000000105 0.8359375 0.0031250000000001025 0.8359375 0.0031250000000001047 0.86875 0.04062500000000011 0.86875
9 0.02343750000000011 0.8921875 0.001562500000000109 0.8921875 0.0015625000000001102 0.9140625 0.02343750000000011 0.9140625
6 0.057812500000000065 0.553125 0.032812500000000064 0.553125 0.032812500000000064 0.5734375 0.057812500000000065 0.5734375
9 0.050000000000000086 0.7484375 0.021875000000000096 0.7484375 0.021875000000000096 0.771875 0.050000000000000086 0.771875
13 0.7953125 0.6828125000000002 0.740625 0.6828125000000002 0.740625 0.7109375000000002 0.7953125 0.7109375000000002
13 0.85 0.5031250000000002 0.8203125 0.5031250000000002 0.8203125 0.5250000000000001 0.85 0.5250000000000001
6 0.93125 0.3765625000000001 0.915625 0.3765625000000001 0.915625 0.3921875000000001 0.93125 0.3921875000000001
6 0.95 0.36406250000000007 0.934375 0.36406250000000007 0.934375 0.3781250000000001 0.95 0.3781250000000001
13 0.8140625 0.2406250000000001 0.7890625 0.2406250000000001 0.7890625 0.2609375000000001 0.8140625 0.2609375000000001