11 0.5234375 0.6046875 0.4875 0.6046875 0.4875 0.659375 0.5234375 0.659375
3 0.428125 0.5921875 0.3765625000000001 0.5921875 0.3765625000000001 0.628125 0.428125 0.628125
1 0.415625 0.540625 0.3890625000000001 0.540625 0.3890625000000001 0.5609375 0.415625 0.5609375
11 0.6796875 0.553125 0.63125 0.553125 0.63125 0.5828125 0.6796875 0.5828125
0 0.3421875000000001 0.565625 0.3234375000000001 0.565625 0.3234375000000001 0.575 0.3421875000000001 0.575
11 0.471875 0.46875 0.446875 0.46875 0.446875 0.49375 0.471875 0.49375
11 0.5015625 0.46875 0.4765625 0.46875 0.4765625 0.5046875 0.5015625 0.5046875
3 0.478125 0.4875 0.434375 0.4875 0.434375 0.5125 0.478125 0.5125
11 0.559375 0.4671875 0.5046875 0.4671875 0.5046875 0.5 0.559375 0.5
15 0.5359375 0.453125 0.4859375 0.453125 0.4859375 0.4796875 0.5359375 0.4796875
11 0.5828125 0.4546875 0.521875 0.4546875 0.521875 0.484375 0.5828125 0.484375
15 0.625 0.4609375 0.578125 0.4609375 0.578125 0.475 0.625 0.475
11 0.6796875 0.4546875 0.6515625 0.4546875 0.6515625 0.4828125 0.6796875 0.4828125
15 0.7296875 0.5984375000000001 0.6859375 0.5984375 0.6859375 0.6234375000000001 0.7296875 0.6234375000000002
13 0.8078125 0.5140625000000002 0.7484375 0.5140625000000002 0.7484375 0.5484375000000001 0.8078125 0.5484375000000001
15 0.9296875 0.4031250000000002 0.8984375 0.4031250000000002 0.8984375 0.4187500000000002 0.9296875 0.4187500000000002
11 0.584375 0.30156250000000007 0.55625 0.30156250000000007 0.55625 0.3140625000000001 0.584375 0.3140625000000001
15 0.7828125 0.2562500000000001 0.76875 0.2562500000000001 0.76875 0.2656250000000001 0.7828125 0.2656250000000001
15 0.803125 0.2843750000000001 0.778125 0.2843750000000001 0.778125 0.2968750000000001 0.803125 0.2968750000000001
11 0.4546875 0.3421875000000001 0.4140625 0.3421875000000001 0.4140625 0.36406250000000007 0.4546875 0.36406250000000007
11 0.4140625 0.30937500000000007 0.3734375 0.30937500000000007 0.3734375 0.3203125000000001 0.4140625 0.3203125000000001
11 0.35625 0.309375 0.3171875 0.309375 0.3171875 0.3234375 0.35625 0.3234375
11 0.2828125 0.2828125 0.2625 0.2828125 0.2625 0.29375 0.2828125 0.29375
3 0.16562500000000005 0.365625 0.14531250000000004 0.365625 0.14531250000000004 0.3796875 0.16562500000000005 0.3796875
1 0.2203125 0.2953125 0.2046875 0.2953125 0.2046875 0.3078125 0.2203125 0.3078125
1 0.228125 0.3078125 0.2015625 0.3078125 0.2015625 0.3171875 0.228125 0.3171875
11 0.3859375 0.25468750000000007 0.359375 0.2546875 0.359375 0.26562500000000006 0.3859375 0.2656250000000001
11 0.2421875 0.26875 0.2140625 0.26875 0.2140625 0.28125 0.2421875 0.28125
16 0.446875 0.26250000000000007 0.4015625 0.26250000000000007 0.4015625 0.27031250000000007 0.446875 0.27031250000000007
16 0.10781250000000005 0.26875 0.059375000000000025 0.26875 0.05937500000000003 0.2828125 0.10781250000000005 0.2828125
16 0.08281250000000004 0.3875 0.01875000000000005 0.3875 0.01875000000000005 0.3953125 0.08281250000000004 0.3953125
16 0.3125000000000001 0.371875 0.12812500000000004 0.371875 0.12812500000000004 0.3875 0.3125000000000001 0.3875
15 0.18750000000000006 0.33125 0.15312500000000004 0.33125 0.15312500000000004 0.340625 0.18750000000000006 0.340625
3 0.3734375 0.26406250000000003 0.3546875 0.2640625 0.3546875 0.275 0.3734375 0.2750000000000001
11 0.4609375 0.34062500000000007 0.428125 0.34062500000000007 0.428125 0.3531250000000001 0.4609375 0.3531250000000001
15 0.55625 0.2828125000000001 0.540625 0.2828125000000001 0.540625 0.2890625000000001 0.55625 0.2890625000000001
0 0.8328125 0.3625000000000001 0.821875 0.3625000000000001 0.821875 0.3703125000000001 0.8328125 0.3703125000000001
11 0.334375 0.19062500000000004 0.3046875 0.19062500000000004 0.3046875 0.203125 0.334375 0.203125
11 0.3828125 0.20000000000000004 0.359375 0.2 0.359375 0.20781250000000004 0.3828125 0.2078125000000001
1 0.4234375 0.19687500000000005 0.40625 0.19687500000000005 0.40625 0.20468750000000008 0.4234375 0.20468750000000008
11 0.584375 0.18906250000000008 0.5640625 0.18906250000000008 0.5640625 0.19687500000000008 0.584375 0.19687500000000008
11 0.871875 0.1703125000000001 0.8375 0.1703125000000001 0.8375 0.1828125000000001 0.871875 0.1828125000000001
11 0.9609375 0.15156250000000013 0.9453125 0.15156250000000013 0.9453125 0.15937500000000013 0.9609375 0.15937500000000013
0 0.5625000000000002 0.796875 0.5375000000000002 0.796875 0.5375000000000002 0.8125 0.5625000000000002 0.8125
10 0.3812500000000001 0.553125 0.27812500000000007 0.553125 0.27812500000000007 0.6015625 0.3812500000000001 0.6015625
15 0.037500000000000075 0.5765625 7.060854201333958e-17 0.5765625 7.280907923055748e-17 0.6125 0.037500000000000075 0.6125
15 0.09531250000000006 0.528125 0.050000000000000065 0.528125 0.050000000000000065 0.5453125 0.09531250000000006 0.5453125
11 0.490625 0.6296875 0.3609375000000001 0.6296875 0.3609375000000001 0.6703125 0.490625 0.6703125
11 0.3812500000000001 0.64375 0.3500000000000001 0.64375 0.3500000000000001 0.6953125 0.3812500000000001 0.6953125
0 0.6453125 0.603125 0.6359375 0.603125 0.6359375 0.6109375 0.6453125 0.6109375
0 0.55 0.61875 0.534375 0.61875 0.534375 0.628125 0.55 0.628125
15 0.8265625 0.5468750000000002 0.7953125 0.5468750000000002 0.7953125 0.5593750000000002 0.8265625 0.5593750000000002
16 0.840625 0.5250000000000001 0.8109375 0.5250000000000001 0.8109375 0.5343750000000002 0.840625 0.5343750000000002
15 0.653125 0.2984375000000001 0.6375 0.2984375000000001 0.6375 0.3109375000000001 0.653125 0.3109375000000001
15 0.55 0.3046875000000001 0.4890625 0.3046875000000001 0.4890625 0.32500000000000007 0.55 0.32500000000000007
15 0.6875 0.2718750000000001 0.5296875 0.2718750000000001 0.5296875 0.3046875000000001 0.6875 0.3046875000000001
16 0.7328125 0.3156250000000001 0.7015625 0.3156250000000001 0.7015625 0.3234375000000001 0.7328125 0.3234375000000001
11 0.09218750000000002 0.190625 0.05625000000000002 0.190625 0.05625000000000002 0.203125 0.09218750000000002 0.203125
11 0.265625 0.19687500000000005 0.2515625 0.19687500000000005 0.2515625 0.20625 0.265625 0.20625
3 0.8390625 0.1921875000000001 0.8265625 0.1921875000000001 0.8265625 0.20312500000000008 0.8390625 0.20312500000000008