11 0.6515625 0.4421875 0.603125 0.4421875 0.603125 0.4609375 0.6515625 0.4609375
11 0.5203125 0.3906250000000001 0.4671875 0.3906250000000001 0.4671875 0.40625 0.5203125 0.40625
1 0.7421875 0.37187500000000007 0.7296875 0.37187500000000007 0.7296875 0.3812500000000001 0.7421875 0.3812500000000001
11 0.06406250000000005 0.434375 0.026562500000000055 0.434375 0.026562500000000055 0.4484375 0.06406250000000005 0.4484375
13 0.2640625000000001 0.675 0.23437500000000008 0.675 0.23437500000000008 0.6953125 0.2640625000000001 0.6953125
16 0.17187500000000006 0.3609375 0.12031250000000004 0.3609375 0.12031250000000004 0.36875 0.17187500000000006 0.36875
11 0.259375 0.2796875 0.2359375 0.2796875 0.2359375 0.2875 0.259375 0.2875
11 0.19062500000000004 0.2703125 0.17343750000000005 0.2703125 0.17343750000000005 0.275 0.19062500000000004 0.275
11 0.7171875 0.3140625000000001 0.690625 0.3140625000000001 0.690625 0.3218750000000001 0.7171875 0.3218750000000001
10 0.7 0.490625 0.603125 0.490625 0.603125 0.5203125 0.7 0.5203125
0 0.4046875000000002 0.8875 0.3812500000000001 0.8875 0.3812500000000001 0.9015625 0.4046875000000002 0.9015625
16 0.42968750000000017 0.8859375 0.34843750000000007 0.8859375 0.34843750000000007 0.91875 0.42968750000000017 0.91875
16 0.7468750000000002 0.940625 0.7062500000000002 0.940625 0.7062500000000002 0.978125 0.7468750000000002 0.978125