11 0.2625 0.2921875 0.234375 0.2921875 0.234375 0.3203125 0.2625 0.3203125
11 0.4765625 0.3375000000000001 0.4296875 0.3375000000000001 0.4296875 0.3812500000000001 0.4765625 0.3812500000000001
15 0.5015625 0.3468750000000001 0.4703125 0.3468750000000001 0.4703125 0.3625000000000001 0.5015625 0.3625000000000001
16 0.5640625 0.27031250000000007 0.5234375 0.27031250000000007 0.5234375 0.2843750000000001 0.5640625 0.2843750000000001
11 0.4046875 0.571875 0.3421875000000001 0.571875 0.3421875000000001 0.6234375 0.4046875 0.6234375
11 0.434375 0.565625 0.3859375000000001 0.565625 0.3859375000000001 0.6078125 0.434375 0.6078125
11 0.4671875 0.534375 0.415625 0.534375 0.415625 0.6046875 0.4671875 0.6046875
11 0.5265625 0.5078125 0.459375 0.5078125 0.459375 0.584375 0.5265625 0.584375
11 0.5515625 0.515625 0.515625 0.515625 0.515625 0.571875 0.5515625 0.571875
11 0.809375 0.4078125000000002 0.7671875 0.4078125000000002 0.7671875 0.4312500000000002 0.809375 0.4312500000000002
11 0.7875 0.43437500000000007 0.7203125 0.434375 0.7203125 0.48125000000000007 0.7875 0.4812500000000002
11 0.9515625 0.3578125000000001 0.8796875 0.3578125000000001 0.8796875 0.38750000000000007 0.9515625 0.38750000000000007
11 0.98125 0.3593750000000001 0.94375 0.3593750000000001 0.94375 0.37968750000000007 0.98125 0.37968750000000007
11 0.93125 0.3765625000000001 0.8921875 0.3765625000000001 0.8921875 0.4000000000000002 0.93125 0.4000000000000002
15 0.9484375 0.3843750000000001 0.915625 0.3843750000000001 0.915625 0.4031250000000002 0.9484375 0.4031250000000002
16 0.5703125 0.3500000000000001 0.5015625 0.3500000000000001 0.5015625 0.3609375000000001 0.5703125 0.3609375000000001
13 0.5703125 0.3812500000000001 0.540625 0.3812500000000001 0.540625 0.3921875000000001 0.5703125 0.3921875000000001
11 0.7015625 0.1515625000000001 0.6890625 0.1515625000000001 0.6890625 0.1625000000000001 0.7015625 0.1625000000000001
11 0.84375 0.1296875000000001 0.8125 0.1296875000000001 0.8125 0.1375000000000001 0.84375 0.1375000000000001
10 0.8953125 0.15781250000000008 0.8578125 0.15781250000000008 0.8578125 0.16562500000000008 0.8953125 0.16562500000000008
10 0.6140625 0.1687500000000001 0.5578125 0.1687500000000001 0.5578125 0.1781250000000001 0.6140625 0.1781250000000001
10 0.659375 0.17187500000000008 0.63125 0.17187500000000008 0.63125 0.1781250000000001 0.659375 0.1781250000000001
15 0.4703125 0.18750000000000006 0.453125 0.18750000000000006 0.453125 0.19218750000000004 0.4703125 0.19218750000000004
15 0.4625 0.14843750000000006 0.45 0.14843750000000006 0.45 0.15312500000000004 0.4625 0.15312500000000004
15 0.396875 0.13750000000000004 0.38125 0.13750000000000004 0.38125 0.14375000000000004 0.396875 0.14375000000000004
15 0.7203125 0.3109375000000001 0.6984375 0.3109375000000001 0.6984375 0.3156250000000001 0.7203125 0.3156250000000001
16 0.70625 0.28593750000000007 0.6765625 0.28593750000000007 0.6765625 0.2921875000000001 0.70625 0.2921875000000001
10 0.778125 0.3062500000000001 0.734375 0.3062500000000001 0.734375 0.3187500000000001 0.778125 0.3187500000000001
15 0.7375 0.31718750000000007 0.7109375 0.31718750000000007 0.7109375 0.32500000000000007 0.7375 0.32500000000000007
15 0.834375 0.2390625000000001 0.81875 0.2390625000000001 0.81875 0.2453125000000001 0.834375 0.2453125000000001
15 0.75 0.22656250000000008 0.7328125 0.22656250000000008 0.7328125 0.23593750000000008 0.75 0.23593750000000008
0 0.14375000000000004 0.428125 0.12500000000000006 0.428125 0.12500000000000006 0.4359375 0.14375000000000004 0.4359375
16 0.2453125000000001 0.659375 0.1781250000000001 0.659375 0.1781250000000001 0.69375 0.2453125000000001 0.69375
16 0.14843750000000008 0.8265625 0.0312500000000001 0.8265625 0.031250000000000104 0.8984375 0.14843750000000008 0.8984375
0 0.34843750000000007 0.715625 0.32500000000000007 0.715625 0.32500000000000007 0.73125 0.34843750000000007 0.73125
16 0.5921875 0.521875 0.55 0.521875 0.55 0.55 0.5921875 0.55