11 0.421875 0.19531250000000006 0.3890625 0.19531250000000006 0.3890625 0.2062500000000001 0.421875 0.2062500000000001
11 0.4625 0.2015625000000001 0.4421875 0.2015625000000001 0.4421875 0.21093750000000008 0.4625 0.21093750000000008
1 0.4875 0.2000000000000001 0.4734375 0.2000000000000001 0.4734375 0.2078125000000001 0.4875 0.2078125000000001
11 0.3671875 0.20000000000000004 0.35 0.2 0.35 0.20781250000000004 0.3671875 0.2078125000000001
11 0.6078125 0.19687500000000008 0.590625 0.19687500000000008 0.590625 0.20312500000000008 0.6078125 0.20312500000000008
15 0.3328125 0.19843750000000004 0.3109375 0.19843750000000004 0.3109375 0.209375 0.3328125 0.209375
11 0.809375 0.2015625000000001 0.7984375 0.2015625000000001 0.7984375 0.21093750000000008 0.809375 0.21093750000000008
11 0.8140625 0.1828125000000001 0.7859375 0.1828125000000001 0.7859375 0.1937500000000001 0.8140625 0.1937500000000001
11 0.8515625 0.1687500000000001 0.8375 0.1687500000000001 0.8375 0.1750000000000001 0.8515625 0.1750000000000001
12 0.890625 0.1906250000000001 0.88125 0.1906250000000001 0.88125 0.19687500000000008 0.890625 0.19687500000000008
11 0.7453125 0.27812500000000007 0.7171875 0.27812500000000007 0.7171875 0.2890625000000001 0.7453125 0.2890625000000001
11 0.96875 0.2593750000000001 0.9484375 0.2593750000000001 0.9484375 0.2734375000000001 0.96875 0.2734375000000001
15 0.7765625 0.2500000000000001 0.765625 0.2500000000000001 0.765625 0.2578125000000001 0.7765625 0.2578125000000001
15 0.8609375 0.27031250000000007 0.8390625 0.27031250000000007 0.8390625 0.2765625000000001 0.8609375 0.2765625000000001
11 0.546875 0.2828125000000001 0.5171875 0.2828125000000001 0.5171875 0.29375000000000007 0.546875 0.29375000000000007
11 0.5890625 0.2843750000000001 0.559375 0.2843750000000001 0.559375 0.29375000000000007 0.5890625 0.29375000000000007
13 0.50625 0.3187500000000001 0.478125 0.3187500000000001 0.478125 0.3296875000000001 0.50625 0.3296875000000001
16 0.5546875 0.25468750000000007 0.5171875 0.25468750000000007 0.5171875 0.2593750000000001 0.5546875 0.2593750000000001
16 0.5921875 0.3234375000000001 0.475 0.3234375000000001 0.475 0.3359375000000001 0.5921875 0.3359375000000001
11 0.6515625 0.3125000000000001 0.5984375 0.3125000000000001 0.5984375 0.3312500000000001 0.6515625 0.3312500000000001
1 0.4296875 0.2734375000000001 0.4171875 0.2734375000000001 0.4171875 0.2828125000000001 0.4296875 0.2828125000000001
11 0.403125 0.2578125000000001 0.3796875 0.2578125000000001 0.3796875 0.2656250000000001 0.403125 0.2656250000000001
11 0.45 0.2640625000000001 0.4359375 0.2640625000000001 0.4359375 0.2750000000000001 0.45 0.2750000000000001
11 0.4765625 0.2453125000000001 0.4625 0.2453125000000001 0.4625 0.25468750000000007 0.4765625 0.25468750000000007
15 0.475 0.2531250000000001 0.465625 0.2531250000000001 0.465625 0.26250000000000007 0.475 0.26250000000000007
16 0.3 0.2609375 0.259375 0.2609375 0.259375 0.2703125 0.3 0.2703125
15 0.4328125 0.2906250000000001 0.409375 0.2906250000000001 0.409375 0.2984375000000001 0.4328125 0.2984375000000001
15 0.4203125 0.2796875000000001 0.4015625 0.2796875000000001 0.4015625 0.28593750000000007 0.4203125 0.28593750000000007
16 0.465625 0.3343750000000001 0.425 0.3343750000000001 0.425 0.34062500000000007 0.465625 0.34062500000000007
16 0.321875 0.315625 0.2984375 0.315625 0.2984375 0.33125 0.321875 0.33125
11 0.4375 0.45625 0.38750000000000007 0.45625 0.38750000000000007 0.4859375 0.4375 0.4859375
12 0.446875 0.425 0.4234375 0.425 0.4234375 0.4375 0.446875 0.4375
11 0.5890625 0.4328125 0.515625 0.4328125 0.515625 0.4515625 0.5890625 0.4515625
11 0.6296875 0.4421875 0.553125 0.4421875 0.553125 0.4703125 0.6296875 0.4703125
11 0.6109375 0.5203125 0.5375 0.5203125 0.5375 0.5390625 0.6109375 0.5390625
11 0.5125 0.5140625 0.4453125 0.5140625 0.4453125 0.5453125 0.5125 0.5453125
11 0.521875 0.53125 0.4765625 0.53125 0.4765625 0.575 0.521875 0.575
11 0.5515625 0.5328125 0.521875 0.5328125 0.521875 0.575 0.5515625 0.575
11 0.5890625 0.5359375 0.546875 0.5359375 0.546875 0.578125 0.5890625 0.578125
15 0.675 0.553125 0.6125 0.553125 0.6125 0.596875 0.675 0.596875
3 0.871875 0.4421875000000002 0.8328125 0.4421875000000002 0.8328125 0.4593750000000002 0.871875 0.4593750000000002
13 1 0.39531250000000007 0.965625 0.39531250000000007 0.965625 0.4187500000000002 1 0.4187500000000002
11 0.959375 0.43750000000000017 0.9046875 0.43750000000000017 0.9046875 0.46093750000000017 0.959375 0.46093750000000017
11 0.95 0.44843750000000016 0.8609375 0.44843750000000016 0.8609375 0.4703125000000002 0.95 0.4703125000000002
11 0.896875 0.45625000000000016 0.86875 0.45625000000000016 0.86875 0.47968750000000016 0.896875 0.47968750000000016
11 0.965625 0.3609375000000001 0.94375 0.3609375000000001 0.94375 0.3828125000000001 0.965625 0.3828125000000001
11 0.76875 0.3781250000000001 0.7390625 0.3781250000000001 0.7390625 0.39531250000000007 0.76875 0.39531250000000007
11 0.878125 0.3765625000000001 0.828125 0.3765625000000001 0.828125 0.3968750000000001 0.878125 0.3968750000000001
11 0.884375 0.37187500000000007 0.825 0.37187500000000007 0.825 0.3906250000000001 0.884375 0.3906250000000001
11 0.790625 0.3781250000000001 0.7609375 0.3781250000000001 0.7609375 0.4000000000000002 0.790625 0.4000000000000002
3 0.7828125 0.3921875000000001 0.7453125 0.3921875000000001 0.7453125 0.40625000000000017 0.7828125 0.40625000000000017
16 0.49375 0.446875 0.4734375 0.446875 0.4734375 0.465625 0.49375 0.465625
13 0.3453125000000001 0.61875 0.22812500000000008 0.61875 0.22812500000000008 0.6484375 0.3453125000000001 0.6484375
11 0.4015625 0.5484375 0.3062500000000001 0.5484375 0.3062500000000001 0.5875 0.4015625 0.5875
11 0.2390625000000001 0.696875 0.1281250000000001 0.696875 0.1281250000000001 0.7515625 0.2390625000000001 0.7515625
6 0.3750000000000001 0.678125 0.32500000000000007 0.678125 0.32500000000000007 0.70625 0.3750000000000001 0.70625
0 0.25625000000000003 0.3609375 0.25 0.3609375 0.25000000000000006 0.365625 0.2562500000000001 0.365625
15 0.06093750000000005 0.3390625 0.03281250000000004 0.3390625 0.03281250000000004 0.353125 0.06093750000000005 0.353125
6 0.15937500000000004 0.3453125 0.12656250000000005 0.3453125 0.12656250000000005 0.3546875 0.15937500000000004 0.3546875
15 0.15156250000000004 0.3515625 0.13125000000000003 0.3515625 0.13125000000000003 0.359375 0.15156250000000004 0.359375
15 0.6765625 0.2671875000000001 0.665625 0.2671875000000001 0.665625 0.2734375000000001 0.6765625 0.2734375000000001
15 0.7125 0.3390625000000001 0.690625 0.3390625000000001 0.690625 0.3468750000000001 0.7125 0.3468750000000001
15 0.4984375 0.2609375000000001 0.475 0.2609375000000001 0.475 0.2687500000000001 0.4984375 0.2687500000000001
15 0.4671875 0.2515625000000001 0.45625 0.2515625000000001 0.45625 0.2593750000000001 0.4671875 0.2593750000000001
6 0.2640625000000001 0.5875 0.22656250000000008 0.5875 0.22656250000000008 0.6078125 0.2640625000000001 0.6078125
11 0.2046875 0.1921875 0.17656250000000004 0.1921875 0.17656250000000004 0.203125 0.2046875 0.203125
11 0.03906250000000002 0.2 0.02343750000000002 0.2 0.023437500000000024 0.2125 0.03906250000000002 0.2125
11 0.5687500000000002 0.7390625 0.4500000000000002 0.7390625 0.4500000000000002 0.8265625 0.5687500000000002 0.8265625
0 0.9234375 0.8203125 0.9015625 0.8203125 0.9015625 0.8390625 0.9234375 0.8390625
6 0.5921875000000002 0.8796875 0.5609375000000002 0.8796875 0.5609375000000002 0.9171875 0.5921875000000002 0.9171875