11 0.05468750000000007 0.5828125 0.032812500000000064 0.5828125 0.03281250000000007 0.615625 0.05468750000000007 0.615625
11 0.039062500000000076 0.59375 0.014062500000000071 0.59375 0.014062500000000075 0.6328125 0.039062500000000076 0.6328125
11 0.07343750000000007 0.609375 0.050000000000000065 0.609375 0.05000000000000008 0.6421875 0.07343750000000009 0.6421875
11 0.09218750000000007 0.621875 0.07500000000000007 0.621875 0.07500000000000008 0.6640625 0.09218750000000009 0.6640625
11 0.10468750000000009 0.6296875 0.08437500000000006 0.6296875 0.08437500000000007 0.6671875 0.10468750000000009 0.6671875
15 0.24375000000000008 0.659375 0.2000000000000001 0.659375 0.2000000000000001 0.696875 0.24375000000000008 0.696875
15 0.13281250000000008 0.603125 0.08906250000000007 0.603125 0.08906250000000007 0.6359375 0.13281250000000008 0.6359375
11 0.22812500000000008 0.603125 0.2093750000000001 0.603125 0.2093750000000001 0.634375 0.22812500000000008 0.634375
11 0.3375000000000001 0.4671875 0.2921875000000001 0.4671875 0.2921875000000001 0.5203125 0.3375000000000001 0.5203125
11 0.4203125 0.5328125 0.3671875000000001 0.5328125 0.3671875000000001 0.559375 0.4203125 0.559375
11 0.3812500000000001 0.4953125 0.35625000000000007 0.4953125 0.35625000000000007 0.5296875 0.3812500000000001 0.5296875
11 0.3140625000000001 0.534375 0.2953125000000001 0.534375 0.2953125000000001 0.5765625 0.3140625000000001 0.5765625
11 0.2390625000000001 0.4859375 0.2171875000000001 0.4859375 0.2171875000000001 0.5234375 0.2390625000000001 0.5234375
11 0.2312500000000001 0.525 0.20468750000000008 0.525 0.20468750000000008 0.5640625 0.2312500000000001 0.5640625
11 0.421875 0.5578125 0.40625 0.5578125 0.40625 0.5828125 0.421875 0.5828125
11 0.11250000000000009 0.5609375 0.09843750000000007 0.5609375 0.09843750000000007 0.590625 0.11250000000000009 0.590625
15 0.18750000000000008 0.5875 0.1625000000000001 0.5875 0.1625000000000001 0.61875 0.18750000000000008 0.61875
11 0.2140625000000001 0.5375 0.19375000000000003 0.5375 0.19375000000000006 0.56875 0.2140625000000001 0.56875
11 0.2656250000000001 0.5 0.2390625000000001 0.5 0.2390625000000001 0.521875 0.2656250000000001 0.521875
11 0.64375 0.31718750000000007 0.6078125 0.31718750000000007 0.6078125 0.3437500000000001 0.64375 0.3437500000000001
11 0.4046875 0.4875 0.37968750000000007 0.4875 0.37968750000000007 0.5296875 0.4046875 0.5296875
15 0.1546875000000001 0.578125 0.1312500000000001 0.578125 0.1312500000000001 0.60625 0.1546875000000001 0.60625
11 0.1625000000000001 0.609375 0.14843750000000008 0.609375 0.14843750000000008 0.6359375 0.1625000000000001 0.6359375