11 0.43125 0.5875 0.3468750000000001 0.5875 0.3468750000000001 0.6421875 0.43125 0.6421875
11 0.4421875 0.55 0.4140625 0.55 0.4140625 0.6 0.4421875 0.6
11 0.5984375 0.6515625 0.5125 0.6515625 0.5125 0.6890625 0.5984375 0.6890625
11 0.6765625 0.6703125 0.571875 0.6703125 0.571875 0.7203125 0.6765625 0.7203125
11 0.6953125 0.6546875 0.5953125 0.6546875 0.5953125 0.7046875 0.6953125 0.7046875
13 0.803125 0.809375 0.7046875000000001 0.809375 0.7046875000000001 0.8625 0.803125 0.8625
11 0.8171875 0.859375 0.6765625000000002 0.859375 0.6765625000000002 0.965625 0.8171875 0.965625
11 0.7546875000000002 0.7468750000000001 0.6375000000000002 0.746875 0.6375000000000002 0.834375 0.7546875000000002 0.834375
11 0.790625 0.5406250000000001 0.746875 0.5406250000000001 0.746875 0.5625000000000002 0.790625 0.5625000000000002
11 0.840625 0.5468750000000002 0.7734375 0.5468750000000002 0.7734375 0.5812500000000002 0.840625 0.5812500000000002
11 0.8703125 0.5531250000000002 0.8125 0.5531250000000002 0.8125 0.5828125000000002 0.8703125 0.5828125000000002
11 0.2531250000000001 0.4453125 0.2078125000000001 0.4453125 0.2078125000000001 0.46875 0.2531250000000001 0.46875
11 0.1921875000000001 0.7765625 0.14218750000000008 0.7765625 0.14218750000000008 0.8625 0.1921875000000001 0.8625
11 0.28593750000000007 0.8453125 0.1515625000000001 0.8453125 0.1515625000000001 0.9140625 0.28593750000000007 0.9140625
11 0.3421875000000001 0.878125 0.21093750000000008 0.878125 0.21093750000000008 0.9515625 0.3421875000000001 0.9515625
11 0.4968750000000002 0.7921875 0.42968750000000017 0.7921875 0.42968750000000017 0.834375 0.4968750000000002 0.834375
11 0.5625000000000001 0.69375 0.478125 0.69375 0.4781250000000001 0.740625 0.5625000000000002 0.740625
11 0.5906250000000001 0.7015625 0.5265625 0.7015625 0.5265625 0.7359375 0.5906250000000002 0.7359375
11 0.9640625 0.7234375000000002 0.8640625 0.7234375000000002 0.8640625 0.7687500000000002 0.9640625 0.7687500000000002
11 0.76875 0.5562500000000001 0.715625 0.55625 0.715625 0.5859375000000001 0.76875 0.5859375000000002