15 0.4609375 0.4609375 0.10468750000000004 0.4609375 0.10468750000000007 0.584375 0.4609375 0.584375
11 0.32500000000000007 0.5546875 0.2968750000000001 0.5546875 0.2968750000000001 0.5703125 0.32500000000000007 0.5703125
11 0.34062500000000007 0.5578125 0.3234375000000001 0.5578125 0.3234375000000001 0.5703125 0.34062500000000007 0.5703125
11 0.421875 0.51875 0.4109375 0.51875 0.4109375 0.5328125 0.421875 0.5328125
11 0.3703125000000001 0.509375 0.35625000000000007 0.509375 0.35625000000000007 0.5203125 0.3703125000000001 0.5203125
16 0.5796875 0.55 0.5390625 0.55 0.5390625 0.565625 0.5796875 0.565625
11 0.5171875 0.56875 0.4984375 0.56875 0.4984375 0.5828125 0.5171875 0.5828125
11 0.6015625 0.59375 0.578125 0.59375 0.578125 0.6140625 0.6015625 0.6140625
11 0.5796875 0.590625 0.559375 0.590625 0.559375 0.6046875 0.5796875 0.6046875
16 0.684375 0.6140625 0.6265625 0.6140625 0.6265625 0.6453125 0.684375 0.6453125
11 0.7265625 0.5875000000000001 0.703125 0.5875 0.703125 0.6078125000000001 0.7265625 0.6078125000000002
11 0.7015625 0.60625 0.6796875 0.60625 0.6796875 0.6328125 0.7015625 0.6328125
11 0.6828125 0.6171875 0.646875 0.6171875 0.646875 0.628125 0.6828125 0.628125
11 0.8328125 0.5593750000000002 0.8109375 0.5593750000000002 0.8109375 0.5718750000000001 0.8328125 0.5718750000000001
11 0.89375 0.6125000000000002 0.840625 0.6125000000000002 0.840625 0.6328125000000002 0.89375 0.6328125000000002
11 0.9140625 0.5796875000000001 0.86875 0.5796875000000001 0.86875 0.6015625000000002 0.9140625 0.6015625000000002
11 0.9390625 0.5890625000000002 0.896875 0.5890625000000002 0.896875 0.6078125000000002 0.9390625 0.6078125000000002
11 0.9390625 0.6484375000000002 0.9046875 0.6484375000000002 0.9046875 0.6656250000000001 0.9390625 0.6656250000000001
11 0.9234375 0.6281250000000002 0.9 0.6281250000000002 0.9 0.6453125000000002 0.9234375 0.6453125000000002
11 0.896875 0.6453125000000002 0.88125 0.6453125000000002 0.88125 0.6703125000000002 0.896875 0.6703125000000002
11 0.909375 0.6593750000000002 0.8796875 0.6593750000000002 0.8796875 0.6921875000000002 0.909375 0.6921875000000002
11 0.9546875 0.6703125000000002 0.9375 0.6703125000000002 0.9375 0.7000000000000002 0.9546875 0.7000000000000002
11 0.80625 0.5781250000000002 0.7828125 0.5781250000000002 0.7828125 0.6046875000000002 0.80625 0.6046875000000002
11 0.8171875 0.6281250000000002 0.796875 0.6281250000000002 0.796875 0.6562500000000002 0.8171875 0.6562500000000002
11 0.884375 0.5937500000000002 0.8484375 0.5937500000000002 0.8484375 0.6140625000000002 0.884375 0.6140625000000002
16 0.8578125 0.5828125000000002 0.84375 0.5828125000000002 0.84375 0.5984375000000002 0.8578125 0.5984375000000002
16 0.84375 0.6234375000000002 0.7609375 0.6234375000000002 0.7609375 0.6531250000000002 0.84375 0.6531250000000002
11 0.6359375 0.5734375 0.6140625 0.5734375 0.6140625 0.5875 0.6359375 0.5875
10 0.659375 0.5625 0.640625 0.5625 0.640625 0.5765625 0.659375 0.5765625
11 0.559375 0.565625 0.5390625 0.565625 0.5390625 0.5765625 0.559375 0.5765625
11 0.621875 0.5828125 0.5953125 0.5828125 0.5953125 0.6015625 0.621875 0.6015625
16 0.6609375 0.596875 0.6390625 0.596875 0.6390625 0.6234375 0.6609375 0.6234375
10 0.6640625 0.5796875 0.6390625 0.5796875 0.6390625 0.603125 0.6640625 0.603125
11 0.59375 0.5828125 0.584375 0.5828125 0.584375 0.5984375 0.59375 0.5984375
16 0.7453125 0.6171875000000001 0.7140625 0.6171875 0.7140625 0.6375000000000001 0.7453125 0.6375000000000002
16 1 0.6000000000000002 0.9546875 0.6000000000000002 0.9546875 0.6234375000000002 1 0.6234375000000002
11 0.9390625 0.6140625000000002 0.909375 0.6140625000000002 0.909375 0.6390625000000002 0.9390625 0.6390625000000002
15 1 0.6281250000000002 0.9390625 0.6281250000000002 0.9390625 0.6687500000000002 1 0.6687500000000002
16 0.553125 0.571875 0.521875 0.571875 0.521875 0.5921875 0.553125 0.5921875
11 0.6859375 0.5859375 0.659375 0.5859375 0.659375 0.609375 0.6859375 0.609375