15 0.35156250000000006 0.359375 0.3078125 0.359375 0.30781250000000004 0.3984375 0.3515625000000001 0.3984375
11 0.3828125000000001 0.38750000000000007 0.36406250000000007 0.38750000000000007 0.36406250000000007 0.409375 0.3828125000000001 0.409375
3 0.12500000000000006 0.4375 0.10468750000000004 0.4375 0.10468750000000004 0.45625 0.12500000000000006 0.45625
16 0.334375 0.15625000000000006 0.315625 0.15625000000000006 0.315625 0.18125000000000005 0.334375 0.18125000000000005
15 0.20625 0.13437500000000005 0.1859375 0.13437500000000005 0.1859375 0.15625000000000006 0.20625 0.15625000000000006
13 0.2390625000000001 0.471875 0.2078125000000001 0.471875 0.2078125000000001 0.490625 0.2390625000000001 0.490625
13 0.13281250000000006 0.3578125 0.11093750000000005 0.3578125 0.11093750000000005 0.384375 0.13281250000000006 0.384375
10 0.3359375000000001 0.665625 0.28593750000000007 0.665625 0.28593750000000007 0.7359375 0.3359375000000001 0.7359375
10 0.2062500000000001 0.584375 0.1609375000000001 0.584375 0.1609375000000001 0.6359375 0.2062500000000001 0.6359375
16 0.3203125000000001 0.578125 0.2156250000000001 0.578125 0.2156250000000001 0.6 0.3203125000000001 0.6
16 0.3156250000000001 0.5890625 0.3031250000000001 0.5890625 0.3031250000000001 0.6625 0.3156250000000001 0.6625
16 0.3156250000000001 0.640625 0.2015625000000001 0.640625 0.2015625000000001 0.6625 0.3156250000000001 0.6625
11 0.25468750000000007 0.6171875 0.2312500000000001 0.6171875 0.2312500000000001 0.634375 0.25468750000000007 0.634375
16 0.2718750000000001 0.5890625 0.2500000000000001 0.5890625 0.2500000000000001 0.728125 0.2718750000000001 0.728125
16 0.2578125000000001 0.590625 0.2406250000000001 0.590625 0.2406250000000001 0.65 0.2578125000000001 0.65
10 0.2312500000000001 0.496875 0.18125000000000005 0.496875 0.18125000000000005 0.5296875 0.2312500000000001 0.5296875
10 0.2109375 0.315625 0.17968750000000006 0.315625 0.17968750000000006 0.3421875 0.2109375 0.3421875
11 0.3390625000000001 0.746875 0.3234375000000001 0.746875 0.3234375000000001 0.7671875 0.3390625000000001 0.7671875
10 0.25468750000000007 0.834375 0.2000000000000001 0.834375 0.2000000000000001 0.8953125 0.25468750000000007 0.8953125
15 0.3390625000000001 0.771875 0.3109375000000001 0.771875 0.3109375000000001 0.8578125 0.3390625000000001 0.8578125
11 0.475 0.6 0.4453125 0.6 0.4453125 0.6203125 0.475 0.6203125
10 0.14531250000000004 0.303125 0.12968750000000004 0.303125 0.12968750000000004 0.321875 0.14531250000000004 0.321875
16 0.17500000000000004 0.3 0.15000000000000005 0.3 0.15000000000000005 0.321875 0.17500000000000004 0.321875
6 0.2765625 0.2953125 0.2625 0.2953125 0.2625 0.309375 0.2765625 0.309375
6 0.31875 0.240625 0.30625 0.240625 0.30625 0.2546875 0.31875 0.2546875
6 0.2640625 0.284375 0.2546875 0.284375 0.2546875 0.296875 0.2640625 0.296875
6 0.31875 0.25625 0.309375 0.25625 0.309375 0.2671875 0.31875 0.2671875
10 0.8046875 0.93125 0.7812500000000002 0.93125 0.7812500000000002 0.9828125 0.8046875 0.9828125
11 0.7500000000000002 0.85 0.7359375000000001 0.85 0.7359375000000001 0.8734375 0.7500000000000002 0.8734375
15 0.7312500000000002 0.8359375 0.7140625000000002 0.8359375 0.7140625000000002 0.8671875 0.7312500000000002 0.8671875
16 0.7890625 0.26250000000000007 0.65625 0.26250000000000007 0.65625 0.3078125000000001 0.7890625 0.3078125000000001
11 0.83125 0.23437500000000008 0.8125 0.23437500000000008 0.8125 0.2562500000000001 0.83125 0.2562500000000001
11 0.9078125 0.2562500000000001 0.8703125 0.2562500000000001 0.8703125 0.2796875000000001 0.9078125 0.2796875000000001
1 0.865625 0.23437500000000008 0.8578125 0.23437500000000008 0.8578125 0.2484375000000001 0.865625 0.2484375000000001
11 0.9078125 0.2171875000000001 0.8984375 0.2171875000000001 0.8984375 0.2312500000000001 0.9078125 0.2312500000000001
11 0.909375 0.3312500000000001 0.8875 0.3312500000000001 0.8875 0.3656250000000001 0.909375 0.3656250000000001
11 0.91875 0.3234375000000001 0.9 0.3234375000000001 0.9 0.3375000000000001 0.91875 0.3375000000000001
11 0.9578125 0.4125000000000002 0.928125 0.4125000000000002 0.928125 0.45625000000000016 0.9578125 0.45625000000000016
1 0.8125 0.2390625000000001 0.803125 0.2390625000000001 0.803125 0.2531250000000001 0.8125 0.2531250000000001
1 0.8203125 0.2468750000000001 0.8109375 0.2468750000000001 0.8109375 0.2562500000000001 0.8203125 0.2562500000000001
1 0.825 0.2468750000000001 0.803125 0.2468750000000001 0.803125 0.27031250000000007 0.825 0.27031250000000007
6 0.74375 0.3531250000000001 0.7140625 0.3531250000000001 0.7140625 0.37968750000000007 0.74375 0.37968750000000007
11 0.8328125 0.6593750000000002 0.821875 0.6593750000000002 0.821875 0.6781250000000002 0.8328125 0.6781250000000002
11 0.825 0.6406250000000002 0.8109375 0.6406250000000002 0.8109375 0.6625000000000002 0.825 0.6625000000000002
11 0.8546875 0.6281250000000002 0.834375 0.6281250000000002 0.834375 0.6468750000000002 0.8546875 0.6468750000000002
11 0.925 0.03750000000000011 0.9015625 0.03750000000000011 0.9015625 0.05312500000000011 0.925 0.05312500000000011
11 0.9140625 0.02656250000000011 0.9015625 0.02656250000000011 0.9015625 0.04062500000000011 0.9140625 0.04062500000000011
1 0.9359375 0.16718750000000013 0.9265625 0.16718750000000013 0.9265625 0.18125000000000013 0.9359375 0.18125000000000013
11 0.8546875 0.3234375000000001 0.8390625 0.3234375000000001 0.8390625 0.3359375000000001 0.8546875 0.3359375000000001
11 0.9203125 0.3359375000000001 0.909375 0.3359375000000001 0.909375 0.3546875000000001 0.9203125 0.3546875000000001
15 0.925 0.35625000000000007 0.9125 0.35625000000000007 0.9125 0.3687500000000001 0.925 0.3687500000000001
16 0.9671875 0.4828125000000002 0.9171875 0.4828125000000002 0.9171875 0.5906250000000002 0.9671875 0.5906250000000002
11 0.928125 0.953125 0.9078125 0.953125 0.9078125 0.9765625 0.928125 0.9765625
15 0.24375000000000008 0.403125 0.13125000000000003 0.403125 0.13125000000000003 0.4953125 0.24375000000000008 0.4953125
15 0.19062500000000004 0.290625 0.09687500000000004 0.290625 0.09687500000000004 0.446875 0.19062500000000004 0.446875
15 0.07968750000000002 0.0984375 0.004687500000000013 0.0984375 0.004687500000000021 0.2375 0.07968750000000002 0.2375
11 0.11875000000000009 0.6453125 0.0984375000000001 0.6453125 0.0984375000000001 0.6703125 0.11875000000000009 0.6703125
10 0.1671875000000001 0.6671875 0.1359375000000001 0.6671875 0.1359375000000001 0.7109375 0.1671875000000001 0.7109375
10 0.21875000000000008 0.665625 0.17187500000000008 0.665625 0.17187500000000008 0.7109375 0.21875000000000008 0.7109375
10 0.1609375000000001 0.709375 0.14062500000000008 0.709375 0.14062500000000008 0.7421875 0.1609375000000001 0.7421875