11 0.2890625000000001 0.4453125 0.2453125000000001 0.4453125 0.2453125000000001 0.4703125 0.2890625000000001 0.4703125
10 0.503125 0.446875 0.4015625 0.446875 0.4015625 0.4765625 0.503125 0.4765625
12 0.5 0.4234375 0.471875 0.4234375 0.471875 0.4359375 0.5 0.4359375
10 0.6046875 0.6359375 0.5109375 0.6359375 0.5109375 0.68125 0.6046875 0.68125
6 0.575 0.3921875000000001 0.5421875 0.3921875000000001 0.5421875 0.4078125 0.575 0.4078125
6 0.6171875 0.4 0.5984375 0.4 0.5984375 0.4109375 0.6171875 0.4109375
10 0.8640625 0.2968750000000001 0.80625 0.2968750000000001 0.80625 0.3234375000000001 0.8640625 0.3234375000000001
6 0.9578125 0.3140625000000001 0.9390625 0.3140625000000001 0.9390625 0.3203125000000001 0.9578125 0.3203125000000001
10 1 0.24218750000000008 0.953125 0.24218750000000008 0.953125 0.2609375000000001 1 0.2609375000000001
10 0.7609375 0.22812500000000008 0.690625 0.22812500000000008 0.690625 0.24218750000000008 0.7609375 0.24218750000000008
10 0.5453125 0.2515625000000001 0.4921875 0.2515625000000001 0.4921875 0.27031250000000007 0.5453125 0.27031250000000007
10 0.56875 0.2796875000000001 0.5140625 0.2796875000000001 0.5140625 0.3046875000000001 0.56875 0.3046875000000001
11 0.5484375 0.3062500000000001 0.496875 0.3062500000000001 0.496875 0.3156250000000001 0.5484375 0.3156250000000001
6 0.5171875 0.28593750000000007 0.4921875 0.28593750000000007 0.4921875 0.2921875000000001 0.5171875 0.2921875000000001
0 0.4703125 0.30156250000000007 0.4609375 0.30156250000000007 0.4609375 0.3046875000000001 0.4703125 0.3046875000000001
13 0.4875 0.2796875000000001 0.4609375 0.2796875000000001 0.4609375 0.2890625000000001 0.4875 0.2890625000000001
13 0.440625 0.2750000000000001 0.4171875 0.2750000000000001 0.4171875 0.2812500000000001 0.440625 0.2812500000000001
6 0.425 0.2671875000000001 0.4109375 0.2671875000000001 0.4109375 0.2718750000000001 0.425 0.2718750000000001
10 0.446875 0.2250000000000001 0.3953125 0.2250000000000001 0.3953125 0.23437500000000008 0.446875 0.23437500000000008
10 0.45 0.2328125000000001 0.4046875 0.2328125000000001 0.4046875 0.24218750000000008 0.45 0.24218750000000008
10 0.4671875 0.2406250000000001 0.390625 0.2406250000000001 0.390625 0.25468750000000007 0.4671875 0.25468750000000007
6 0.375 0.25625000000000003 0.3625 0.25625 0.3625 0.26093750000000004 0.375 0.2609375000000001
10 0.3859375 0.24218750000000006 0.3328125 0.2421875 0.3328125 0.25312500000000004 0.3859375 0.2531250000000001
6 0.33125 0.24375 0.31875 0.24375 0.31875 0.25 0.33125 0.25
13 0.3609375 0.2796875 0.3375 0.2796875 0.3375 0.2859375 0.3609375 0.2859375
6 0.378125 0.20625000000000004 0.3484375 0.20625 0.3484375 0.21250000000000005 0.378125 0.21250000000000008
6 0.421875 0.19531250000000006 0.403125 0.19531250000000006 0.403125 0.2015625000000001 0.421875 0.2015625000000001
0 0.284375 0.2546875 0.275 0.2546875 0.275 0.2578125 0.284375 0.2578125
6 0.2125 0.17968750000000006 0.1890625 0.17968750000000006 0.18906250000000002 0.18750000000000006 0.2125 0.18750000000000006
13 0.17500000000000002 0.18125 0.1546875 0.18125 0.15468750000000003 0.1859375 0.17500000000000004 0.1859375
6 0.17343750000000005 0.271875 0.15781250000000005 0.271875 0.15781250000000005 0.2765625 0.17343750000000005 0.2765625
6 0.17031250000000003 0.3015625 0.13593750000000004 0.3015625 0.13593750000000004 0.3078125 0.17031250000000003 0.3078125
13 0.246875 0.3046875 0.228125 0.3046875 0.228125 0.3125 0.246875 0.3125
6 0.278125 0.290625 0.2578125 0.290625 0.2578125 0.2984375 0.278125 0.2984375
10 0.2515625 0.340625 0.2140625 0.340625 0.2140625 0.3625 0.2515625 0.3625
6 0.2078125000000001 0.440625 0.17187500000000006 0.440625 0.17187500000000006 0.453125 0.2078125000000001 0.453125
6 0.17500000000000004 0.3578125 0.14375000000000004 0.3578125 0.14375000000000004 0.365625 0.17500000000000004 0.365625
6 0.17968750000000006 0.328125 0.15312500000000004 0.328125 0.15312500000000004 0.334375 0.17968750000000006 0.334375
10 0.2203125 0.08906250000000002 0.1640625 0.08906250000000002 0.1640625 0.09843750000000002 0.2203125 0.09843750000000002
6 0.04375000000000001 0.0765625 0.004687500000000009 0.0765625 0.00468750000000001 0.0859375 0.04375000000000001 0.0859375