10 0.3593750000000001 0.715625 0.2250000000000001 0.715625 0.2250000000000001 0.7546875 0.3593750000000001 0.7546875
10 0.22812500000000008 0.5953125 0.1359375000000001 0.5953125 0.1359375000000001 0.625 0.22812500000000008 0.625
10 1 0.6000000000000002 0.925 0.6000000000000002 0.925 0.6281250000000002 1 0.6281250000000002
10 0.90625 0.5390625000000002 0.803125 0.5390625000000002 0.803125 0.5625000000000002 0.90625 0.5625000000000002
10 0.834375 0.5265625000000002 0.765625 0.5265625000000002 0.765625 0.5421875000000002 0.834375 0.5421875000000002
10 0.8234375 0.5109375000000002 0.759375 0.5109375000000002 0.759375 0.5281250000000002 0.8234375 0.5281250000000002
6 0.759375 0.5312500000000002 0.7453125 0.5312500000000002 0.7453125 0.5375000000000002 0.759375 0.5375000000000002
6 0.8171875 0.5640625000000001 0.79375 0.5640625000000001 0.79375 0.5718750000000001 0.8171875 0.5718750000000001
13 0.8375 0.5812500000000002 0.80625 0.5812500000000002 0.80625 0.5921875000000002 0.8375 0.5921875000000002
0 0.8875 0.6484375000000002 0.871875 0.6484375000000002 0.871875 0.6562500000000002 0.8875 0.6562500000000002
10 0.7609375 0.5109375 0.690625 0.5109375 0.690625 0.5281250000000001 0.7609375 0.5281250000000002
6 0.70625 0.509375 0.6875 0.509375 0.6875 0.5171875 0.70625 0.5171875
13 0.6875 0.54375 0.653125 0.54375 0.653125 0.5546875 0.6875 0.5546875
0 0.634375 0.50625 0.625 0.50625 0.625 0.5109375 0.634375 0.5109375
15 0.4890625 0.565625 0.45 0.565625 0.45 0.578125 0.4890625 0.578125
15 0.4578125 0.53125 0.4328125 0.53125 0.4328125 0.546875 0.4578125 0.546875
6 0.5109375 0.6546875 0.471875 0.6546875 0.471875 0.6625 0.5109375 0.6625
12 0.4859375 0.6875 0.4546875 0.6875 0.4546875 0.7015625 0.4859375 0.7015625
6 0.4437500000000002 0.734375 0.3968750000000001 0.734375 0.3968750000000001 0.7546875 0.4437500000000002 0.7546875
6 0.6265625000000001 0.746875 0.5984375000000002 0.746875 0.5984375000000002 0.75625 0.6265625000000001 0.75625
13 0.9859375 0.6250000000000002 0.934375 0.6250000000000002 0.934375 0.6406250000000002 0.9859375 0.6406250000000002
11 1 0.6906250000000002 0.9859375 0.6906250000000002 0.9859375 0.7015625000000002 1 0.7015625000000002
13 0.5 0.4 0.4796875 0.4 0.4796875 0.4046875 0.5 0.4046875
10 0.475 0.33281250000000007 0.4109375 0.33281250000000007 0.4109375 0.34062500000000007 0.475 0.34062500000000007
6 0.5203125 0.440625 0.4921875 0.440625 0.4921875 0.4484375 0.5203125 0.4484375
10 0.4484375 0.403125 0.4015625 0.403125 0.4015625 0.4109375 0.4484375 0.4109375
12 0.4015625 0.3843750000000001 0.3812500000000001 0.3843750000000001 0.3812500000000001 0.3890625000000001 0.4015625 0.3890625000000001
10 0.3000000000000001 0.3859375 0.2000000000000001 0.3859375 0.2000000000000001 0.4 0.3000000000000001 0.4
16 0.2656250000000001 0.371875 0.2171875000000001 0.371875 0.2171875000000001 0.384375 0.2656250000000001 0.384375
6 0.2453125000000001 0.7015625 0.2015625000000001 0.7015625 0.2015625000000001 0.7203125 0.2453125000000001 0.7203125
6 0.31718750000000007 0.54375 0.2906250000000001 0.54375 0.2906250000000001 0.55625 0.31718750000000007 0.55625
6 0.778125 0.4593750000000002 0.7421875 0.4593750000000002 0.7421875 0.4671875000000002 0.778125 0.4671875000000002
6 0.8234375 0.44062500000000016 0.8015625 0.44062500000000016 0.8015625 0.4468750000000002 0.8234375 0.4468750000000002
6 0.5890625 0.4125 0.5625 0.4125 0.5625 0.41875 0.5890625 0.41875
6 0.240625 0.30625 0.2015625 0.30625 0.2015625 0.315625 0.240625 0.315625