13 0.0875000000000001 0.796875 0.0343750000000001 0.796875 0.0343750000000001 0.840625 0.0875000000000001 0.840625
13 0.1359375000000001 0.7953125 0.11093750000000009 0.7953125 0.11093750000000009 0.8203125 0.1359375000000001 0.8203125
13 0.4109375 0.63125 0.3609375000000001 0.63125 0.3609375000000001 0.6640625 0.4109375 0.6640625
13 0.459375 0.6484375 0.41875 0.6484375 0.41875 0.690625 0.459375 0.690625
10 0.6578125 0.5625 0.578125 0.5625 0.578125 0.6234375 0.6578125 0.6234375
12 0.2953125000000001 0.7765625 0.2609375000000001 0.7765625 0.2609375000000001 0.828125 0.2953125000000001 0.828125
13 0.23437500000000008 0.834375 0.1984375000000001 0.834375 0.1984375000000001 0.88125 0.23437500000000008 0.88125
13 0.3468750000000001 0.6671875 0.2984375000000001 0.6671875 0.2984375000000001 0.746875 0.3468750000000001 0.746875
13 0.3593750000000001 0.6453125 0.2796875000000001 0.6453125 0.2796875000000001 0.7171875 0.3593750000000001 0.7171875
11 0.9484375 0.34843750000000007 0.84375 0.34843750000000007 0.84375 0.3906250000000001 0.9484375 0.3906250000000001
11 0.9625 0.3703125000000001 0.859375 0.3703125000000001 0.859375 0.4312500000000002 0.9625 0.4312500000000002
10 0.7984375 0.5921875000000001 0.71875 0.5921875 0.71875 0.6937500000000001 0.7984375 0.6937500000000002
13 0.896875 0.4968750000000002 0.81875 0.4968750000000002 0.81875 0.5671875000000002 0.896875 0.5671875000000002
13 0.8671875 0.4515625000000002 0.815625 0.4515625000000002 0.815625 0.5031250000000002 0.8671875 0.5031250000000002
13 0.8 0.30937500000000007 0.7765625 0.30937500000000007 0.7765625 0.33281250000000007 0.8 0.33281250000000007
13 0.80625 0.33281250000000007 0.7703125 0.33281250000000007 0.7703125 0.3578125000000001 0.80625 0.3578125000000001
13 0.9078125 0.4500000000000002 0.875 0.4500000000000002 0.875 0.47656250000000017 0.9078125 0.47656250000000017
13 0.9453125 0.5406250000000001 0.909375 0.5406250000000001 0.909375 0.5750000000000002 0.9453125 0.5750000000000002
11 0.8953125 0.1937500000000001 0.875 0.1937500000000001 0.875 0.23593750000000008 0.8953125 0.23593750000000008
16 0.9953125 0.2390625000000001 0.88125 0.2390625000000001 0.88125 0.2875000000000001 0.9953125 0.2875000000000001
13 0.85625 0.1359375000000001 0.8296875 0.1359375000000001 0.8296875 0.1546875000000001 0.85625 0.1546875000000001
13 0.90625 0.0796875000000001 0.875 0.0796875000000001 0.875 0.10000000000000009 0.90625 0.10000000000000009
0 0.17812500000000014 0.9484375 0.15781250000000013 0.9484375 0.15781250000000013 0.9671875 0.17812500000000014 0.9671875
0 0.2812500000000001 0.921875 0.2640625000000001 0.921875 0.2640625000000001 0.9421875 0.2812500000000001 0.9421875
12 0.3921875000000001 0.7734375 0.3625000000000001 0.7734375 0.3625000000000001 0.815625 0.3921875000000001 0.815625
0 0.8390625 0.6140625000000002 0.8265625 0.6140625000000002 0.8265625 0.6296875000000002 0.8390625 0.6296875000000002
0 0.8515625 0.6031250000000001 0.8421875 0.6031250000000001 0.8421875 0.6156250000000002 0.8515625 0.6156250000000002
13 0.959375 0.47968750000000016 0.940625 0.47968750000000016 0.940625 0.4968750000000002 0.959375 0.4968750000000002
15 1 0.2234375000000001 0.7953125 0.2234375000000001 0.7953125 0.3515625000000001 1 0.3515625000000001
10 0.9296875 0.5234375000000002 0.8609375 0.5234375000000002 0.8609375 0.5781250000000002 0.9296875 0.5781250000000002
12 0.5093750000000001 0.703125 0.48125 0.703125 0.48125000000000007 0.73125 0.5093750000000001 0.73125
0 0.5484375 0.60625 0.5359375 0.60625 0.5359375 0.621875 0.5484375 0.621875
15 0.1187500000000001 0.8171875 1.0007660561782277e-16 0.8171875 1.1127064276627905e-16 1 0.11875000000000013 1
15 0.7156250000000001 0.6109375 0.4328125 0.6109375 0.4328125000000001 0.8078125 0.7156250000000002 0.8078125
0 0.1546875000000001 0.79375 0.14062500000000008 0.79375 0.14062500000000008 0.8125 0.1546875000000001 0.8125
13 0.25468750000000007 0.80625 0.2234375000000001 0.80625 0.2234375000000001 0.83125 0.25468750000000007 0.83125
13 0.23593750000000008 0.8859375 0.2156250000000001 0.8859375 0.2156250000000001 0.9171875 0.23593750000000008 0.9171875
13 0.2156250000000001 0.88125 0.2000000000000001 0.88125 0.2000000000000001 0.9109375 0.2156250000000001 0.9109375
15 0.6890625 0.4703125 0.484375 0.4703125 0.484375 0.609375 0.6890625 0.609375
11 0.834375 0.6593750000000002 0.7890625 0.6593750000000002 0.7890625 0.7015625000000002 0.834375 0.7015625000000002
13 0.9421875 0.6296875000000002 0.8890625 0.6296875000000002 0.8890625 0.6703125000000002 0.9421875 0.6703125000000002