10 0.07968750000000005 0.3046875 0.032812500000000036 0.3046875 0.032812500000000036 0.340625 0.07968750000000005 0.340625
6 0.05312500000000002 0.2109375 0.03125000000000002 0.2109375 0.03125000000000003 0.2328125 0.05312500000000002 0.2328125
13 0.08437500000000005 0.3734375 0.06875000000000005 0.3734375 0.06875000000000005 0.396875 0.08437500000000005 0.396875
10 0.2578125 0.284375 0.2125 0.284375 0.2125 0.3296875 0.2578125 0.3296875
11 0.2765625000000001 0.3875 0.25468750000000007 0.3875 0.25468750000000007 0.421875 0.2765625000000001 0.421875
13 0.16562500000000005 0.353125 0.14687500000000003 0.353125 0.14687500000000003 0.3671875 0.16562500000000005 0.3671875
13 0.21718750000000003 0.353125 0.19531250000000006 0.353125 0.19531250000000006 0.375 0.2171875000000001 0.375
10 0.28437500000000004 0.3328125 0.2390625 0.3328125 0.23906250000000004 0.3921875 0.2843750000000001 0.3921875
6 0.029687500000000044 0.3265625 0.01718750000000004 0.3265625 0.01718750000000004 0.3390625 0.029687500000000044 0.3390625
6 0.14843750000000006 0.3328125 0.13750000000000004 0.3328125 0.13750000000000004 0.346875 0.14843750000000006 0.346875
6 0.09218750000000005 0.328125 0.08281250000000004 0.328125 0.08281250000000004 0.3390625 0.09218750000000005 0.3390625
10 0.14218750000000005 0.25 0.10000000000000005 0.25 0.10000000000000005 0.2765625 0.14218750000000005 0.2765625
10 0.14531250000000004 0.2703125 0.10937500000000004 0.2703125 0.10937500000000004 0.2953125 0.14531250000000004 0.2953125
10 0.17187500000000006 0.2859375 0.11250000000000004 0.2859375 0.11250000000000004 0.3125 0.17187500000000006 0.3125
6 0.24218750000000006 0.353125 0.228125 0.353125 0.22812500000000005 0.3703125 0.24218750000000008 0.3703125
0 0.2093750000000001 0.4078125 0.2015625000000001 0.4078125 0.2015625000000001 0.415625 0.2093750000000001 0.415625
10 0.3421875 0.18750000000000006 0.2921875 0.18750000000000006 0.2921875 0.2234375 0.3421875 0.2234375
10 0.4734375 0.3156250000000001 0.4390625 0.3156250000000001 0.4390625 0.3421875000000001 0.4734375 0.3421875000000001
10 0.45625 0.2921875000000001 0.4234375 0.2921875000000001 0.4234375 0.3234375000000001 0.45625 0.3234375000000001
10 0.5515625 0.21093750000000008 0.51875 0.21093750000000008 0.51875 0.24375000000000008 0.5515625 0.24375000000000008
12 0.5421875 0.27031250000000007 0.528125 0.27031250000000007 0.528125 0.28593750000000007 0.5421875 0.28593750000000007
12 0.525 0.2890625000000001 0.5140625 0.2890625000000001 0.5140625 0.3031250000000001 0.525 0.3031250000000001
10 0.56875 0.2828125000000001 0.5265625 0.2828125000000001 0.5265625 0.3218750000000001 0.56875 0.3218750000000001
13 0.640625 0.440625 0.609375 0.440625 0.609375 0.4578125 0.640625 0.4578125
13 0.6546875 0.459375 0.6375 0.459375 0.6375 0.48125 0.6546875 0.48125
13 0.684375 0.440625 0.665625 0.440625 0.665625 0.465625 0.684375 0.465625
6 0.60625 0.4875 0.5921875 0.4875 0.5921875 0.5015625 0.60625 0.5015625
10 0.6484375 0.3437500000000001 0.6125 0.3437500000000001 0.6125 0.38750000000000007 0.6484375 0.38750000000000007
6 0.5703125 0.4015625 0.5578125 0.4015625 0.5578125 0.4140625 0.5703125 0.4140625
6 0.5078125 0.3203125000000001 0.496875 0.3203125000000001 0.496875 0.3343750000000001 0.5078125 0.3343750000000001
16 0.4765625 0.17343750000000005 0.45 0.17343750000000005 0.45 0.21250000000000008 0.4765625 0.21250000000000008
6 0.07968750000000002 0.1734375 0.06718750000000002 0.1734375 0.06718750000000002 0.1859375 0.07968750000000002 0.1859375
6 0.16562500000000005 0.490625 0.14531250000000004 0.490625 0.14531250000000004 0.509375 0.16562500000000005 0.509375
12 0.18125000000000008 0.646875 0.1593750000000001 0.646875 0.1593750000000001 0.675 0.18125000000000008 0.675
6 0.15781250000000008 0.665625 0.1218750000000001 0.665625 0.1218750000000001 0.7 0.15781250000000008 0.7
6 0.28593750000000007 0.5984375 0.2609375000000001 0.5984375 0.2609375000000001 0.634375 0.28593750000000007 0.634375
6 0.3125000000000001 0.5828125 0.30156250000000007 0.5828125 0.30156250000000007 0.6 0.3125000000000001 0.6
10 0.2156250000000001 0.7171875 0.13281250000000008 0.7171875 0.13281250000000008 0.8109375 0.2156250000000001 0.8109375
0 0.2828125 0.25625 0.275 0.25625 0.275 0.2671875 0.2828125 0.2671875
0 0.740625 0.6531250000000002 0.73125 0.6531250000000002 0.73125 0.6687500000000002 0.740625 0.6687500000000002