10 0.534375 0.2953125000000001 0.4796875 0.2953125000000001 0.4796875 0.3437500000000001 0.534375 0.3437500000000001
10 0.55 0.3656250000000001 0.4984375 0.3656250000000001 0.4984375 0.4390625 0.55 0.4390625
11 0.5328125 0.4453125 0.490625 0.4453125 0.490625 0.4765625 0.5328125 0.4765625
13 0.46875 0.3765625000000001 0.44375 0.3765625000000001 0.44375 0.403125 0.46875 0.403125
0 0.4515625 0.4453125 0.44375 0.4453125 0.44375 0.4546875 0.4515625 0.4546875
10 0.44375 0.2734375000000001 0.3703125 0.2734375000000001 0.3703125 0.3046875000000001 0.44375 0.3046875000000001
10 0.41875 0.22656250000000008 0.371875 0.22656250000000008 0.371875 0.2531250000000001 0.41875 0.2531250000000001
10 0.421875 0.2515625000000001 0.3734375 0.2515625000000001 0.3734375 0.2734375000000001 0.421875 0.2734375000000001
13 0.33281250000000007 0.378125 0.3140625000000001 0.378125 0.3140625000000001 0.396875 0.33281250000000007 0.396875
10 0.346875 0.2765625 0.296875 0.2765625 0.296875 0.3140625 0.346875 0.3140625
10 0.21250000000000008 0.575 0.16406250000000008 0.575 0.16406250000000008 0.640625 0.21250000000000008 0.640625
10 0.09218750000000009 0.6421875 0.06093750000000009 0.6421875 0.06093750000000009 0.6640625 0.09218750000000009 0.6640625
10 0.13750000000000012 0.903125 0.10468750000000009 0.903125 0.10468750000000011 0.95 0.13750000000000012 0.95
10 0.11406250000000004 0.45 0.08281250000000004 0.45 0.08281250000000005 0.4703125 0.11406250000000004 0.4703125
16 0.3125000000000001 0.378125 0.2921875000000001 0.378125 0.2921875000000001 0.39375 0.3125000000000001 0.39375
16 0.28593750000000007 0.3921875 0.2593750000000001 0.3921875 0.2593750000000001 0.4015625 0.28593750000000007 0.4015625
13 0.421875 0.3656250000000001 0.4015625 0.3656250000000001 0.4015625 0.37968750000000007 0.421875 0.37968750000000007
11 0.29375000000000007 0.8953125 0.2484375000000001 0.8953125 0.2484375000000001 0.98125 0.29375000000000007 0.98125
12 0.4343750000000002 0.771875 0.40625000000000017 0.771875 0.40625000000000017 0.809375 0.4343750000000002 0.809375
10 0.4656250000000002 0.853125 0.36406250000000007 0.853125 0.36406250000000007 0.9484375 0.4656250000000002 0.9484375
10 0.6953125 0.1921875000000001 0.6296875 0.1921875000000001 0.6296875 0.23437500000000008 0.6953125 0.23437500000000008
10 0.83125 0.3765625000000001 0.775 0.3765625000000001 0.775 0.4546875000000002 0.83125 0.4546875000000002
16 0.9109375 0.1984375000000001 0.86875 0.1984375000000001 0.86875 0.2500000000000001 0.9109375 0.2500000000000001
10 1 0.4109375000000002 0.953125 0.4109375000000002 0.953125 0.4656250000000002 1 0.4656250000000002
12 0.9828125 0.3703125000000001 0.9609375 0.3703125000000001 0.9609375 0.3937500000000001 0.9828125 0.3937500000000001
12 0.946875 0.3968750000000001 0.93125 0.3968750000000001 0.93125 0.4187500000000002 0.946875 0.4187500000000002
6 0.5453125000000001 0.721875 0.5125 0.721875 0.5125000000000001 0.7609375 0.5453125000000002 0.7609375
6 0.5781250000000002 0.728125 0.5625000000000002 0.728125 0.5625000000000002 0.746875 0.5781250000000002 0.746875
6 0.4984375 0.38750000000000007 0.478125 0.38750000000000007 0.478125 0.40625 0.4984375 0.40625
6 0.403125 0.3390625000000001 0.390625 0.3390625000000001 0.390625 0.3531250000000001 0.403125 0.3531250000000001
13 0.19375000000000003 0.46875 0.18281250000000004 0.46875 0.18281250000000004 0.4875 0.19375000000000003 0.4875
13 0.346875 0.31875 0.3359375 0.31875 0.3359375 0.3296875 0.346875 0.3296875
10 1 0.2812500000000001 0.9671875 0.2812500000000001 0.9671875 0.3218750000000001 1 0.3218750000000001
6 0.9078125 0.42500000000000016 0.8953125 0.42500000000000016 0.8953125 0.4437500000000002 0.9078125 0.4437500000000002
6 0.4203125000000002 0.7640625 0.37968750000000007 0.7640625 0.37968750000000007 0.7890625 0.4203125000000002 0.7890625
10 0.07500000000000002 0.11875 0.02812500000000001 0.11875 0.028125000000000018 0.14375 0.07500000000000002 0.14375
6 0.1703125 0.11875 0.1515625 0.11875 0.1515625 0.134375 0.1703125 0.134375
13 0.125 0.1171875 0.10625 0.1171875 0.10625 0.1296875 0.125 0.1296875
6 0.3765625 0.13125000000000003 0.3609375 0.13125000000000003 0.3609375 0.14687500000000003 0.3765625 0.14687500000000003
6 0.2953125 0.2875 0.2828125 0.2875 0.2828125 0.3046875 0.2953125 0.3046875
6 0.4109375 0.528125 0.3906250000000001 0.528125 0.3906250000000001 0.5484375 0.4109375 0.5484375
0 0.2484375 0.3203125 0.240625 0.3203125 0.240625 0.33125 0.2484375 0.33125
0 0.5859375 0.27031250000000007 0.578125 0.27031250000000007 0.578125 0.2812500000000001 0.5859375 0.2812500000000001
6 0.9828125 0.037500000000000124 0.9671875 0.037500000000000124 0.9671875 0.04843750000000012 0.9828125 0.04843750000000012
10 0.684375 0.05156250000000009 0.653125 0.05156250000000009 0.653125 0.08437500000000009 0.684375 0.08437500000000009