13 0.4890625 0.5296875 0.440625 0.5296875 0.440625 0.5765625 0.4890625 0.5765625
13 0.5328125 0.646875 0.49375 0.646875 0.49375 0.6890625 0.5328125 0.6890625
13 0.5984375000000001 0.6828125 0.56875 0.6828125 0.5687500000000001 0.7265625 0.5984375000000002 0.7265625
12 0.1531250000000001 0.7015625 0.1218750000000001 0.7015625 0.1218750000000001 0.74375 0.1531250000000001 0.74375
12 0.2906250000000001 0.8171875 0.2500000000000001 0.8171875 0.2500000000000001 0.8875 0.2906250000000001 0.8875
11 0.2531250000000001 0.6359375 0.2171875000000001 0.6359375 0.2171875000000001 0.6953125 0.2531250000000001 0.6953125
15 0.4593750000000001 0.6765625 0.22812500000000008 0.6765625 0.22812500000000008 0.890625 0.4593750000000002 0.890625
13 0.3609375000000001 0.8984375 0.3062500000000001 0.8984375 0.3062500000000001 0.9484375 0.3609375000000001 0.9484375
10 0.39531250000000007 0.8796875 0.3546875000000001 0.8796875 0.3546875000000001 0.9203125 0.39531250000000007 0.9203125
12 0.03437500000000006 0.4515625 0.007812500000000056 0.4515625 0.007812500000000057 0.478125 0.03437500000000006 0.478125
16 0.07343750000000007 0.5171875 6.333720164340217e-17 0.5171875 6.620746757890379e-17 0.5640625 0.07343750000000007 0.5640625
13 0.05468750000000007 0.4703125 5.759666977239896e-17 0.4703125 6.113666442618427e-17 0.528125 0.05468750000000007 0.528125
13 0.11406250000000004 0.4328125 0.06406250000000005 0.4328125 0.06406250000000005 0.45625 0.11406250000000004 0.45625
0 0.20468750000000008 0.7 0.1921875000000001 0.7 0.1921875000000001 0.715625 0.20468750000000008 0.715625
0 0.1671875000000001 0.61875 0.1531250000000001 0.61875 0.1531250000000001 0.6359375 0.1671875000000001 0.6359375
0 0.23437500000000008 0.615625 0.2218750000000001 0.615625 0.2218750000000001 0.6328125 0.23437500000000008 0.6328125
13 0.22031250000000008 0.496875 0.18906250000000005 0.496875 0.18906250000000005 0.53125 0.22031250000000008 0.53125
13 0.3343750000000001 0.39375 0.3031250000000001 0.39375 0.3031250000000001 0.41875 0.3343750000000001 0.41875
12 0.3234375000000001 0.378125 0.3046875000000001 0.378125 0.3046875000000001 0.4 0.3234375000000001 0.4
0 0.3609375000000001 0.45625 0.34843750000000007 0.45625 0.34843750000000007 0.4734375 0.3609375000000001 0.4734375
11 0.4531250000000001 0.66875 0.41875 0.66875 0.41875000000000007 0.7421875 0.45312500000000017 0.7421875
10 0.6000000000000002 0.7359375 0.5031250000000002 0.7359375 0.5031250000000002 0.8203125 0.6000000000000002 0.8203125
11 0.5671875 0.3062500000000001 0.540625 0.3062500000000001 0.540625 0.3609375000000001 0.5671875 0.3609375000000001
11 0.5375 0.2953125000000001 0.509375 0.2953125000000001 0.509375 0.3437500000000001 0.5375 0.3437500000000001
13 0.728125 0.3203125000000001 0.6640625 0.3203125000000001 0.6640625 0.3656250000000001 0.728125 0.3656250000000001
13 0.7390625 0.2593750000000001 0.709375 0.2593750000000001 0.709375 0.3000000000000001 0.7390625 0.3000000000000001
11 0.7125 0.540625 0.6890625 0.540625 0.6890625 0.58125 0.7125 0.58125
12 0.6890625 0.55 0.6578125 0.55 0.6578125 0.575 0.6890625 0.575
16 0.2218750000000001 0.89375 0.05156250000000011 0.89375 0.05156250000000012 1 0.2218750000000001 1
13 0.08125000000000011 0.965625 0.05468750000000011 0.965625 0.05468750000000011 0.9875 0.08125000000000011 0.9875
11 0.2812500000000001 0.79375 0.24375000000000008 0.79375 0.24375000000000008 0.8578125 0.2812500000000001 0.8578125
16 0.3046875 0.11093750000000005 0.2265625 0.11093750000000005 0.2265625 0.18437500000000004 0.3046875 0.18437500000000004
16 0.46875 0.2218750000000001 0.396875 0.2218750000000001 0.396875 0.2765625000000001 0.46875 0.2765625000000001
16 0.50625 0.30625 0.340625 0.30625 0.340625 0.36250000000000004 0.50625 0.3625000000000001
13 0.3000000000000001 0.4203125 0.2218750000000001 0.4203125 0.2218750000000001 0.4796875 0.3000000000000001 0.4796875
10 0.3234375000000001 0.484375 0.26250000000000007 0.484375 0.26250000000000007 0.53125 0.3234375000000001 0.53125
12 0.415625 0.4484375 0.3890625000000001 0.4484375 0.3890625000000001 0.4796875 0.415625 0.4796875
13 0.4265625 0.18906250000000005 0.3953125 0.18906250000000005 0.3953125 0.2140625000000001 0.4265625 0.2140625000000001
13 0.4265625 0.63125 0.4046875 0.63125 0.4046875 0.6640625 0.4265625 0.6640625
10 0.21093750000000008 0.4171875 0.15312500000000004 0.4171875 0.15312500000000004 0.48125 0.21093750000000008 0.48125
10 0.12343750000000005 0.3875 0.09531250000000005 0.3875 0.09531250000000005 0.4140625 0.12343750000000005 0.4140625
15 0.08906250000000004 0.3609375 4.420209540672478e-17 0.3609375 4.869884537234397e-17 0.434375 0.08906250000000004 0.434375
13 0.11406250000000004 0.41875 0.09843750000000004 0.41875 0.09843750000000004 0.4359375 0.11406250000000004 0.4359375
13 0.24218750000000008 0.7046875 0.18750000000000008 0.7046875 0.18750000000000008 0.790625 0.24218750000000008 0.790625
12 0.6296875 0.4296875 0.6078125 0.4296875 0.6078125 0.459375 0.6296875 0.459375
13 0.678125 0.48125 0.653125 0.48125 0.653125 0.50625 0.678125 0.50625
10 0.8921875 0.3468750000000001 0.8296875 0.3468750000000001 0.8296875 0.3921875000000001 0.8921875 0.3921875000000001
10 0.9796875 0.19062500000000013 0.928125 0.19062500000000013 0.928125 0.2328125000000001 0.9796875 0.2328125000000001
10 0.8375 0.0687500000000001 0.7984375 0.06875000000000009 0.7984375 0.0937500000000001 0.8375 0.09375000000000011
11 0.9046875 0.08125000000000011 0.86875 0.08125000000000011 0.86875 0.12343750000000009 0.9046875 0.12343750000000009
13 0.9640625 0.4781250000000002 0.89375 0.4781250000000002 0.89375 0.5093750000000001 0.9640625 0.5093750000000001
13 0.9390625 0.5500000000000002 0.91875 0.5500000000000002 0.91875 0.5750000000000002 0.9390625 0.5750000000000002
13 0.809375 0.5312500000000002 0.7703125 0.5312500000000002 0.7703125 0.5640625000000001 0.809375 0.5640625000000001
13 0.6812500000000001 0.696875 0.653125 0.696875 0.6531250000000001 0.73125 0.6812500000000001 0.73125
10 0.6562500000000001 0.7125 0.58125 0.7125 0.58125 0.8359375 0.6562500000000002 0.8359375
15 0.7640625000000001 0.675 0.596875 0.675 0.596875 0.8234375 0.7640625000000002 0.8234375
0 0.575 0.3609375000000001 0.565625 0.3609375000000001 0.565625 0.3750000000000001 0.575 0.3750000000000001
0 0.690625 0.4953125 0.675 0.4953125 0.675 0.515625 0.690625 0.515625