10 0.6265625 0.5359375 0.5546875 0.5359375 0.5546875 0.5984375 0.6265625 0.5984375
12 0.6484375 0.46875 0.6359375 0.46875 0.6359375 0.4953125 0.6484375 0.4953125
6 0.70625 0.4015625 0.684375 0.4015625 0.684375 0.4125 0.70625 0.4125
6 0.7 0.565625 0.6734375 0.565625 0.6734375 0.603125 0.7 0.603125
6 0.75625 0.5859375000000002 0.7421875 0.5859375000000002 0.7421875 0.6015625000000002 0.75625 0.6015625000000002
6 0.7453125 0.6687500000000002 0.7359375 0.6687500000000002 0.7359375 0.6812500000000001 0.7453125 0.6812500000000001
0 0.85 0.3765625000000001 0.840625 0.3765625000000001 0.840625 0.3890625000000001 0.85 0.3890625000000001
10 0.9640625 0.2921875000000001 0.903125 0.2921875000000001 0.903125 0.34062500000000007 0.9640625 0.34062500000000007
10 0.9875 0.3812500000000001 0.9015625 0.3812500000000001 0.9015625 0.4468750000000002 0.9875 0.4468750000000002
11 0.9421875 0.4468750000000002 0.89375 0.4468750000000002 0.89375 0.47187500000000016 0.9421875 0.47187500000000016
13 0.9015625 0.32500000000000007 0.875 0.32500000000000007 0.875 0.3546875000000001 0.9015625 0.3546875000000001
11 0.2531250000000001 0.41875 0.2078125000000001 0.41875 0.2078125000000001 0.4484375 0.2531250000000001 0.4484375
6 0.3968750000000001 0.7703125 0.3765625000000001 0.7703125 0.3765625000000001 0.790625 0.3968750000000001 0.790625
6 0.4046875 0.56875 0.3812500000000001 0.56875 0.3812500000000001 0.6015625 0.4046875 0.6015625
6 0.5859375 0.49375 0.5546875 0.49375 0.5546875 0.5109375 0.5859375 0.5109375
13 0.753125 0.2093750000000001 0.7328125 0.2093750000000001 0.7328125 0.2296875000000001 0.753125 0.2296875000000001
6 0.58125 0.1921875000000001 0.5609375 0.1921875000000001 0.5609375 0.2156250000000001 0.58125 0.2156250000000001
6 0.615625 0.1687500000000001 0.596875 0.1687500000000001 0.596875 0.19687500000000008 0.615625 0.19687500000000008
10 0.8046875 0.14062500000000008 0.7546875 0.14062500000000008 0.7546875 0.18125000000000008 0.8046875 0.18125000000000008
10 0.8484375 0.1375000000000001 0.8 0.1375000000000001 0.8 0.1671875000000001 0.8484375 0.1671875000000001
10 0.8484375 0.16406250000000008 0.809375 0.16406250000000008 0.809375 0.1906250000000001 0.8484375 0.1906250000000001
10 0.875 0.18750000000000008 0.8109375 0.18750000000000008 0.8109375 0.22812500000000008 0.875 0.22812500000000008
13 0.8359375 0.2687500000000001 0.8171875 0.2687500000000001 0.8171875 0.2875000000000001 0.8359375 0.2875000000000001
6 0.75625 0.14843750000000008 0.7453125 0.14843750000000008 0.7453125 0.1625000000000001 0.75625 0.1625000000000001
6 0.796875 0.1828125000000001 0.7875 0.1828125000000001 0.7875 0.1937500000000001 0.796875 0.1937500000000001
6 0.828125 0.2390625000000001 0.815625 0.2390625000000001 0.815625 0.2531250000000001 0.828125 0.2531250000000001
6 0.8046875 0.0390625000000001 0.7828125 0.0390625000000001 0.7828125 0.057812500000000086 0.8046875 0.057812500000000086
6 0.8375 0.0125000000000001 0.825 0.0125000000000001 0.825 0.0218750000000001 0.8375 0.0218750000000001
10 0.946875 0.3687500000000001 0.9234375 0.3687500000000001 0.9234375 0.3859375000000001 0.946875 0.3859375000000001
15 0.6390625 0.23437500000000008 0.6171875 0.23437500000000008 0.6171875 0.2562500000000001 0.6390625 0.2562500000000001
6 0.415625 0.30156250000000007 0.3984375 0.30156250000000007 0.3984375 0.3187500000000001 0.415625 0.3187500000000001
13 0.540625 0.2406250000000001 0.525 0.2406250000000001 0.525 0.2500000000000001 0.540625 0.2500000000000001
6 0.7671875 0.014062500000000092 0.7453125 0.014062500000000089 0.7453125 0.04531250000000009 0.7671875 0.04531250000000009