10 0.153125 0.121875 0.1078125 0.121875 0.1078125 0.1734375 0.153125 0.1734375
10 0.17812500000000003 0.15 0.125 0.15 0.12500000000000003 0.196875 0.17812500000000003 0.196875
10 0.334375 0.08125000000000003 0.2703125 0.08125000000000002 0.2703125 0.15000000000000005 0.334375 0.15000000000000005
10 0.4546875 0.17031250000000003 0.4015625 0.17031250000000003 0.4015625 0.2296875000000001 0.4546875 0.2296875000000001
13 0.44375 0.30156250000000007 0.3984375 0.30156250000000007 0.3984375 0.3296875000000001 0.44375 0.3296875000000001
13 0.46875 0.32500000000000007 0.4359375 0.32500000000000007 0.4359375 0.3609375000000001 0.46875 0.3609375000000001
0 0.5875 0.5640625 0.5734375 0.5640625 0.5734375 0.5859375 0.5875 0.5859375
6 0.409375 0.3765625000000001 0.3859375000000001 0.3765625000000001 0.3859375000000001 0.4046875 0.409375 0.4046875
6 0.4171875 0.16562500000000005 0.396875 0.16562500000000005 0.396875 0.18437500000000004 0.4171875 0.18437500000000004
6 0.2421875 0.14218750000000005 0.228125 0.14218750000000005 0.228125 0.15937500000000004 0.2421875 0.15937500000000004
12 0.2671875 0.09531250000000002 0.2515625 0.09531250000000002 0.2515625 0.11562500000000005 0.2671875 0.11562500000000005
12 0.29375 0.05781250000000003 0.271875 0.057812500000000024 0.271875 0.08593750000000003 0.29375 0.08593750000000004
0 0.2328125 0.05312500000000002 0.2234375 0.05312500000000002 0.2234375 0.06406250000000002 0.2328125 0.06406250000000002