13 0.1546875000000001 0.7203125 0.10781250000000009 0.7203125 0.10781250000000009 0.765625 0.1546875000000001 0.765625
11 0.1281250000000001 0.8046875 0.0671875000000001 0.8046875 0.0671875000000001 0.846875 0.1281250000000001 0.846875
13 0.25468750000000007 0.734375 0.21250000000000008 0.734375 0.21250000000000008 0.7703125 0.25468750000000007 0.7703125
10 0.23593750000000008 0.8203125 0.1765625000000001 0.8203125 0.1765625000000001 0.8546875 0.23593750000000008 0.8546875
13 0.1984375000000001 0.7375 0.1859375000000001 0.7375 0.1859375000000001 0.75 0.1984375000000001 0.75
13 0.4281250000000002 0.75 0.3812500000000001 0.75 0.3812500000000001 0.78125 0.4281250000000002 0.78125
3 0.2968750000000001 0.746875 0.27812500000000007 0.746875 0.27812500000000007 0.778125 0.2968750000000001 0.778125
10 0.24375000000000008 0.6375 0.2140625000000001 0.6375 0.2140625000000001 0.684375 0.24375000000000008 0.684375
10 0.27812500000000007 0.60625 0.23437500000000008 0.60625 0.23437500000000008 0.634375 0.27812500000000007 0.634375
10 0.3437500000000001 0.6578125 0.3125000000000001 0.6578125 0.3125000000000001 0.6828125 0.3437500000000001 0.6828125
13 0.425 0.653125 0.3906250000000001 0.653125 0.3906250000000001 0.6875 0.425 0.6875
13 0.4484375 0.6515625 0.4296875 0.6515625 0.4296875 0.6640625 0.4484375 0.6640625
15 0.5140625 0.6234375 0.453125 0.6234375 0.453125 0.6828125 0.5140625 0.6828125
12 0.5109375 0.5734375 0.5015625 0.5734375 0.5015625 0.5875 0.5109375 0.5875
10 0.5890625 0.5796875 0.5640625 0.5796875 0.5640625 0.6015625 0.5890625 0.6015625
13 0.5953125 0.6015625 0.5734375 0.6015625 0.5734375 0.625 0.5953125 0.625
11 0.603125 0.671875 0.5890625 0.671875 0.5890625 0.7015625 0.603125 0.7015625
12 0.559375 0.690625 0.546875 0.690625 0.546875 0.7109375 0.559375 0.7109375
13 0.6515625000000002 0.79375 0.6281250000000002 0.79375 0.6281250000000002 0.8203125 0.6515625000000002 0.8203125
11 0.6234375000000002 0.753125 0.6046875000000002 0.753125 0.6046875000000002 0.784375 0.6234375000000002 0.784375
11 0.6203125000000002 0.7421875 0.6031250000000001 0.7421875 0.6031250000000001 0.7671875 0.6203125000000002 0.7671875
15 0.7015625000000001 0.703125 0.59375 0.703125 0.5937500000000001 0.79375 0.7015625000000002 0.79375
11 0.6953125000000001 0.7078125 0.6796875 0.7078125 0.6796875000000001 0.7390625 0.6953125000000002 0.7390625
13 0.7343750000000001 0.7140625 0.7140625 0.7140625 0.7140625 0.7296875 0.7343750000000002 0.7296875000000002
10 0.7640625000000002 0.7515625000000001 0.7156250000000002 0.7515625 0.7156250000000002 0.7953125000000001 0.7640625000000002 0.7953125000000002
13 0.7625000000000002 0.7343750000000002 0.7515625000000001 0.7343750000000002 0.7515625000000001 0.7562500000000002 0.7625000000000002 0.7562500000000002
13 0.715625 0.6546875 0.690625 0.6546875 0.690625 0.6765625 0.715625 0.6765625
11 0.7421875 0.5640625000000001 0.7296875 0.5640625000000001 0.7296875 0.5906250000000002 0.7421875 0.5906250000000002
11 0.7359375 0.5531250000000001 0.7234375 0.553125 0.7234375 0.5796875000000001 0.7359375 0.5796875000000001
10 0.7625 0.5812500000000002 0.734375 0.5812500000000002 0.734375 0.6171875000000002 0.7625 0.6171875000000002
11 0.8203125 0.6843750000000002 0.809375 0.6843750000000002 0.809375 0.7078125000000002 0.8203125 0.7078125000000002
12 0.778125 0.6281250000000002 0.765625 0.6281250000000002 0.765625 0.6421875000000001 0.778125 0.6421875000000001
16 0.6203125 0.45 0.5859375 0.45 0.5859375 0.490625 0.6203125 0.490625
13 0.625 0.5875 0.590625 0.5875 0.590625 0.6109375 0.625 0.6109375
12 0.6125 0.6734375 0.6046875 0.6734375 0.6046875 0.6921875 0.6125 0.6921875
13 0.684375 0.6921875 0.671875 0.6921875 0.671875 0.70625 0.684375 0.70625
10 0.6328125 0.6140625 0.60625 0.6140625 0.60625 0.6390625 0.6328125 0.6390625
16 0.5296875 0.6078125 0.484375 0.6078125 0.484375 0.61875 0.5296875 0.61875
13 0.5171875 0.5828125 0.490625 0.5828125 0.490625 0.60625 0.5171875 0.60625
16 0.5781250000000002 0.784375 0.5312500000000002 0.784375 0.5312500000000002 0.83125 0.5781250000000002 0.83125
16 0.5453125000000002 0.759375 0.5093750000000001 0.759375 0.5093750000000001 0.7984375 0.5453125000000002 0.7984375
0 0.3687500000000001 0.7359375 0.3609375000000001 0.7359375 0.3609375000000001 0.7453125 0.3687500000000001 0.7453125
13 0.0484375000000001 0.8140625 0.0171875000000001 0.8140625 0.0171875000000001 0.8359375 0.0484375000000001 0.8359375
6 0.36406250000000007 0.7453125 0.33281250000000007 0.7453125 0.33281250000000007 0.7640625 0.36406250000000007 0.7640625
6 0.3812500000000001 0.6125 0.3609375000000001 0.6125 0.3609375000000001 0.6375 0.3812500000000001 0.6375
6 0.3687500000000001 0.5953125 0.35625000000000007 0.5953125 0.35625000000000007 0.609375 0.3687500000000001 0.609375
6 0.2484375000000001 0.8125 0.2312500000000001 0.8125 0.2312500000000001 0.828125 0.2484375000000001 0.828125
6 0.3140625000000001 0.7921875 0.2921875000000001 0.7921875 0.2921875000000001 0.8109375 0.3140625000000001 0.8109375
13 0.3468750000000001 0.7765625 0.3187500000000001 0.7765625 0.3187500000000001 0.796875 0.3468750000000001 0.796875
13 0.3859375000000001 0.775 0.3734375000000001 0.775 0.3734375000000001 0.7890625 0.3859375000000001 0.7890625
6 0.3703125000000001 0.7140625 0.3515625000000001 0.7140625 0.3515625000000001 0.73125 0.3703125000000001 0.73125
13 0.5250000000000001 0.7875 0.5125000000000002 0.7875 0.5125000000000002 0.7984375 0.5250000000000001 0.7984375
0 0.584375 0.6953125 0.578125 0.6953125 0.578125 0.703125 0.584375 0.703125
0 0.5984375 0.6640625 0.5921875 0.6640625 0.5921875 0.6703125 0.5984375 0.6703125
0 0.5671875 0.659375 0.559375 0.659375 0.559375 0.66875 0.5671875 0.66875
0 0.6546875 0.6078125 0.6484375 0.6078125 0.6484375 0.615625 0.6546875 0.615625
13 0.8015625 0.6562500000000002 0.7875 0.6562500000000002 0.7875 0.6703125000000002 0.8015625 0.6703125000000002
0 0.796875 0.6734375000000001 0.790625 0.6734375000000001 0.790625 0.6828125000000002 0.796875 0.6828125000000002
6 0.828125 0.5859375000000002 0.79375 0.5859375000000002 0.79375 0.6109375000000001 0.828125 0.6109375000000001
6 0.83125 0.5640625000000001 0.815625 0.5640625000000001 0.815625 0.5859375000000002 0.83125 0.5859375000000002
6 0.7953125 0.5890625000000002 0.7890625 0.5890625000000002 0.7890625 0.5953125000000001 0.7953125 0.5953125000000001
13 0.640625 0.5796875 0.625 0.5796875 0.625 0.5921875 0.640625 0.5921875
12 0.634375 0.5734375 0.625 0.5734375 0.625 0.584375 0.634375 0.584375
6 0.60625 0.640625 0.5640625 0.640625 0.5640625 0.6578125 0.60625 0.6578125
12 0.5734375 0.6328125 0.5609375 0.6328125 0.5609375 0.64375 0.5734375 0.64375
6 0.525 0.6171875 0.5140625 0.6171875 0.5140625 0.628125 0.525 0.628125
6 0.4015625 0.675 0.3687500000000001 0.675 0.3687500000000001 0.709375 0.4015625 0.709375
6 0.6640625 0.5859375 0.6328125 0.5859375 0.6328125 0.609375 0.6640625 0.609375
6 0.646875 0.6046875 0.634375 0.6046875 0.634375 0.6171875 0.646875 0.6171875
6 0.75 0.5296875000000002 0.7265625 0.5296875000000002 0.7265625 0.5421875000000002 0.75 0.5421875000000002
11 0.9109375 0.49531250000000016 0.8921875 0.49531250000000016 0.8921875 0.5187500000000002 0.9109375 0.5187500000000002
6 0.9 0.5015625000000001 0.875 0.5015625000000001 0.875 0.5203125000000002 0.9 0.5203125000000002
6 0.925 0.5125000000000002 0.9046875 0.5125000000000002 0.9046875 0.5296875000000002 0.925 0.5296875000000002
6 0.878125 0.48750000000000016 0.8609375 0.48750000000000016 0.8609375 0.4984375000000002 0.878125 0.4984375000000002
6 0.8234375 0.5093750000000001 0.8046875 0.5093750000000001 0.8046875 0.5218750000000002 0.8234375 0.5218750000000002
6 0.94375 0.6796875000000002 0.90625 0.6796875000000002 0.90625 0.7078125000000002 0.94375 0.7078125000000002
13 0.8765625 0.6953125000000002 0.853125 0.6953125000000002 0.853125 0.7093750000000002 0.8765625 0.7093750000000002
6 0.8640625 0.6531250000000002 0.85 0.6531250000000002 0.85 0.6656250000000001 0.8640625 0.6656250000000001
6 0.7796875 0.5343750000000002 0.765625 0.5343750000000002 0.765625 0.5468750000000002 0.7796875 0.5468750000000002
6 0.5484375 0.5734375 0.5265625 0.5734375 0.5265625 0.584375 0.5484375 0.584375
6 0.48125 0.58125 0.4515625 0.58125 0.4515625 0.5984375 0.48125 0.5984375
6 0.3281250000000001 0.7609375 0.2765625000000001 0.7609375 0.2765625000000001 0.7921875 0.3281250000000001 0.7921875
6 0.3921875000000001 0.71875 0.3750000000000001 0.71875 0.3750000000000001 0.753125 0.3921875000000001 0.753125
13 0.2750000000000001 0.596875 0.26250000000000007 0.596875 0.26250000000000007 0.6078125 0.2750000000000001 0.6078125
6 0.3046875000000001 0.5875 0.2953125000000001 0.5875 0.2953125000000001 0.6 0.3046875000000001 0.6
6 0.525 0.54375 0.515625 0.54375 0.515625 0.5515625 0.525 0.5515625
6 0.5125 0.5421875 0.503125 0.5421875 0.503125 0.5484375 0.5125 0.5484375
6 0.675 0.4984375 0.6609375 0.4984375 0.6609375 0.5078125 0.675 0.5078125
16 0.696875 0.5140625 0.665625 0.5140625 0.665625 0.5375 0.696875 0.5375
6 0.7140625 0.5234375 0.690625 0.5234375 0.690625 0.5421875 0.7140625 0.5421875
13 0.2890625000000001 0.6484375 0.2718750000000001 0.6484375 0.2718750000000001 0.6671875 0.2890625000000001 0.6671875
6 0.3125000000000001 0.7390625 0.29375000000000007 0.7390625 0.29375000000000007 0.75 0.3125000000000001 0.75
6 0.18125000000000008 0.7703125 0.1671875000000001 0.7703125 0.1671875000000001 0.7859375 0.18125000000000008 0.7859375
6 0.2296875000000001 0.8140625 0.21250000000000008 0.8140625 0.21250000000000008 0.8265625 0.2296875000000001 0.8265625