13 0.2750000000000001 0.365625 0.2468750000000001 0.365625 0.2468750000000001 0.39375 0.2750000000000001 0.39375
0 0.17343750000000005 0.453125 0.16093750000000004 0.453125 0.16093750000000004 0.465625 0.17343750000000005 0.465625
10 0.17500000000000004 0.3609375 0.12656250000000005 0.3609375 0.12656250000000005 0.4 0.17500000000000004 0.4
6 0.07656250000000005 0.4 0.04062500000000004 0.4 0.04062500000000005 0.428125 0.07656250000000005 0.428125
6 0.046875000000000056 0.43125 0.029687500000000054 0.43125 0.029687500000000054 0.4484375 0.046875000000000056 0.4484375
6 0.057812500000000065 0.45625 0.029687500000000054 0.45625 0.029687500000000054 0.4953125 0.057812500000000065 0.4953125
13 0.034375000000000044 0.3671875 0.0015625000000000452 0.3671875 0.001562500000000046 0.384375 0.034375000000000044 0.384375
13 0.07187500000000006 0.5296875 0.057812500000000065 0.5296875 0.057812500000000065 0.5421875 0.07187500000000006 0.5421875
10 0.08281250000000007 0.5671875 0.020312500000000074 0.5671875 0.020312500000000074 0.6203125 0.08281250000000007 0.6203125
6 0.08906250000000007 0.5515625 0.048437500000000064 0.5515625 0.048437500000000064 0.571875 0.08906250000000007 0.571875
6 0.2484375000000001 0.5125 0.22656250000000008 0.5125 0.22656250000000008 0.5375 0.2484375000000001 0.5375
6 0.2656250000000001 0.609375 0.2468750000000001 0.609375 0.2468750000000001 0.63125 0.2656250000000001 0.63125
12 0.2734375000000001 0.6640625 0.2515625000000001 0.6640625 0.2515625000000001 0.6890625 0.2734375000000001 0.6890625
6 0.2953125000000001 0.65 0.27031250000000007 0.65 0.27031250000000007 0.6921875 0.2953125000000001 0.6921875
10 0.1906250000000001 0.646875 0.12500000000000008 0.646875 0.12500000000000008 0.69375 0.1906250000000001 0.69375
13 0.1671875000000001 0.765625 0.1468750000000001 0.765625 0.1468750000000001 0.78125 0.1671875000000001 0.78125
6 0.1765625000000001 0.815625 0.1546875000000001 0.815625 0.1546875000000001 0.8359375 0.1765625000000001 0.8359375
6 0.17187500000000008 0.8546875 0.1546875000000001 0.8546875 0.1546875000000001 0.8765625 0.17187500000000008 0.8765625
6 0.15000000000000008 0.7125 0.1281250000000001 0.7125 0.1281250000000001 0.7359375 0.15000000000000008 0.7359375
13 0.3656250000000001 0.7640625 0.3296875000000001 0.7640625 0.3296875000000001 0.790625 0.3656250000000001 0.790625
6 0.3890625000000001 0.7703125 0.3437500000000001 0.7703125 0.3437500000000001 0.8375 0.3890625000000001 0.8375
6 0.3984375000000001 0.6734375 0.3671875000000001 0.6734375 0.3671875000000001 0.7 0.3984375000000001 0.7
6 0.4359375 0.621875 0.403125 0.621875 0.403125 0.6640625 0.4359375 0.6640625
10 0.434375 0.440625 0.3343750000000001 0.440625 0.3343750000000001 0.5171875 0.434375 0.5171875
10 0.409375 0.5015625 0.3593750000000001 0.5015625 0.3593750000000001 0.5484375 0.409375 0.5484375
13 0.4125 0.5125 0.38750000000000007 0.5125 0.38750000000000007 0.534375 0.4125 0.534375
6 0.465625 0.5015625 0.4078125 0.5015625 0.4078125 0.5546875 0.465625 0.5546875
6 0.46875 0.5015625 0.446875 0.5015625 0.446875 0.5203125 0.46875 0.5203125
0 0.4203125 0.4078125 0.4125 0.4078125 0.4125 0.4171875 0.4203125 0.4171875
6 0.4796875 0.3937500000000001 0.4265625 0.3937500000000001 0.4265625 0.4265625 0.4796875 0.4265625
11 0.478125 0.34062500000000007 0.4328125 0.34062500000000007 0.4328125 0.37968750000000007 0.478125 0.37968750000000007
6 0.4296875 0.3375000000000001 0.3890625 0.3375000000000001 0.38906250000000003 0.3703125000000001 0.4296875 0.3703125000000001
6 0.32500000000000007 0.3546875 0.3109375 0.3546875 0.31093750000000003 0.36875 0.32500000000000007 0.36875
6 0.36875 0.32812500000000006 0.35 0.328125 0.35 0.3453125 0.36875 0.3453125000000001
10 0.334375 0.31875 0.2875 0.31875 0.2875 0.3546875 0.334375 0.3546875
12 0.246875 0.28125 0.234375 0.28125 0.234375 0.29375 0.246875 0.29375
6 0.51875 0.3312500000000001 0.490625 0.3312500000000001 0.490625 0.3625000000000001 0.51875 0.3625000000000001
0 0.521875 0.4421875 0.5125 0.4421875 0.5125 0.453125 0.521875 0.453125
13 0.5046875 0.45625 0.4921875 0.45625 0.4921875 0.4671875 0.5046875 0.4671875
13 0.503125 0.5328125 0.48125 0.5328125 0.48125 0.5484375 0.503125 0.5484375
6 0.4921875 0.603125 0.478125 0.603125 0.478125 0.621875 0.4921875 0.621875
6 0.58125 0.45 0.540625 0.45 0.540625 0.4796875 0.58125 0.4796875
16 0.565625 0.5375 0.5140625 0.5375 0.5140625 0.6046875 0.565625 0.6046875
10 0.5765625 0.34062500000000007 0.5234375 0.34062500000000007 0.5234375 0.4078125 0.5765625 0.4078125
6 0.565625 0.3218750000000001 0.546875 0.3218750000000001 0.546875 0.33281250000000007 0.565625 0.33281250000000007
6 0.6125 0.38750000000000007 0.5859375 0.38750000000000007 0.5859375 0.4109375 0.6125 0.4109375
10 0.7078125 0.5484375 0.5484375 0.5484375 0.5484375 0.65 0.7078125 0.65
13 0.7515625 0.5265625 0.7109375 0.5265625 0.7109375 0.5671875000000001 0.7515625 0.5671875000000002
0 0.7140625 0.6109375 0.7015625 0.6109375 0.7015625 0.628125 0.7140625 0.628125
12 0.746875 0.5640625000000001 0.721875 0.5640625 0.721875 0.5875000000000001 0.746875 0.5875000000000001
6 0.7234375 0.6234375 0.709375 0.6234375 0.709375 0.659375 0.7234375 0.659375
6 0.7328125 0.7015625000000001 0.7125 0.7015625 0.7125 0.7187500000000001 0.7328125 0.7187500000000002
6 0.7671875 0.6687500000000002 0.75 0.6687500000000002 0.75 0.6890625000000001 0.7671875 0.6890625000000001
6 0.7390625 0.6781250000000001 0.715625 0.678125 0.715625 0.6968750000000001 0.7390625 0.6968750000000001
6 0.753125 0.6765625000000002 0.7390625 0.6765625000000002 0.7390625 0.6890625000000001 0.753125 0.6890625000000001
13 0.7984375 0.45625000000000016 0.7765625 0.45625000000000016 0.7765625 0.4750000000000002 0.7984375 0.4750000000000002
0 0.7515625 0.4859375000000002 0.740625 0.4859375000000002 0.740625 0.49531250000000016 0.7515625 0.49531250000000016
0 0.7375 0.4671875000000002 0.7328125 0.4671875000000002 0.7328125 0.4734375000000002 0.7375 0.4734375000000002
10 0.796875 0.4765625000000001 0.7109375 0.4765625 0.7109375 0.534375 0.796875 0.5343750000000002
13 0.85625 0.6343750000000001 0.8125 0.6343750000000001 0.8125 0.6890625000000001 0.85625 0.6890625000000001
13 0.8171875 0.6296875000000002 0.796875 0.6296875000000002 0.796875 0.6609375000000002 0.8171875 0.6609375000000002
13 0.815625 0.6171875000000002 0.8046875 0.6171875000000002 0.8046875 0.6359375000000002 0.815625 0.6359375000000002
6 0.8515625 0.6250000000000002 0.8265625 0.6250000000000002 0.8265625 0.6546875000000002 0.8515625 0.6546875000000002
13 0.9140625 0.7140625000000002 0.875 0.7140625000000002 0.875 0.7640625000000002 0.9140625 0.7640625000000002
13 0.903125 0.7390625000000002 0.859375 0.7390625000000002 0.859375 0.7812500000000002 0.903125 0.7812500000000002
6 0.8796875 0.8140625 0.8453125 0.8140625 0.8453125 0.8515625 0.8796875 0.8515625
13 0.94375 0.8453125 0.8828125 0.8453125 0.8828125 0.88125 0.94375 0.88125
13 0.96875 0.915625 0.9390625 0.915625 0.9390625 0.9421875 0.96875 0.9421875
13 0.9984375 0.9234375 0.9703125 0.9234375 0.9703125 0.9625 0.9984375 0.9625
11 1 0.8359375 0.9640625 0.8359375 0.9640625 0.9015625 1 0.9015625
6 0.9703125 0.809375 0.9265625 0.809375 0.9265625 0.8453125 0.9703125 0.8453125
6 0.9625 0.8609375 0.9484375 0.8609375 0.9484375 0.88125 0.9625 0.88125
0 0.815625 0.8203125 0.8046875 0.8203125 0.8046875 0.8328125 0.815625 0.8328125
6 0.825 0.7109375000000002 0.8078125 0.7109375000000002 0.8078125 0.7296875000000002 0.825 0.7296875000000002
13 0.5828125000000002 0.9359375 0.5640625000000001 0.9359375 0.5640625000000001 0.9625 0.5828125000000002 0.9625
6 0.5750000000000002 0.759375 0.4812500000000002 0.759375 0.4812500000000002 0.7828125 0.5750000000000002 0.7828125
6 0.41718750000000016 0.84375 0.40156250000000016 0.84375 0.40156250000000016 0.85625 0.41718750000000016 0.85625
13 0.042187500000000086 0.6796875 0.02656250000000008 0.6796875 0.026562500000000083 0.7015625 0.042187500000000086 0.7015625
12 0.05937500000000009 0.7203125 0.028125000000000087 0.7203125 0.028125000000000087 0.7453125 0.05937500000000009 0.7453125
13 0.9890625 0.6093750000000002 0.9640625 0.6093750000000002 0.9640625 0.6343750000000001 0.9890625 0.6343750000000001
13 0.9453125 0.6781250000000002 0.93125 0.6781250000000002 0.93125 0.6937500000000002 0.9453125 0.6937500000000002
6 0.928125 0.6546875000000002 0.903125 0.6546875000000002 0.903125 0.6937500000000002 0.928125 0.6937500000000002
6 0.9109375 0.6281250000000002 0.884375 0.6281250000000002 0.884375 0.6578125000000001 0.9109375 0.6578125000000001
6 0.8796875 0.6468750000000002 0.865625 0.6468750000000002 0.865625 0.6609375000000002 0.8796875 0.6609375000000002
0 0.878125 0.5125000000000002 0.86875 0.5125000000000002 0.86875 0.5203125000000002 0.878125 0.5203125000000002
12 0.7859375 0.41406250000000017 0.7765625 0.41406250000000017 0.7765625 0.42500000000000016 0.7859375 0.42500000000000016
6 0.778125 0.4500000000000002 0.7390625 0.4500000000000002 0.7390625 0.4781250000000002 0.778125 0.4781250000000002
6 0.715625 0.428125 0.690625 0.428125 0.690625 0.4453125 0.715625 0.4453125
6 0.7265625 0.4203125000000001 0.7046875 0.4203125 0.7046875 0.4375000000000001 0.7265625 0.43750000000000017
6 0.71875 0.403125 0.6890625 0.403125 0.6890625 0.428125 0.71875 0.428125
12 0.771875 0.49218750000000017 0.7515625 0.49218750000000017 0.7515625 0.5125000000000002 0.771875 0.5125000000000002
13 0.7984375 0.6062500000000002 0.7578125 0.6062500000000002 0.7578125 0.6515625000000002 0.7984375 0.6515625000000002
6 0.775 0.5875000000000001 0.746875 0.5875000000000001 0.746875 0.6046875000000002 0.775 0.6046875000000002
6 0.7453125 0.5921875000000002 0.73125 0.5921875000000002 0.73125 0.6046875000000002 0.7453125 0.6046875000000002
10 0.7625 0.5984375000000001 0.71875 0.5984375 0.71875 0.6609375000000001 0.7625 0.6609375000000002
10 0.8171875 0.6546875000000002 0.7578125 0.6546875000000002 0.7578125 0.7093750000000002 0.8171875 0.7093750000000002
0 0.8125 0.88125 0.7843750000000002 0.88125 0.7843750000000002 0.9140625 0.8125 0.9140625
16 0.996875 0.915625 0.9078125 0.915625 0.9078125 0.9828125 0.996875 0.9828125
6 0.9484375 0.9234375 0.8859375 0.9234375 0.8859375 0.9796875 0.9484375 0.9796875
6 0.8015625 0.5531250000000002 0.784375 0.5531250000000002 0.784375 0.5640625000000001 0.8015625 0.5640625000000001
10 0.37968750000000007 0.4046875 0.3156250000000001 0.4046875 0.3156250000000001 0.4359375 0.37968750000000007 0.4359375
6 0.3125000000000001 0.484375 0.2843750000000001 0.484375 0.2843750000000001 0.50625 0.3125000000000001 0.50625
6 0.07343750000000007 0.615625 0.045312500000000075 0.615625 0.045312500000000075 0.646875 0.07343750000000009 0.646875
6 0.2500000000000001 0.9453125 0.2328125000000001 0.9453125 0.2328125000000001 0.9640625 0.2500000000000001 0.9640625
6 0.5234375000000001 0.7171875 0.5078125 0.7171875 0.5078125000000001 0.7296875 0.5234375000000002 0.7296875
6 0.5421875 0.515625 0.5234375 0.515625 0.5234375 0.534375 0.5421875 0.534375
6 0.53125 0.465625 0.5078125 0.465625 0.5078125 0.4859375 0.53125 0.4859375
10 0.628125 0.4046875 0.5890625 0.4046875 0.5890625 0.4375 0.628125 0.4375