13 0.0312500000000001 0.7859375 0.004687500000000096 0.7859375 0.004687500000000099 0.83125 0.0312500000000001 0.83125
11 0.1062500000000001 0.85 0.0312500000000001 0.85 0.031250000000000104 0.8875 0.1062500000000001 0.8875
13 0.1546875000000001 0.6734375 0.11718750000000008 0.6734375 0.11718750000000008 0.70625 0.1546875000000001 0.70625
13 0.21093750000000008 0.65625 0.14843750000000008 0.65625 0.14843750000000008 0.725 0.21093750000000008 0.725
13 0.2578125000000001 0.7265625 0.2328125000000001 0.7265625 0.2328125000000001 0.7421875 0.2578125000000001 0.7421875
13 0.3593750000000001 0.7078125 0.2875000000000001 0.7078125 0.2875000000000001 0.7796875 0.3593750000000001 0.7796875
10 0.3078125000000001 0.8625 0.2468750000000001 0.8625 0.2468750000000001 0.9265625 0.3078125000000001 0.9265625
10 0.2875000000000001 0.8546875 0.2562500000000001 0.8546875 0.2562500000000001 0.8765625 0.2875000000000001 0.8765625
13 0.3234375000000001 0.859375 0.30156250000000007 0.859375 0.30156250000000007 0.89375 0.3234375000000001 0.89375
10 0.4203125000000002 0.815625 0.3468750000000001 0.815625 0.3468750000000001 0.8921875 0.4203125000000002 0.8921875
3 0.4046875000000002 0.7671875 0.3609375000000001 0.7671875 0.3609375000000001 0.815625 0.4046875000000002 0.815625
13 0.4671875000000002 0.8390625 0.4265625000000002 0.8390625 0.4265625000000002 0.884375 0.4671875000000002 0.884375
13 0.49531250000000016 0.796875 0.46406250000000016 0.796875 0.46406250000000016 0.83125 0.49531250000000016 0.83125
13 0.46875000000000017 0.76875 0.3750000000000001 0.76875 0.3750000000000001 0.8359375 0.46875000000000017 0.8359375
10 0.5359375000000002 0.7609375 0.4750000000000002 0.7609375 0.4750000000000002 0.7875 0.5359375000000002 0.7875
12 0.5546875000000001 0.7015625 0.521875 0.7015625 0.5218750000000001 0.734375 0.5546875000000002 0.734375
0 0.5468750000000002 0.75 0.5312500000000002 0.75 0.5312500000000002 0.7640625 0.5468750000000002 0.7640625
0 0.5234375 0.696875 0.5078125 0.696875 0.5078125 0.709375 0.5234375 0.709375
13 0.540625 0.5125 0.496875 0.5125 0.496875 0.5453125 0.540625 0.5453125
10 0.5203125 0.5875 0.453125 0.5875 0.453125 0.63125 0.5203125 0.63125
13 0.5968750000000002 0.8234375 0.5703125000000002 0.8234375 0.5703125000000002 0.8453125 0.5968750000000002 0.8453125
13 0.7125000000000001 0.7921875 0.6062500000000002 0.7921875 0.6062500000000002 0.8796875 0.7125000000000001 0.8796875
15 0.7140625 0.5375 0.603125 0.5375 0.603125 0.64375 0.7140625 0.64375
15 0.5703125 0.5421875 0.5140625 0.5421875 0.5140625 0.6 0.5703125 0.6
13 0.60625 0.615625 0.5453125 0.615625 0.5453125 0.684375 0.60625 0.684375
10 0.690625 0.6421875 0.6265625 0.6421875 0.6265625 0.725 0.690625 0.725
15 0.6640625 0.6234375 0.6 0.6234375 0.6 0.6953125 0.6640625 0.6953125
6 0.846875 0.7500000000000001 0.7187500000000002 0.75 0.7187500000000002 0.978125 0.846875 0.978125
0 0.8 0.9171875 0.7875000000000002 0.9171875 0.7875000000000002 0.9375 0.8 0.9375
13 0.846875 0.871875 0.8203125 0.871875 0.8203125 0.9171875 0.846875 0.9171875
13 0.9234375 0.890625 0.8875 0.890625 0.8875 0.925 0.9234375 0.925
16 1 0.846875 0.890625 0.846875 0.890625 0.9828125 1 0.9828125
13 0.8625 0.7812500000000002 0.8328125 0.7812500000000002 0.8328125 0.8078125 0.8625 0.8078125
15 0.9 0.8 0.8171875 0.8 0.8171875 0.953125 0.9 0.953125
13 0.9375 0.5234375000000002 0.909375 0.5234375000000002 0.909375 0.5453125000000002 0.9375 0.5453125000000002
10 0.83125 0.4984375000000002 0.7953125 0.4984375000000002 0.7953125 0.5468750000000002 0.83125 0.5468750000000002
13 0.85625 0.4203125000000002 0.7984375 0.4203125000000002 0.7984375 0.4625000000000002 0.85625 0.4625000000000002
12 0.9109375 0.42968750000000017 0.8890625 0.42968750000000017 0.8890625 0.4546875000000002 0.9109375 0.4546875000000002
13 0.94375 0.44531250000000017 0.8734375 0.44531250000000017 0.8734375 0.5062500000000002 0.94375 0.5062500000000002
13 0.9796875 0.44062500000000016 0.940625 0.44062500000000016 0.940625 0.4750000000000002 0.9796875 0.4750000000000002
16 0.9328125 0.5015625000000001 0.8375 0.5015625000000001 0.8375 0.5406250000000001 0.9328125 0.5406250000000001
10 0.746875 0.4718750000000001 0.7 0.471875 0.7 0.5250000000000001 0.746875 0.5250000000000001
10 0.6078125 0.4515625 0.5625 0.4515625 0.5625 0.4765625 0.6078125 0.4765625
0 0.5 0.6234375 0.4890625 0.6234375 0.4890625 0.6359375 0.5 0.6359375
10 0.421875 0.5203125 0.3390625000000001 0.5203125 0.3390625000000001 0.6015625 0.421875 0.6015625
13 0.3593750000000001 0.44375 0.3343750000000001 0.44375 0.3343750000000001 0.4703125 0.3593750000000001 0.4703125
10 0.4203125 0.459375 0.3687500000000001 0.459375 0.3687500000000001 0.503125 0.4203125 0.503125
13 0.4046875 0.446875 0.3828125000000001 0.446875 0.3828125000000001 0.4640625 0.4046875 0.4640625
10 0.13281250000000006 0.4375 0.09687500000000004 0.4375 0.09687500000000006 0.46875 0.13281250000000006 0.46875
10 0.4671875 0.5640625 0.434375 0.5640625 0.434375 0.5984375 0.4671875 0.5984375
13 0.8328125 0.3468750000000001 0.8125 0.3468750000000001 0.8125 0.3671875000000001 0.8328125 0.3671875000000001
13 1 0.3703125000000001 0.9796875 0.3703125000000001 0.9796875 0.3937500000000001 1 0.3937500000000001
13 0.875 0.3500000000000001 0.8421875 0.3500000000000001 0.8421875 0.3859375000000001 0.875 0.3859375000000001
13 0.8921875 0.4125000000000002 0.8671875 0.4125000000000002 0.8671875 0.4343750000000002 0.8921875 0.4343750000000002
15 1 0.3671875000000001 0.8703125 0.3671875000000001 0.8703125 0.45312500000000017 1 0.45312500000000017
10 0.43125 0.6203125 0.39531250000000007 0.6203125 0.39531250000000007 0.6578125 0.43125 0.6578125
10 0.21875000000000008 0.78125 0.1937500000000001 0.78125 0.1937500000000001 0.8078125 0.21875000000000008 0.8078125
10 0.3500000000000001 0.8296875 0.2906250000000001 0.8296875 0.2906250000000001 0.8671875 0.3500000000000001 0.8671875
10 0.5437500000000001 0.7125 0.4546875 0.7125 0.4546875000000001 0.75625 0.5437500000000002 0.75625
13 0.5031250000000002 0.74375 0.47968750000000016 0.74375 0.47968750000000016 0.76875 0.5031250000000002 0.76875
13 0.5953125000000001 0.715625 0.553125 0.715625 0.5531250000000001 0.7859375 0.5953125000000001 0.7859375
13 0.7734375000000001 0.7218750000000002 0.75 0.7218750000000002 0.7500000000000001 0.7406250000000002 0.7734375000000002 0.7406250000000002
13 0.8171875 0.7812500000000002 0.7375000000000002 0.7812500000000002 0.7375000000000002 0.8109375 0.8171875 0.8109375
0 0.625 0.45 0.615625 0.45 0.615625 0.4578125 0.625 0.4578125
13 0.634375 0.3968750000000001 0.621875 0.3968750000000001 0.621875 0.409375 0.634375 0.409375
13 0.621875 0.4609375 0.59375 0.4609375 0.59375 0.4859375 0.621875 0.4859375
15 0.6859375 0.4421875 0.6234375 0.4421875 0.6234375 0.503125 0.6859375 0.503125
15 0.40625 0.5859375 0.3234375000000001 0.5859375 0.3234375000000001 0.6671875 0.40625 0.6671875