10 0.5859375 0.5484375 0.50625 0.5484375 0.50625 0.61875 0.5859375 0.61875
6 0.5421875 0.5109375 0.5109375 0.5109375 0.5109375 0.53125 0.5421875 0.53125
12 0.6171875 0.4796875 0.6046875 0.4796875 0.6046875 0.509375 0.6171875 0.509375
6 0.659375 0.5828125 0.63125 0.5828125 0.63125 0.621875 0.659375 0.621875
6 0.7234375 0.596875 0.7078125 0.596875 0.7078125 0.6140625 0.7234375 0.6140625
6 0.703125 0.6796875 0.690625 0.6796875 0.690625 0.69375 0.703125 0.69375
6 0.6828125 0.4140625 0.659375 0.4140625 0.659375 0.4296875 0.6828125 0.4296875
11 0.9390625 0.44843750000000016 0.8875 0.44843750000000016 0.8875 0.47968750000000016 0.9390625 0.47968750000000016
6 0.8984375 0.7921875000000002 0.88125 0.7921875000000002 0.88125 0.8140625 0.8984375 0.8140625
6 0.9484375 0.37187500000000007 0.9234375 0.37187500000000007 0.9234375 0.3921875000000001 0.9484375 0.3921875000000001
10 0.9890625 0.3828125000000001 0.896875 0.3828125000000001 0.896875 0.4500000000000002 0.9890625 0.4500000000000002
0 0.8421875 0.3843750000000001 0.8328125 0.3843750000000001 0.8328125 0.3968750000000001 0.8421875 0.3968750000000001
10 0.95625 0.2906250000000001 0.896875 0.2906250000000001 0.896875 0.34843750000000007 0.95625 0.34843750000000007
13 0.896875 0.3296875000000001 0.871875 0.3296875000000001 0.871875 0.36406250000000007 0.896875 0.36406250000000007
0 0.9703125 0.2984375000000001 0.959375 0.2984375000000001 0.959375 0.3125000000000001 0.9703125 0.3125000000000001
10 0.8734375 0.1921875000000001 0.8078125 0.1921875000000001 0.8078125 0.23593750000000008 0.8734375 0.23593750000000008
10 0.84375 0.17343750000000008 0.8015625 0.17343750000000008 0.8015625 0.1984375000000001 0.84375 0.1984375000000001
10 0.8390625 0.14218750000000008 0.7953125 0.14218750000000008 0.7953125 0.1765625000000001 0.8390625 0.1765625000000001
10 0.7875 0.1546875000000001 0.7484375 0.1546875000000001 0.7484375 0.18906250000000008 0.7875 0.18906250000000008
6 0.790625 0.1906250000000001 0.78125 0.1906250000000001 0.78125 0.2000000000000001 0.790625 0.2000000000000001
13 0.7421875 0.2218750000000001 0.725 0.2218750000000001 0.725 0.23437500000000008 0.7421875 0.23437500000000008
6 0.75 0.15625000000000008 0.7390625 0.15625000000000008 0.7390625 0.1687500000000001 0.75 0.1687500000000001
0 0.6921875 0.1468750000000001 0.6859375 0.1468750000000001 0.6859375 0.15625000000000008 0.6921875 0.15625000000000008
6 0.5578125 0.21250000000000008 0.5421875 0.21250000000000008 0.5421875 0.2296875000000001 0.5578125 0.2296875000000001
6 0.3609375000000001 0.5953125 0.3343750000000001 0.5953125 0.3343750000000001 0.628125 0.3609375000000001 0.628125
6 0.3421875000000001 0.8 0.3234375000000001 0.8 0.3234375000000001 0.815625 0.3421875000000001 0.815625
11 0.2375000000000001 0.3984375 0.19218750000000004 0.3984375 0.19218750000000004 0.43125 0.2375000000000001 0.43125
6 0.3796875 0.31718750000000007 0.365625 0.31718750000000007 0.365625 0.3390625000000001 0.3796875 0.3390625000000001
10 0.50625 0.3140625000000001 0.446875 0.3140625000000001 0.446875 0.3546875000000001 0.50625 0.3546875000000001
13 0.509375 0.25468750000000007 0.49375 0.25468750000000007 0.49375 0.2671875000000001 0.509375 0.2671875000000001
6 0.48125 0.2671875000000001 0.4625 0.2671875000000001 0.4625 0.27812500000000007 0.48125 0.27812500000000007