13 0.1859375000000001 0.6421875 0.1218750000000001 0.6421875 0.1218750000000001 0.7109375 0.1859375000000001 0.7109375
13 0.1312500000000001 0.659375 0.09218750000000009 0.659375 0.09218750000000009 0.6921875 0.1312500000000001 0.6921875
13 0.2312500000000001 0.7125 0.2093750000000001 0.7125 0.2093750000000001 0.73125 0.2312500000000001 0.73125
13 0.33281250000000007 0.696875 0.2562500000000001 0.696875 0.2562500000000001 0.7640625 0.33281250000000007 0.7640625
3 0.37968750000000007 0.75 0.3343750000000001 0.75 0.3343750000000001 0.8 0.37968750000000007 0.8
11 0.0875000000000001 0.8375 0.0015625000000001027 0.8375 0.0015625000000001048 0.8734375 0.0875000000000001 0.8734375
15 0.684375 0.5234375 0.571875 0.5234375 0.571875 0.634375 0.684375 0.634375
15 0.5453125 0.5265625 0.4890625 0.5265625 0.4890625 0.5875 0.5453125 0.5875
16 0.9046875 0.4890625000000002 0.809375 0.4890625000000002 0.809375 0.5328125000000001 0.9046875 0.5328125000000001
10 0.803125 0.48750000000000016 0.76875 0.48750000000000016 0.76875 0.5375000000000002 0.803125 0.5375000000000002
10 0.8328125 0.40937500000000016 0.7734375 0.40937500000000016 0.7734375 0.4500000000000002 0.8328125 0.4500000000000002
13 0.9203125 0.4359375000000002 0.846875 0.4359375000000002 0.846875 0.49531250000000016 0.9203125 0.49531250000000016
13 0.9515625 0.4281250000000002 0.9109375 0.4281250000000002 0.9109375 0.4625000000000002 0.9515625 0.4625000000000002
12 0.8859375 0.41718750000000016 0.8640625 0.41718750000000016 0.8640625 0.44531250000000017 0.8859375 0.44531250000000017
12 0.98125 0.6921875000000002 0.953125 0.6921875000000002 0.953125 0.7312500000000002 0.98125 0.7312500000000002
16 0.9984375 0.8265625 0.8609375 0.8265625 0.8609375 0.96875 0.9984375 0.96875
6 0.81875 0.7343750000000001 0.6890625000000001 0.734375 0.6890625000000001 0.9578125 0.81875 0.9578125
13 0.7875000000000002 0.7671875000000001 0.7109375000000002 0.7671875 0.7109375000000002 0.7921875 0.7875000000000002 0.7921875000000002
13 0.896875 0.8671875 0.8609375 0.8671875 0.8609375 0.9046875 0.896875 0.9046875
13 0.815625 0.853125 0.7875000000000002 0.853125 0.7875000000000002 0.9 0.815625 0.9
13 0.8328125 0.7640625000000002 0.803125 0.7640625000000002 0.803125 0.7906250000000001 0.8328125 0.7906250000000001
13 0.5671875000000002 0.80625 0.5437500000000002 0.80625 0.5437500000000002 0.828125 0.5671875000000002 0.828125
13 0.6843750000000002 0.7765625 0.5781250000000002 0.7765625 0.5781250000000002 0.8625 0.6843750000000002 0.8625
10 0.4046875000000002 0.79375 0.3187500000000001 0.79375 0.3187500000000001 0.8765625 0.4046875000000002 0.8765625
13 0.4421875000000002 0.7515625 0.3468750000000001 0.7515625 0.3468750000000001 0.8203125 0.4421875000000002 0.8203125
13 0.4656250000000002 0.7828125 0.43750000000000017 0.7828125 0.43750000000000017 0.815625 0.4656250000000002 0.815625
10 0.5078125000000002 0.7421875 0.4468750000000002 0.7421875 0.4468750000000002 0.7703125 0.5078125000000002 0.7703125
0 0.5171875000000001 0.7328125 0.5046875000000002 0.7328125 0.5046875000000002 0.7484375 0.5171875000000001 0.7484375
10 0.5265625 0.684375 0.49375 0.684375 0.49375 0.7203125 0.5265625 0.7203125
10 0.5125000000000001 0.7 0.4375 0.7 0.4375000000000001 0.7390625 0.5125000000000002 0.7390625
10 0.28593750000000007 0.84375 0.2062500000000001 0.84375 0.2062500000000001 0.9140625 0.28593750000000007 0.9140625
10 0.2609375000000001 0.8375 0.2312500000000001 0.8375 0.2312500000000001 0.859375 0.2609375000000001 0.859375
13 0.2968750000000001 0.8453125 0.2765625000000001 0.8453125 0.2765625000000001 0.878125 0.2968750000000001 0.878125
13 0.3359375000000001 0.43125 0.3109375000000001 0.43125 0.3109375000000001 0.4578125 0.3359375000000001 0.4578125
10 0.3984375000000001 0.5046875 0.3187500000000001 0.5046875 0.3187500000000001 0.59375 0.3984375000000001 0.59375
10 0.49375 0.5734375 0.428125 0.5734375 0.428125 0.615625 0.49375 0.615625
13 0.5109375 0.5015625 0.471875 0.5015625 0.471875 0.5328125 0.5109375 0.5328125
10 0.4390625 0.55 0.409375 0.55 0.409375 0.5828125 0.4390625 0.5828125
10 0.39531250000000007 0.45 0.3437500000000001 0.45 0.3437500000000001 0.4921875 0.39531250000000007 0.4921875
13 0.578125 0.603125 0.515625 0.603125 0.515625 0.6734375 0.578125 0.6734375
0 0.496875 0.68125 0.4828125 0.68125 0.4828125 0.69375 0.496875 0.69375
13 0.9765625 0.3593750000000001 0.95625 0.3593750000000001 0.95625 0.37968750000000007 0.9765625 0.37968750000000007
10 0.7203125 0.4609375 0.6765625 0.4609375 0.6765625 0.5125 0.7203125 0.5125
13 0.5734375 0.48125 0.5265625 0.48125 0.5265625 0.5203125 0.5734375 0.5203125
13 0.5671875000000001 0.703125 0.5265625 0.703125 0.5265625 0.7703125 0.5671875000000002 0.7703125
13 0.4234375000000001 0.71875 0.37968750000000007 0.71875 0.37968750000000007 0.7453125 0.4234375000000002 0.7453125
13 0.44062500000000016 0.825 0.4000000000000002 0.825 0.4000000000000002 0.86875 0.44062500000000016 0.86875
10 0.10937500000000004 0.428125 0.07187500000000005 0.428125 0.07187500000000005 0.4625 0.10937500000000004 0.4625
13 0.37968750000000007 0.434375 0.35625000000000007 0.434375 0.35625000000000007 0.4546875 0.37968750000000007 0.4546875
15 0.665625 0.434375 0.5328125 0.434375 0.5328125 0.5234375 0.665625 0.5234375
15 0.9703125 0.3625000000000001 0.7984375 0.3625000000000001 0.7984375 0.4437500000000002 0.9703125 0.4437500000000002
13 0.809375 0.3390625000000001 0.7890625 0.3390625000000001 0.7890625 0.35625000000000007 0.809375 0.35625000000000007
10 0.6546875 0.646875 0.5984375 0.646875 0.5984375 0.7125 0.6546875 0.7125
15 0.634375 0.6203125 0.571875 0.6203125 0.571875 0.684375 0.634375 0.684375
15 0.4390625 0.5859375 0.30156250000000007 0.5859375 0.30156250000000007 0.6546875 0.4390625 0.6546875
10 0.5109375 0.60625 0.4265625 0.60625 0.4265625 0.6625 0.5109375 0.6625
10 0.1937500000000001 0.7671875 0.1671875000000001 0.7671875 0.1671875000000001 0.79375 0.1937500000000001 0.79375
13 0.4906250000000002 0.7921875 0.4593750000000002 0.7921875 0.4593750000000002 0.81875 0.4906250000000002 0.81875