10 0.2250000000000001 0.7125 0.1375000000000001 0.7125 0.1375000000000001 0.8015625 0.2250000000000001 0.8015625
10 0.296875 0.2984375 0.2515625 0.2984375 0.2515625 0.340625 0.296875 0.340625
10 0.32031250000000006 0.34375 0.2734375 0.34375 0.27343750000000006 0.4078125 0.3203125000000001 0.4078125
11 0.3031250000000001 0.403125 0.2812500000000001 0.403125 0.2812500000000001 0.440625 0.3031250000000001 0.440625
13 0.2515625 0.3609375 0.2296875 0.3609375 0.22968750000000004 0.384375 0.2515625000000001 0.384375
13 0.20000000000000004 0.35625 0.18125000000000005 0.35625 0.18125000000000005 0.3734375 0.2000000000000001 0.3734375
0 0.23593750000000008 0.415625 0.22812500000000008 0.415625 0.22812500000000008 0.428125 0.23593750000000008 0.428125
6 0.27656250000000004 0.3625 0.2609375 0.3625 0.26093750000000004 0.3828125 0.2765625000000001 0.3828125
10 0.5 0.30937500000000007 0.4671875 0.30937500000000007 0.4671875 0.3468750000000001 0.5 0.3468750000000001
10 0.5125 0.3375000000000001 0.4796875 0.3375000000000001 0.4796875 0.3671875000000001 0.5125 0.3671875000000001
10 0.6171875 0.3062500000000001 0.571875 0.3062500000000001 0.571875 0.3468750000000001 0.6171875 0.3468750000000001
13 0.675 0.484375 0.6421875 0.484375 0.6421875 0.50625 0.675 0.50625
13 0.725 0.484375 0.703125 0.484375 0.703125 0.5125 0.725 0.5125
13 0.6875 0.50625 0.6703125 0.50625 0.6703125 0.5328125 0.6875 0.5328125
6 0.6296875 0.534375 0.615625 0.534375 0.615625 0.5515625 0.6296875 0.5515625
6 0.6640625 0.37187500000000007 0.65 0.37187500000000007 0.65 0.3859375000000001 0.6640625 0.3859375000000001
6 0.5515625 0.3468750000000001 0.5390625 0.3468750000000001 0.5390625 0.3625000000000001 0.5515625 0.3625000000000001
12 0.571875 0.3109375000000001 0.559375 0.3109375000000001 0.559375 0.3281250000000001 0.571875 0.3281250000000001
12 0.59375 0.2921875000000001 0.5765625 0.2921875000000001 0.5765625 0.30937500000000007 0.59375 0.30937500000000007
10 0.6125 0.2234375000000001 0.5734375 0.2234375000000001 0.5734375 0.2640625000000001 0.6125 0.2640625000000001
16 0.5375 0.18281250000000004 0.5046875 0.18281250000000004 0.5046875 0.2234375000000001 0.5375 0.2234375000000001
6 0.50625 0.17968750000000006 0.4890625 0.17968750000000006 0.4890625 0.19531250000000006 0.50625 0.19531250000000006
10 0.3984375 0.19687500000000005 0.346875 0.19687500000000005 0.346875 0.23437500000000006 0.3984375 0.23437500000000008
12 0.18906250000000008 0.6453125 0.1671875000000001 0.6453125 0.1671875000000001 0.675 0.18906250000000008 0.675
6 0.18437500000000004 0.4953125 0.16406250000000006 0.4953125 0.16406250000000006 0.5203125 0.18437500000000004 0.5203125
6 0.2890625000000001 0.6203125 0.26250000000000007 0.6203125 0.26250000000000007 0.6546875 0.2890625000000001 0.6546875
13 0.11875000000000005 0.371875 0.10312500000000005 0.371875 0.10312500000000005 0.3921875 0.11875000000000005 0.3921875
10 0.12031250000000004 0.3015625 0.07500000000000004 0.3015625 0.07500000000000004 0.3375 0.12031250000000004 0.3375
10 0.215625 0.2890625 0.15468750000000003 0.2890625 0.15468750000000003 0.31875 0.215625 0.31875
10 0.19062500000000004 0.2734375 0.15000000000000005 0.2734375 0.15000000000000005 0.2984375 0.19062500000000004 0.2984375
10 0.18906250000000005 0.2546875 0.14687500000000003 0.2546875 0.14687500000000003 0.2765625 0.18906250000000005 0.2765625
6 0.18593750000000003 0.334375 0.17500000000000004 0.334375 0.17500000000000004 0.3484375 0.18593750000000003 0.3484375
6 0.13281250000000006 0.3265625 0.12343750000000005 0.3265625 0.12343750000000005 0.3375 0.13281250000000006 0.3375
6 0.14531250000000004 0.2921875 0.13750000000000004 0.2921875 0.13750000000000004 0.303125 0.14531250000000004 0.303125
6 0.07187500000000005 0.31875 0.06093750000000005 0.31875 0.06093750000000005 0.33125 0.07187500000000005 0.33125
6 0.10781250000000005 0.209375 0.08593750000000003 0.209375 0.08593750000000003 0.2265625 0.10781250000000005 0.2265625
6 0.140625 0.171875 0.128125 0.171875 0.128125 0.18125 0.140625 0.18125
6 0.3828125000000001 0.659375 0.3734375000000001 0.659375 0.3734375000000001 0.671875 0.3828125000000001 0.671875
6 0.3156250000000001 0.6125 0.3031250000000001 0.6125 0.3031250000000001 0.6265625 0.3156250000000001 0.6265625
6 0.6046875 0.4375 0.5921875 0.4375 0.5921875 0.453125 0.6046875 0.453125
0 0.7656250000000002 0.7375000000000002 0.7546875000000002 0.7375000000000002 0.7546875000000002 0.7546875000000002 0.7656250000000002 0.7546875000000002