11 0.2453125000000001 0.4515625 0.20468750000000008 0.4515625 0.20468750000000008 0.475 0.2453125000000001 0.475
10 0.4640625 0.4578125 0.3593750000000001 0.4578125 0.3593750000000001 0.4859375 0.4640625 0.4859375
6 0.17187500000000006 0.446875 0.13125000000000003 0.446875 0.13125000000000003 0.4609375 0.17187500000000006 0.4609375
6 0.54375 0.4015625 0.5109375 0.4015625 0.5109375 0.415625 0.54375 0.415625
12 0.465625 0.4328125 0.4375 0.4328125 0.4375 0.4453125 0.465625 0.4453125
10 0.259375 0.346875 0.17812500000000003 0.346875 0.17812500000000003 0.3734375 0.2593750000000001 0.3734375
6 0.13750000000000004 0.3640625 0.10625000000000004 0.3640625 0.10625000000000004 0.3734375 0.13750000000000004 0.3734375
11 0.528125 0.3125000000000001 0.4875 0.3125000000000001 0.4875 0.3203125000000001 0.528125 0.3203125000000001
10 0.55 0.2843750000000001 0.4953125 0.2843750000000001 0.4953125 0.3078125000000001 0.55 0.3078125000000001
10 0.5265625 0.2578125000000001 0.475 0.2578125000000001 0.475 0.2750000000000001 0.5265625 0.2750000000000001
10 0.3640625 0.24531250000000004 0.3109375 0.2453125 0.3109375 0.259375 0.3640625 0.2593750000000001
10 0.4328125 0.2296875000000001 0.3796875 0.2296875000000001 0.3796875 0.2390625000000001 0.4328125 0.2390625000000001
10 0.7453125 0.2328125000000001 0.6765625 0.2328125000000001 0.6765625 0.2453125000000001 0.7453125 0.2453125000000001
10 0.4328125 0.2390625000000001 0.3828125 0.2390625000000001 0.3828125 0.2484375000000001 0.4328125 0.2484375000000001
10 0.453125 0.2484375000000001 0.375 0.2484375000000001 0.375 0.2593750000000001 0.453125 0.2593750000000001
13 0.46875 0.2843750000000001 0.4421875 0.2843750000000001 0.4421875 0.29375000000000007 0.46875 0.29375000000000007
13 0.41875 0.2812500000000001 0.396875 0.2812500000000001 0.396875 0.2875000000000001 0.41875 0.2875000000000001
13 0.3359375 0.2859375 0.3125 0.2859375 0.3125 0.2921875 0.3359375 0.2921875
10 0.5703125 0.64375 0.4640625 0.64375 0.4640625 0.690625 0.5703125 0.690625
10 0.8484375 0.2984375000000001 0.7828125 0.2984375000000001 0.7828125 0.3281250000000001 0.8484375 0.3281250000000001
16 1 0.2375000000000001 0.953125 0.2375000000000001 0.953125 0.2593750000000001 1 0.2593750000000001
6 0.359375 0.2109375 0.33125 0.2109375 0.33125 0.2171875 0.359375 0.2171875
10 0.10937500000000004 0.1828125 0.06093750000000002 0.1828125 0.06093750000000002 0.1890625 0.10937500000000004 0.1890625
12 0.025000000000000022 0.1421875 0.009375000000000017 0.1421875 0.009375000000000017 0.146875 0.025000000000000022 0.146875
6 0.13593750000000004 0.3078125 0.10000000000000005 0.3078125 0.10000000000000005 0.3140625 0.13593750000000004 0.3140625
13 0.2125 0.3109375 0.19375000000000003 0.3109375 0.19375000000000003 0.3171875 0.2125 0.3171875
6 0.5859375 0.409375 0.56875 0.409375 0.56875 0.4171875 0.5859375 0.4171875
6 0.8109375 0.4500000000000002 0.7921875 0.4500000000000002 0.7921875 0.45625000000000016 0.8109375 0.45625000000000016
6 0.8734375 0.4312500000000002 0.840625 0.4312500000000002 0.840625 0.4390625000000002 0.8734375 0.4390625000000002
6 0.6984375 0.4546875 0.6828125 0.4546875 0.6828125 0.4609375 0.6984375 0.4609375
0 0.60625 0.2531250000000001 0.5984375 0.2531250000000001 0.5984375 0.2562500000000001 0.60625 0.2562500000000001
10 0.7609375 0.18750000000000008 0.71875 0.18750000000000008 0.71875 0.1984375000000001 0.7609375 0.1984375000000001
10 0.025000000000000012 0.0796875 9.75890418070547e-18 0.0796875 1.0332957367805793e-17 0.0890625 0.025000000000000012 0.0890625
10 0.2 0.09531250000000002 0.1515625 0.09531250000000002 0.1515625 0.10312500000000002 0.2 0.10312500000000005
10 0.390625 0.05468750000000004 0.3515625 0.05468750000000004 0.3515625 0.06093750000000005 0.390625 0.06093750000000005
10 0.325 0.05468750000000004 0.290625 0.05468750000000004 0.290625 0.06093750000000005 0.325 0.06093750000000005
6 0.3546875 0.2609375 0.340625 0.2609375 0.340625 0.265625 0.3546875 0.265625
6 0.496875 0.2890625000000001 0.471875 0.2890625000000001 0.471875 0.2968750000000001 0.496875 0.2968750000000001
0 0.4484375 0.3062500000000001 0.4375 0.3062500000000001 0.4375 0.3109375000000001 0.4484375 0.3109375000000001
0 0.2609375 0.259375 0.2484375 0.259375 0.2484375 0.2640625 0.2609375 0.2640625
6 0.4078125 0.2000000000000001 0.3890625 0.2000000000000001 0.3890625 0.2062500000000001 0.4078125 0.2062500000000001
6 0.415625 0.33281250000000007 0.3890625 0.33281250000000007 0.3890625 0.3390625000000001 0.415625 0.3390625000000001
6 0.9390625 0.3156250000000001 0.9203125 0.3156250000000001 0.9203125 0.3218750000000001 0.9390625 0.3218750000000001
6 0.4046875 0.2718750000000001 0.3890625 0.2718750000000001 0.3890625 0.27812500000000007 0.4046875 0.27812500000000007
6 0.3109375 0.2484375 0.2953125 0.2484375 0.2953125 0.2546875 0.3109375 0.2546875
6 0.18750000000000006 0.18593750000000003 0.16718750000000004 0.1859375 0.16718750000000004 0.1921875 0.18750000000000006 0.19218750000000004
13 0.14843750000000006 0.1859375 0.12812500000000004 0.1859375 0.12812500000000004 0.1921875 0.14843750000000006 0.1921875
10 0.79375 0.13437500000000008 0.7390625 0.13437500000000008 0.7390625 0.1437500000000001 0.79375 0.1437500000000001
10 0.7703125 0.10937500000000008 0.734375 0.10937500000000008 0.734375 0.11875000000000009 0.7703125 0.11875000000000009
6 0.7609375 0.12343750000000009 0.7359375 0.12343750000000009 0.7359375 0.1281250000000001 0.7609375 0.1281250000000001