10 0.634375 0.640625 0.5375 0.640625 0.5375 0.6890625 0.634375 0.6890625
10 0.503125 0.4453125 0.4 0.4453125 0.4 0.475 0.503125 0.475
12 0.503125 0.421875 0.4734375 0.421875 0.4734375 0.4359375 0.503125 0.4359375
10 0.5640625 0.3890625000000001 0.5296875 0.3890625000000001 0.5296875 0.4015625 0.5640625 0.4015625
11 0.2828125000000001 0.4375 0.22031250000000008 0.4375 0.22031250000000008 0.453125 0.2828125000000001 0.453125
11 0.5296875 0.3031250000000001 0.48125 0.3031250000000001 0.48125 0.3140625000000001 0.5296875 0.3140625000000001
10 0.55 0.2750000000000001 0.4953125 0.2750000000000001 0.4953125 0.2984375000000001 0.55 0.2984375000000001
10 0.525 0.2484375000000001 0.471875 0.2484375000000001 0.471875 0.2671875000000001 0.525 0.2671875000000001
10 0.5 0.2812500000000001 0.475 0.2812500000000001 0.475 0.2875000000000001 0.5 0.2875000000000001
13 0.471875 0.2750000000000001 0.44375 0.2750000000000001 0.44375 0.2843750000000001 0.471875 0.2843750000000001
0 0.453125 0.2968750000000001 0.44375 0.2968750000000001 0.44375 0.3000000000000001 0.453125 0.3000000000000001
13 0.425 0.2718750000000001 0.4015625 0.2718750000000001 0.4015625 0.2765625000000001 0.425 0.2765625000000001
10 0.434375 0.2218750000000001 0.3828125 0.2218750000000001 0.3828125 0.2312500000000001 0.434375 0.2312500000000001
10 0.4515625 0.2390625000000001 0.3765625 0.2390625000000001 0.3765625 0.2515625000000001 0.4515625 0.2515625000000001
10 0.17031250000000003 0.3546875 0.14218750000000005 0.3546875 0.14218750000000005 0.3640625 0.17031250000000003 0.3640625
10 0.16562500000000005 0.3 0.12968750000000004 0.3 0.12968750000000004 0.3078125 0.16562500000000005 0.3078125
10 0.134375 0.1734375 0.08593750000000003 0.1734375 0.08593750000000003 0.18125 0.134375 0.18125
13 0.16875 0.1796875 0.15 0.1796875 0.15000000000000002 0.184375 0.16875000000000004 0.184375
10 0.10000000000000005 0.225 0.07500000000000002 0.225 0.07500000000000002 0.23125 0.10000000000000005 0.23125
10 0.0546875 0.071875 0.01562500000000001 0.071875 0.01562500000000001 0.0796875 0.0546875 0.0796875
10 0.029687500000000016 0.1359375 1.6647542425909335e-17 0.1359375 1.7221595613009655e-17 0.1453125 0.029687500000000023 0.1453125
12 0.05625000000000002 0.134375 0.04218750000000001 0.134375 0.04218750000000002 0.1390625 0.05625000000000002 0.1390625
10 0.2234375 0.08593750000000003 0.1734375 0.08593750000000003 0.1734375 0.09531250000000002 0.2234375 0.09531250000000002
13 0.365625 0.20312500000000006 0.3359375 0.203125 0.3359375 0.21093750000000006 0.365625 0.21093750000000008
10 0.7578125 0.22656250000000008 0.675 0.22656250000000008 0.675 0.24218750000000008 0.7578125 0.24218750000000008
10 0.84375 0.29375000000000007 0.7890625 0.29375000000000007 0.7890625 0.3218750000000001 0.84375 0.3218750000000001
10 1 0.24218750000000008 0.9625 0.24218750000000008 0.9625 0.25468750000000007 1 0.25468750000000007
10 0.7609375 0.18750000000000008 0.73125 0.18750000000000008 0.73125 0.19531250000000008 0.7609375 0.19531250000000008
10 0.7859375 0.1062500000000001 0.7625 0.1062500000000001 0.7625 0.1140625000000001 0.7859375 0.1140625000000001
10 0.8140625 0.13281250000000008 0.765625 0.13281250000000008 0.765625 0.1375000000000001 0.8140625 0.1375000000000001
10 0.41875 0.04843750000000005 0.378125 0.04843750000000004 0.378125 0.05468750000000004 0.41875 0.05468750000000004
10 0.346875 0.050000000000000044 0.3171875 0.050000000000000044 0.3171875 0.05468750000000004 0.346875 0.05468750000000004
10 0.375 0.23750000000000004 0.31875 0.2375 0.31875 0.25000000000000006 0.375 0.2500000000000001
13 0.409375 0.19531250000000006 0.39375 0.19531250000000006 0.39375 0.19843750000000004 0.409375 0.19843750000000004
13 0.346875 0.2765625 0.3234375 0.2765625 0.3234375 0.284375 0.346875 0.284375
6 0.365625 0.25312500000000004 0.353125 0.253125 0.353125 0.25781250000000006 0.365625 0.2578125000000001
10 0.4359375 0.2312500000000001 0.3890625 0.2312500000000001 0.3890625 0.2406250000000001 0.4359375 0.2406250000000001
6 0.4109375 0.26250000000000007 0.396875 0.26250000000000007 0.396875 0.2687500000000001 0.4109375 0.2687500000000001
6 0.17968750000000006 0.4390625 0.14531250000000004 0.4390625 0.14531250000000004 0.45 0.17968750000000006 0.45
6 0.490625 0.415625 0.459375 0.415625 0.459375 0.4265625 0.490625 0.4265625
6 0.60625 0.3968750000000001 0.5875 0.3968750000000001 0.5875 0.4046875 0.60625 0.4046875
6 0.9375 0.3109375000000001 0.9203125 0.3109375000000001 0.9203125 0.31718750000000007 0.9375 0.31718750000000007
6 0.4296875 0.3218750000000001 0.403125 0.3218750000000001 0.403125 0.3281250000000001 0.4296875 0.3281250000000001
10 0.2625 0.3390625 0.209375 0.3390625 0.209375 0.3609375 0.2625 0.3609375
6 0.16718750000000004 0.3296875 0.14062500000000006 0.3296875 0.14062500000000006 0.3375 0.16718750000000004 0.3375
6 0.15000000000000005 0.271875 0.13437500000000005 0.271875 0.13437500000000005 0.2765625 0.15000000000000005 0.2765625
0 0.2765625 0.25 0.2671875 0.25 0.2671875 0.2546875 0.2765625 0.2546875
6 0.2046875 0.17812500000000003 0.184375 0.17812500000000003 0.184375 0.18437500000000004 0.2046875 0.18437500000000004
6 0.3046875 0.18906250000000005 0.2484375 0.18906250000000005 0.2484375 0.19843750000000004 0.3046875 0.19843750000000004
0 0.6078125 0.2453125000000001 0.59375 0.2453125000000001 0.59375 0.2500000000000001 0.6078125 0.2500000000000001
6 0.9703125 0.2328125000000001 0.946875 0.2328125000000001 0.946875 0.2390625000000001 0.9703125 0.2390625000000001
6 0.825 0.4390625000000002 0.80625 0.4390625000000002 0.80625 0.4468750000000002 0.825 0.4468750000000002
6 0.725 0.4421875 0.7078125 0.4421875 0.7078125 0.4484375 0.725 0.4484375
6 0.8796875 0.4234375000000002 0.8484375 0.4234375000000002 0.8484375 0.4312500000000002 0.8796875 0.4312500000000002
6 0.7859375 0.12031250000000009 0.7578125 0.12031250000000009 0.7578125 0.12500000000000008 0.7859375 0.12500000000000008