11 0.24375000000000008 0.4296875 0.19687500000000005 0.4296875 0.19687500000000005 0.4671875 0.24375000000000008 0.4671875
6 0.36406250000000007 0.5703125 0.34062500000000007 0.5703125 0.34062500000000007 0.609375 0.36406250000000007 0.609375
10 0.5265625 0.3031250000000001 0.4796875 0.3031250000000001 0.4796875 0.3453125000000001 0.5265625 0.3453125000000001
6 0.5734375 0.5046875 0.5390625 0.5046875 0.5390625 0.5328125 0.5734375 0.5328125
10 0.6109375 0.553125 0.534375 0.553125 0.534375 0.61875 0.6109375 0.61875
12 0.640625 0.4796875 0.6265625 0.4796875 0.6265625 0.5109375 0.640625 0.5109375
6 0.6953125 0.58125 0.665625 0.58125 0.665625 0.6203125 0.6953125 0.6203125
6 0.7578125 0.6000000000000002 0.740625 0.6000000000000002 0.740625 0.6187500000000001 0.7578125 0.6187500000000001
6 0.74375 0.6859375000000002 0.7328125 0.6859375000000002 0.7328125 0.7015625000000002 0.74375 0.7015625000000002
6 0.7109375 0.409375 0.690625 0.409375 0.690625 0.4234375 0.7109375 0.4234375
13 0.759375 0.2171875000000001 0.740625 0.2171875000000001 0.740625 0.2328125000000001 0.759375 0.2328125000000001
0 0.8578125 0.37968750000000007 0.846875 0.37968750000000007 0.846875 0.39531250000000007 0.8578125 0.39531250000000007
13 0.846875 0.27031250000000007 0.825 0.27031250000000007 0.825 0.2921875000000001 0.846875 0.2921875000000001
11 0.953125 0.4515625000000002 0.9015625 0.4515625000000002 0.9015625 0.4812500000000002 0.953125 0.4812500000000002
13 0.9109375 0.3296875000000001 0.884375 0.3296875000000001 0.884375 0.3609375000000001 0.9109375 0.3609375000000001
10 0.9734375 0.2953125000000001 0.9171875 0.2953125000000001 0.9171875 0.3453125000000001 0.9734375 0.3453125000000001
10 0.9984375 0.37968750000000007 0.9109375 0.37968750000000007 0.9109375 0.4515625000000002 0.9984375 0.4515625000000002
6 0.8390625 0.24218750000000008 0.825 0.24218750000000008 0.825 0.2562500000000001 0.8390625 0.2562500000000001
6 0.80625 0.1828125000000001 0.79375 0.1828125000000001 0.79375 0.1984375000000001 0.80625 0.1984375000000001
10 0.884375 0.1906250000000001 0.81875 0.1906250000000001 0.81875 0.2328125000000001 0.884375 0.2328125000000001
10 0.8578125 0.1437500000000001 0.8140625 0.1437500000000001 0.8140625 0.17187500000000008 0.8578125 0.17187500000000008
10 0.859375 0.1671875000000001 0.81875 0.1671875000000001 0.81875 0.1921875000000001 0.859375 0.1921875000000001
10 0.8109375 0.1531250000000001 0.7625 0.1531250000000001 0.7625 0.18125000000000008 0.8109375 0.18125000000000008
6 0.7609375 0.1515625000000001 0.75 0.1515625000000001 0.75 0.16562500000000008 0.7609375 0.16562500000000008
6 0.8125 0.0421875000000001 0.790625 0.0421875000000001 0.790625 0.06406250000000009 0.8125 0.06406250000000009
0 0.7046875 0.14062500000000008 0.6984375 0.14062500000000008 0.6984375 0.1468750000000001 0.7046875 0.1468750000000001
6 0.5828125 0.2000000000000001 0.5625 0.2000000000000001 0.5625 0.22031250000000008 0.5828125 0.22031250000000008
6 0.640625 0.02656250000000008 0.6203125 0.02656250000000008 0.6203125 0.05156250000000008 0.640625 0.05156250000000009
13 0.5375 0.2468750000000001 0.5203125 0.2468750000000001 0.5203125 0.2578125000000001 0.5375 0.2578125000000001
15 0.640625 0.2390625000000001 0.6171875 0.2390625000000001 0.6171875 0.2640625000000001 0.640625 0.2640625000000001
15 0.6171875 0.17187500000000008 0.6015625 0.17187500000000008 0.6015625 0.2000000000000001 0.6171875 0.2000000000000001
6 0.3468750000000001 0.7796875 0.3281250000000001 0.7796875 0.3281250000000001 0.7984375 0.3468750000000001 0.7984375