10 0.9078125 0.34062500000000007 0.8390625 0.34062500000000007 0.8390625 0.3812500000000001 0.9078125 0.3812500000000001
10 0.8484375 0.5015625000000001 0.7609375 0.5015625000000001 0.7609375 0.5687500000000002 0.8484375 0.5687500000000002
8 0.803125 0.5656250000000002 0.7546875 0.5656250000000002 0.7546875 0.5937500000000002 0.803125 0.5937500000000002
10 0.803125 0.41718750000000016 0.74375 0.41718750000000016 0.74375 0.46406250000000016 0.803125 0.46406250000000016
9 0.8078125 0.4234375000000002 0.7984375 0.4234375000000002 0.7984375 0.4343750000000002 0.8078125 0.4343750000000002
13 0.7609375 0.45312500000000017 0.7375 0.45312500000000017 0.7375 0.4828125000000002 0.7609375 0.4828125000000002
9 0.7078125 0.50625 0.7 0.50625 0.7 0.5171875 0.7078125 0.5171875
13 0.6890625 0.3984375000000001 0.6703125 0.3984375000000001 0.6703125 0.4171875 0.6890625 0.4171875
6 0.8640625 0.8265625 0.84375 0.8265625 0.84375 0.84375 0.8640625 0.84375
6 0.9921875 0.8890625 0.975 0.8890625 0.975 0.934375 0.9921875 0.934375
10 1 0.6390625000000002 0.959375 0.6390625000000002 0.959375 0.6937500000000002 1 0.6937500000000002
10 0.996875 0.5953125000000001 0.9453125 0.5953125000000001 0.9453125 0.6437500000000002 0.996875 0.6437500000000002
6 0.859375 0.6171875000000002 0.8515625 0.6171875000000002 0.8515625 0.6437500000000002 0.859375 0.6437500000000002
6 0.9015625 0.6390625000000002 0.8859375 0.6390625000000002 0.8859375 0.6531250000000002 0.9015625 0.6531250000000002
6 0.809375 0.7515625000000001 0.7890625000000002 0.7515625000000001 0.7890625000000002 0.7625000000000002 0.809375 0.7625000000000002
9 0.590625 0.703125 0.575 0.703125 0.575 0.7203125 0.590625 0.7203125
6 0.5625000000000002 0.7921875 0.5515625000000002 0.7921875 0.5515625000000002 0.8046875 0.5625000000000002 0.8046875
9 0.5203125000000001 0.7015625 0.49375 0.7015625 0.4937500000000001 0.7390625 0.5203125000000002 0.7390625
7 0.4703125000000001 0.6734375 0.39531250000000007 0.6734375 0.39531250000000007 0.7421875 0.4703125000000002 0.7421875
9 0.4171875 0.6375 0.3890625000000001 0.6375 0.3890625000000001 0.665625 0.4171875 0.665625
12 0.503125 0.6046875 0.490625 0.6046875 0.490625 0.634375 0.503125 0.634375
9 0.540625 0.5421875 0.5203125 0.5421875 0.5203125 0.5578125 0.540625 0.5578125
10 0.7265625 0.32500000000000007 0.6765625 0.32500000000000007 0.6765625 0.3593750000000001 0.7265625 0.3593750000000001
6 0.678125 0.3703125000000001 0.6671875 0.3703125000000001 0.6671875 0.3828125000000001 0.678125 0.3828125000000001
6 0.6515625 0.31718750000000007 0.64375 0.31718750000000007 0.64375 0.3281250000000001 0.6515625 0.3281250000000001
6 0.653125 0.3031250000000001 0.646875 0.3031250000000001 0.646875 0.3125000000000001 0.653125 0.3125000000000001
10 0.6921875 0.3062500000000001 0.653125 0.3062500000000001 0.653125 0.32500000000000007 0.6921875 0.32500000000000007
10 0.690625 0.2796875000000001 0.6515625 0.2796875000000001 0.6515625 0.3062500000000001 0.690625 0.3062500000000001
10 0.646875 0.2890625000000001 0.6109375 0.2890625000000001 0.6109375 0.3140625000000001 0.646875 0.3140625000000001
6 0.615625 0.2875000000000001 0.60625 0.2875000000000001 0.60625 0.2968750000000001 0.615625 0.2968750000000001
6 0.65625 0.1906250000000001 0.6375 0.1906250000000001 0.6375 0.20468750000000008 0.65625 0.20468750000000008
6 0.6640625 0.23437500000000008 0.653125 0.23437500000000008 0.653125 0.2484375000000001 0.6640625 0.2484375000000001
10 0.61875 0.17187500000000008 0.6015625 0.17187500000000008 0.6015625 0.19687500000000008 0.61875 0.19687500000000008
0 0.5671875 0.2812500000000001 0.5609375 0.2812500000000001 0.5609375 0.2890625000000001 0.5671875 0.2890625000000001
13 0.4984375 0.09687500000000007 0.4875 0.09687500000000007 0.4875 0.10625000000000004 0.4984375 0.10625000000000004
6 0.50625 0.19218750000000004 0.4921875 0.19218750000000004 0.4921875 0.21250000000000008 0.50625 0.21250000000000008
6 0.5203125 0.16718750000000004 0.5015625 0.16718750000000004 0.5015625 0.17656250000000004 0.5203125 0.17656250000000004
10 0.4625 0.10468750000000004 0.434375 0.10468750000000004 0.434375 0.11875000000000005 0.4625 0.11875000000000005
6 0.4359375 0.06718750000000004 0.425 0.06718750000000004 0.425 0.07343750000000004 0.4359375 0.07343750000000004
16 0.371875 0.04531250000000005 0.346875 0.04531250000000005 0.346875 0.06718750000000004 0.371875 0.06718750000000004
10 0.3875 0.07031250000000004 0.3359375 0.07031250000000004 0.3359375 0.09687500000000004 0.3875 0.09687500000000004
16 0.2546875 0.17187500000000006 0.203125 0.17187500000000006 0.203125 0.18750000000000006 0.2546875 0.18750000000000006
9 0.2640625000000001 0.4671875 0.2500000000000001 0.4671875 0.2500000000000001 0.4859375 0.2640625000000001 0.4859375
13 0.3781250000000001 0.39531250000000007 0.3609375000000001 0.3953125 0.3609375000000001 0.40625 0.3781250000000001 0.40625
6 0.3453125000000001 0.4140625 0.3296875000000001 0.4140625 0.3296875000000001 0.4234375 0.3453125000000001 0.4234375
6 0.4265625 0.3578125000000001 0.409375 0.3578125000000001 0.409375 0.3765625000000001 0.4265625 0.3765625000000001
15 0.4859375 0.3265625000000001 0.46875 0.3265625000000001 0.46875 0.3500000000000001 0.4859375 0.3500000000000001
15 0.5140625 0.3859375000000001 0.490625 0.3859375000000001 0.490625 0.4078125 0.5140625 0.4078125
13 0.6078125 0.3453125000000001 0.590625 0.3453125000000001 0.590625 0.3625000000000001 0.6078125 0.3625000000000001
6 0.6828125 0.15781250000000008 0.6703125 0.15781250000000008 0.6703125 0.1703125000000001 0.6828125 0.1703125000000001
6 0.9921875 0.3921875000000001 0.978125 0.3921875000000001 0.978125 0.4156250000000002 0.9921875 0.4156250000000002
8 0.10312500000000005 0.4390625 0.07812500000000004 0.4390625 0.07812500000000006 0.4734375 0.10312500000000005 0.4734375
6 0.25468750000000007 0.7671875 0.2312500000000001 0.7671875 0.2312500000000001 0.8078125 0.25468750000000007 0.8078125