10 0.603125 0.565625 0.528125 0.565625 0.528125 0.628125 0.603125 0.628125
12 0.6296875 0.4953125 0.615625 0.4953125 0.615625 0.525 0.6296875 0.525
6 0.6828125 0.59375 0.6546875 0.59375 0.6546875 0.6328125 0.6828125 0.6328125
6 0.5671875 0.5234375 0.5375 0.5234375 0.5375 0.5390625 0.5671875 0.5390625
6 0.7015625 0.4234375 0.678125 0.4234375 0.678125 0.4375 0.7015625 0.4375
0 0.8453125 0.3937500000000001 0.8359375 0.3937500000000001 0.8359375 0.4078125000000002 0.8453125 0.4078125000000002
11 0.940625 0.46406250000000016 0.8890625 0.46406250000000016 0.8890625 0.48750000000000016 0.940625 0.48750000000000016
10 0.9875 0.3968750000000001 0.9046875 0.3968750000000001 0.9046875 0.46093750000000017 0.9875 0.46093750000000017
10 0.946875 0.3828125000000001 0.921875 0.3828125000000001 0.921875 0.40156250000000016 0.946875 0.40156250000000016
13 0.903125 0.3437500000000001 0.8765625 0.3437500000000001 0.8765625 0.3765625000000001 0.903125 0.3765625000000001
10 0.9640625 0.3062500000000001 0.909375 0.3062500000000001 0.909375 0.3593750000000001 0.9640625 0.3593750000000001
13 0.840625 0.2890625000000001 0.81875 0.2890625000000001 0.81875 0.3078125000000001 0.840625 0.3078125000000001
10 0.8546875 0.15781250000000008 0.8109375 0.15781250000000008 0.8109375 0.1859375000000001 0.8546875 0.1859375000000001
10 0.85625 0.18750000000000008 0.81875 0.18750000000000008 0.81875 0.2078125000000001 0.85625 0.2078125000000001
10 0.8796875 0.2062500000000001 0.8140625 0.2062500000000001 0.8140625 0.2468750000000001 0.8796875 0.2468750000000001
10 0.8015625 0.1703125000000001 0.75625 0.1703125000000001 0.75625 0.1984375000000001 0.8015625 0.1984375000000001
6 0.8015625 0.2015625000000001 0.7921875 0.2015625000000001 0.7921875 0.21250000000000008 0.8015625 0.21250000000000008
6 0.75625 0.1703125000000001 0.7453125 0.1703125000000001 0.7453125 0.18125000000000008 0.75625 0.18125000000000008
13 0.753125 0.23437500000000008 0.734375 0.23437500000000008 0.734375 0.2484375000000001 0.753125 0.2484375000000001
6 0.8328125 0.2593750000000001 0.821875 0.2593750000000001 0.821875 0.27031250000000007 0.8328125 0.27031250000000007
0 0.7 0.1593750000000001 0.69375 0.1593750000000001 0.69375 0.16562500000000008 0.7 0.16562500000000008
6 0.8125 0.06093750000000009 0.790625 0.06093750000000009 0.790625 0.0750000000000001 0.8125 0.0750000000000001
6 0.8453125 0.0312500000000001 0.8328125 0.0312500000000001 0.8328125 0.0421875000000001 0.8453125 0.0421875000000001
10 0.64375 0.04843750000000008 0.621875 0.04843750000000008 0.621875 0.06875000000000007 0.64375 0.06875000000000009
6 0.36406250000000007 0.7953125 0.3437500000000001 0.7953125 0.3437500000000001 0.8140625 0.36406250000000007 0.8140625
6 0.3781250000000001 0.5875 0.3578125000000001 0.5875 0.3578125000000001 0.61875 0.3781250000000001 0.61875
11 0.2562500000000001 0.4703125 0.21093750000000008 0.4703125 0.21093750000000008 0.5109375 0.2562500000000001 0.5109375
15 0.6390625 0.2500000000000001 0.6171875 0.2500000000000001 0.6171875 0.2765625000000001 0.6390625 0.2765625000000001
15 0.615625 0.17968750000000008 0.596875 0.17968750000000008 0.596875 0.21250000000000008 0.615625 0.21250000000000008
6 0.578125 0.2156250000000001 0.55625 0.2156250000000001 0.55625 0.23437500000000008 0.578125 0.23437500000000008
13 0.534375 0.2609375000000001 0.5171875 0.2609375000000001 0.5171875 0.2734375000000001 0.534375 0.2734375000000001
6 0.503125 0.27031250000000007 0.484375 0.27031250000000007 0.484375 0.2828125000000001 0.503125 0.2828125000000001
6 0.7421875 0.6125000000000002 0.7265625 0.6125000000000002 0.7265625 0.6312500000000002 0.7421875 0.6312500000000002
6 0.7265625 0.7000000000000001 0.715625 0.7 0.715625 0.7140625 0.7265625 0.7140625000000002
6 0.4 0.3203125000000001 0.384375 0.3203125000000001 0.384375 0.3437500000000001 0.4 0.3437500000000001
6 0.33125 0.15625000000000006 0.3078125 0.15625000000000006 0.3078125 0.17187500000000006 0.33125 0.17187500000000006