13 0.1218750000000001 0.6375 0.0750000000000001 0.6375 0.0750000000000001 0.6734375 0.1218750000000001 0.6734375
13 0.16406250000000008 0.6359375 0.09375000000000008 0.6359375 0.09375000000000008 0.7203125 0.16406250000000008 0.7203125
11 0.1218750000000001 0.7984375 0.0234375000000001 0.7984375 0.023437500000000104 0.8671875 0.1218750000000001 0.8671875
13 0.34843750000000007 0.6734375 0.2765625000000001 0.6734375 0.2765625000000001 0.74375 0.34843750000000007 0.74375
10 0.32500000000000007 0.471875 0.27031250000000007 0.471875 0.27031250000000007 0.5578125 0.32500000000000007 0.5578125
10 0.3765625000000001 0.4109375 0.3062500000000001 0.4109375 0.3062500000000001 0.4609375 0.3765625000000001 0.4609375
13 0.3390625000000001 0.83125 0.3109375000000001 0.83125 0.3109375000000001 0.8640625 0.3390625000000001 0.8640625
10 0.3203125000000001 0.840625 0.2515625000000001 0.840625 0.2515625000000001 0.9 0.3203125000000001 0.9
6 0.3046875000000001 0.834375 0.2718750000000001 0.834375 0.2718750000000001 0.8578125 0.3046875000000001 0.8578125
13 0.5125 0.4359375 0.471875 0.4359375 0.471875 0.4734375 0.5125 0.4734375
10 0.521875 0.5203125 0.4578125 0.5203125 0.4578125 0.5671875 0.521875 0.5671875
0 0.5 0.565625 0.4890625 0.565625 0.4890625 0.578125 0.5 0.578125
13 0.4171875 0.496875 0.37968750000000007 0.496875 0.37968750000000007 0.534375 0.4171875 0.534375
3 0.4281250000000001 0.7109375 0.3906250000000001 0.7109375 0.3906250000000001 0.775 0.4281250000000002 0.775
6 0.47187500000000016 0.80625 0.4312500000000002 0.80625 0.4312500000000002 0.85 0.47187500000000016 0.85
6 0.49218750000000017 0.7421875 0.3921875000000001 0.7421875 0.3921875000000001 0.803125 0.49218750000000017 0.803125
0 0.578125 0.6984375 0.565625 0.6984375 0.565625 0.7125 0.578125 0.7125
12 0.58125 0.6484375 0.5484375 0.6484375 0.5484375 0.6828125 0.58125 0.6828125
13 0.5234375000000002 0.775 0.48437500000000017 0.775 0.48437500000000017 0.8078125 0.5234375000000002 0.8078125
0 0.5375 0.6484375 0.5203125 0.6484375 0.5203125 0.665625 0.5375 0.665625
6 0.5687500000000001 0.715625 0.50625 0.715625 0.5062500000000001 0.746875 0.5687500000000002 0.746875
13 0.6234375000000002 0.7796875 0.5984375000000002 0.7796875 0.5984375000000002 0.809375 0.6234375000000002 0.809375
6 0.7125000000000001 0.7296875 0.6125000000000002 0.7296875 0.6125000000000002 0.8015625 0.7125000000000001 0.8015625
6 0.6484375 0.559375 0.58125 0.559375 0.58125 0.634375 0.6484375 0.634375
6 0.6296875000000001 0.6640625 0.5921875 0.6640625 0.5921875000000001 0.7296875 0.6296875000000002 0.7296875
6 0.6015625 0.4296875 0.559375 0.4296875 0.559375 0.4796875 0.6015625 0.4796875
13 0.6921875 0.5265625 0.628125 0.5265625 0.628125 0.59375 0.6921875 0.59375
13 0.74375 0.5171875000000001 0.70625 0.5171875 0.70625 0.5437500000000001 0.74375 0.5437500000000002
15 0.88125 0.4656250000000002 0.74375 0.4656250000000002 0.74375 0.5984375000000002 0.88125 0.5984375000000002
6 0.9125 0.3609375000000001 0.8515625 0.3609375000000001 0.8515625 0.4187500000000002 0.9125 0.4187500000000002
6 0.825 0.3578125000000001 0.7625 0.3578125000000001 0.7625 0.3984375000000001 0.825 0.3984375000000001
16 0.9359375 0.4203125000000002 0.8328125 0.4203125000000002 0.8328125 0.4468750000000002 0.9359375 0.4468750000000002
13 0.9765625 0.3421875000000001 0.928125 0.3421875000000001 0.928125 0.3671875000000001 0.9765625 0.3671875000000001
12 1 0.6171875000000002 0.9796875 0.6171875000000002 0.9796875 0.6687500000000002 1 0.6687500000000002
13 0.9328125 0.828125 0.90625 0.828125 0.90625 0.853125 0.9328125 0.853125
16 1 0.7703125000000002 0.89375 0.7703125000000002 0.89375 0.9109375 1 0.9109375
13 0.8375 0.7875000000000002 0.809375 0.7875000000000002 0.809375 0.8359375 0.8375 0.8359375
13 0.8640625 0.7140625000000002 0.8328125 0.7140625000000002 0.8328125 0.7437500000000001 0.8640625 0.7437500000000001
6 0.575 0.3921875000000001 0.5484375 0.3921875000000001 0.5484375 0.4140625 0.575 0.4140625
6 0.5671875 0.3703125000000001 0.5140625 0.3703125000000001 0.5140625 0.39531250000000007 0.5671875 0.39531250000000007
6 0.653125 0.4421875 0.6109375 0.4421875 0.6109375 0.4875 0.653125 0.4875
6 0.6875 0.478125 0.65625 0.478125 0.65625 0.5234375 0.6875 0.5234375
12 0.890625 0.3500000000000001 0.8703125 0.3500000000000001 0.8703125 0.37187500000000007 0.890625 0.37187500000000007
6 0.928125 0.2734375000000001 0.90625 0.2734375000000001 0.90625 0.2921875000000001 0.928125 0.2921875000000001
0 0.7390625 0.6218750000000001 0.725 0.621875 0.725 0.6359375 0.7390625 0.6359375000000002
13 0.2468750000000001 0.671875 0.2234375000000001 0.671875 0.2234375000000001 0.6953125 0.2468750000000001 0.6953125
6 0.09375000000000004 0.278125 0.06250000000000004 0.278125 0.06250000000000004 0.309375 0.09375000000000004 0.309375
10 0.4296875 0.3968750000000001 0.3828125000000001 0.3968750000000001 0.3828125000000001 0.434375 0.4296875 0.434375
6 0.7421875 0.3812500000000001 0.6453125 0.3812500000000001 0.6453125 0.5078125000000001 0.7421875 0.5078125000000002
15 0.8296875 0.6734375000000001 0.7 0.6734375 0.7000000000000001 0.90625 0.8296875 0.90625
10 0.5640625 0.6703125 0.478125 0.6703125 0.478125 0.715625 0.5640625 0.715625
6 0.465625 0.69375 0.425 0.69375 0.425 0.7109375 0.465625 0.7109375
6 0.84375 0.3437500000000001 0.815625 0.3437500000000001 0.815625 0.3625000000000001 0.84375 0.3625000000000001
13 0.9265625 0.4468750000000002 0.896875 0.4468750000000002 0.896875 0.47187500000000016 0.9265625 0.47187500000000016
6 0.9359375 0.3187500000000001 0.9140625 0.3187500000000001 0.9140625 0.3421875000000001 0.9359375 0.3421875000000001
0 0.5890625 0.3859375000000001 0.578125 0.3859375000000001 0.578125 0.3984375000000001 0.5890625 0.3984375000000001
15 0.5875 0.48125 0.528125 0.48125 0.528125 0.5453125 0.5875 0.5453125
6 0.525 0.5203125 0.5125 0.5203125 0.5125 0.5375 0.525 0.5375
10 0.44531250000000017 0.7625 0.28593750000000007 0.7625 0.28593750000000007 0.8625 0.44531250000000017 0.8625
13 0.3750000000000001 0.38125000000000003 0.3500000000000001 0.38125 0.3500000000000001 0.4078125 0.3750000000000001 0.4078125
6 0.759375 0.4281250000000001 0.703125 0.428125 0.703125 0.4843750000000001 0.759375 0.48437500000000017
6 0.8390625 0.3937500000000001 0.8015625 0.3937500000000001 0.8015625 0.44531250000000017 0.8390625 0.44531250000000017
13 0.825 0.6500000000000001 0.803125 0.6500000000000001 0.803125 0.6765625000000002 0.825 0.6765625000000002