13 0.09687500000000006 0.4328125 0.06562500000000004 0.4328125 0.06562500000000006 0.4578125 0.09687500000000007 0.4578125
13 0.14375000000000004 0.415625 0.12812500000000004 0.415625 0.12812500000000004 0.4328125 0.14375000000000004 0.4328125
13 0.18281250000000004 0.4578125 0.16875000000000004 0.4578125 0.16875000000000004 0.4671875 0.18281250000000004 0.4671875
12 0.06406250000000005 0.3421875 0.051562500000000046 0.3421875 0.051562500000000046 0.3546875 0.06406250000000005 0.3546875
11 0.3031250000000001 0.390625 0.26250000000000007 0.390625 0.26250000000000007 0.4296875 0.3031250000000001 0.4296875
10 0.3468750000000001 0.3828125 0.3203125000000001 0.3828125 0.3203125000000001 0.4109375 0.3468750000000001 0.4109375
10 0.4046875 0.3921875 0.3515625000000001 0.3921875 0.3515625000000001 0.4546875 0.4046875 0.4546875
13 0.3046875000000001 0.446875 0.2515625000000001 0.446875 0.2515625000000001 0.478125 0.3046875000000001 0.478125
0 0.2453125000000001 0.4625 0.2375000000000001 0.4625 0.2375000000000001 0.46875 0.2453125000000001 0.46875
10 0.3734375000000001 0.453125 0.2765625000000001 0.453125 0.2765625000000001 0.5265625 0.3734375000000001 0.5265625
12 0.08750000000000009 0.7359375 0.06250000000000008 0.7359375 0.06250000000000008 0.7640625 0.08750000000000009 0.7640625
10 0.10781250000000009 0.725 0.08437500000000009 0.725 0.08437500000000009 0.771875 0.10781250000000009 0.771875
13 0.07812500000000008 0.68125 0.05625000000000009 0.68125 0.05625000000000009 0.7078125 0.07812500000000008 0.7078125
13 0.1828125000000001 0.8359375 0.14218750000000008 0.8359375 0.14218750000000008 0.8671875 0.1828125000000001 0.8671875
13 0.2062500000000001 0.859375 0.17343750000000008 0.859375 0.17343750000000008 0.8859375 0.2062500000000001 0.8859375
10 0.2062500000000001 0.84375 0.1546875000000001 0.84375 0.15468750000000012 0.9109375 0.2062500000000001 0.9109375
10 0.2906250000000001 0.5515625 0.22656250000000008 0.5515625 0.22656250000000008 0.60625 0.2906250000000001 0.60625
10 0.19531250000000006 0.4953125 0.15312500000000004 0.4953125 0.15312500000000004 0.5421875 0.19531250000000006 0.5421875
10 0.2515625000000001 0.5046875 0.16562500000000005 0.5046875 0.16562500000000008 0.56875 0.2515625000000001 0.56875
10 0.22812500000000008 0.4875 0.18125000000000005 0.4875 0.18125000000000005 0.5203125 0.22812500000000008 0.5203125
10 0.22812500000000008 0.55625 0.17343750000000008 0.55625 0.17343750000000008 0.603125 0.22812500000000008 0.603125
13 0.2093750000000001 0.553125 0.1906250000000001 0.553125 0.1906250000000001 0.575 0.2093750000000001 0.575
13 0.2250000000000001 0.565625 0.20468750000000008 0.565625 0.20468750000000008 0.5890625 0.2250000000000001 0.5890625
13 0.3968750000000001 0.8046875 0.3031250000000001 0.8046875 0.3031250000000001 0.8375 0.3968750000000001 0.8375
13 0.3281250000000001 0.5859375 0.3078125000000001 0.5859375 0.3078125000000001 0.603125 0.3281250000000001 0.603125
10 0.2921875000000001 0.553125 0.2718750000000001 0.553125 0.2718750000000001 0.571875 0.2921875000000001 0.571875
10 0.521875 0.5796875 0.3781250000000001 0.5796875 0.3781250000000001 0.6890625 0.521875 0.6890625
16 0.3890625000000001 0.590625 0.3359375000000001 0.590625 0.3359375000000001 0.65625 0.3890625000000001 0.65625
13 0.4859375000000002 0.7328125 0.45312500000000017 0.7328125 0.45312500000000017 0.7703125 0.4859375000000002 0.7703125
13 0.3125000000000001 0.659375 0.2968750000000001 0.659375 0.2968750000000001 0.678125 0.3125000000000001 0.678125
13 0.575 0.559375 0.5390625 0.559375 0.5390625 0.6 0.575 0.6
12 0.571875 0.5953125 0.546875 0.5953125 0.546875 0.61875 0.571875 0.61875
13 0.7328125000000002 0.7328125000000001 0.6937500000000002 0.7328125 0.6937500000000002 0.7765625 0.7328125000000002 0.7765625000000002
13 0.7234375000000002 0.7578125 0.6812500000000001 0.7578125 0.6812500000000001 0.7953125 0.7234375000000002 0.7953125
0 0.6421875000000001 0.840625 0.6312500000000002 0.840625 0.6312500000000002 0.8515625 0.6421875000000001 0.8515625
13 0.615625 0.4859375 0.596875 0.4859375 0.596875 0.5078125 0.615625 0.5078125
12 0.590625 0.5234375 0.5734375 0.5234375 0.5734375 0.540625 0.590625 0.540625
10 0.615625 0.50625 0.5375 0.50625 0.5375 0.565625 0.615625 0.565625
16 0.8046875 0.9140625 0.7296875000000002 0.9140625 0.7296875000000002 0.971875 0.8046875 0.971875
13 0.7812500000000002 0.9140625 0.7531250000000002 0.9140625 0.7531250000000002 0.9421875 0.7812500000000002 0.9421875
13 0.8078125 0.91875 0.7828125000000001 0.91875 0.7828125000000001 0.9515625 0.8078125 0.9515625
13 0.8609375 0.903125 0.834375 0.903125 0.834375 0.94375 0.8609375 0.94375
11 0.925 0.8140625 0.8890625 0.8140625 0.8890625 0.90625 0.925 0.90625
11 0.8859375 0.8421875 0.7859375000000002 0.8421875 0.7859375000000002 0.9046875 0.8859375 0.9046875
13 0.9265625 0.890625 0.84375 0.890625 0.84375 0.959375 0.9265625 0.959375
13 0.984375 0.84375 0.921875 0.84375 0.921875 0.9140625 0.984375 0.9140625
12 0.975 0.934375 0.95 0.934375 0.95 0.9578125 0.975 0.9578125
0 0.8375 0.7937500000000002 0.8265625 0.7937500000000002 0.8265625 0.80625 0.8375 0.80625
0 0.871875 0.7843750000000002 0.8609375 0.7843750000000002 0.8609375 0.803125 0.871875 0.803125
13 0.9921875 0.821875 0.9640625 0.821875 0.9640625 0.8546875 0.9921875 0.8546875
13 1 0.8015625 0.9765625 0.8015625 0.9765625 0.834375 1 0.834375
13 0.9078125 0.6812500000000001 0.8828125 0.6812500000000001 0.8828125 0.7125000000000001 0.9078125 0.7125000000000001
13 0.79375 0.6234375000000002 0.7703125 0.6234375000000002 0.7703125 0.6531250000000002 0.79375 0.6531250000000002
10 0.7328125000000002 0.8375 0.6406250000000002 0.8375 0.6406250000000002 0.9171875 0.7328125000000002 0.9171875
13 0.7609375000000002 0.8609375 0.7015625000000002 0.8609375 0.7015625000000002 0.8875 0.7609375000000002 0.8875
13 0.7578125000000002 0.853125 0.7359375000000001 0.853125 0.7359375000000001 0.8734375 0.7578125000000002 0.8734375
13 0.6125 0.64375 0.5828125 0.64375 0.5828125 0.68125 0.6125 0.68125
13 0.6203125 0.634375 0.6015625 0.634375 0.6015625 0.659375 0.6203125 0.659375
10 0.6390625000000001 0.6703125 0.578125 0.6703125 0.5781250000000001 0.73125 0.6390625000000002 0.73125
10 0.5890625 0.628125 0.540625 0.628125 0.540625 0.690625 0.5890625 0.690625
13 0.55 0.6578125 0.534375 0.6578125 0.534375 0.69375 0.55 0.69375
13 0.6765625 0.65625 0.6375 0.65625 0.6375 0.7140625 0.6765625 0.7140625
13 0.5921875 0.6953125 0.575 0.6953125 0.575 0.71875 0.5921875 0.71875
13 0.5578125000000002 0.7375 0.5390625000000002 0.7375 0.5390625000000002 0.7546875 0.5578125000000002 0.7546875
13 0.5984375 0.478125 0.559375 0.478125 0.559375 0.509375 0.5984375 0.509375
13 0.4078125 0.5 0.3671875000000001 0.5 0.3671875000000001 0.5296875 0.4078125 0.5296875
0 0.3453125000000001 0.4921875 0.3359375000000001 0.4921875 0.3359375000000001 0.5046875 0.3453125000000001 0.5046875
13 0.2531250000000001 0.3921875 0.2156250000000001 0.3921875 0.2156250000000001 0.4234375 0.2531250000000001 0.4234375
10 0.16250000000000003 0.371875 0.12031250000000004 0.371875 0.12031250000000004 0.409375 0.16250000000000003 0.409375
0 0.10000000000000009 0.6171875 0.09062500000000007 0.6171875 0.09062500000000007 0.6296875 0.10000000000000009 0.6296875
10 0.2562500000000001 0.6765625 0.2218750000000001 0.6765625 0.2218750000000001 0.721875 0.2562500000000001 0.721875
10 0.459375 0.4484375 0.4 0.4484375 0.4 0.4890625 0.459375 0.4890625
10 0.5421875 0.440625 0.5171875 0.440625 0.5171875 0.4578125 0.5421875 0.4578125
10 0.503125 0.41875 0.440625 0.41875 0.440625 0.4703125 0.503125 0.4703125
13 0.12656250000000008 0.5484375 0.10000000000000009 0.5484375 0.10000000000000009 0.56875 0.12656250000000008 0.56875