12 0.05781250000000006 0.4359375 0.03281250000000006 0.4359375 0.03281250000000006 0.4609375 0.057812500000000065 0.4609375
6 0.07812500000000006 0.4515625 0.023437500000000056 0.4515625 0.02343750000000006 0.509375 0.07812500000000007 0.509375
16 0.09375000000000007 0.5 0.001562500000000061 0.5 0.0015625000000000645 0.5578125 0.09375000000000007 0.5578125
13 0.13593750000000004 0.41875 0.08593750000000004 0.41875 0.08593750000000004 0.4421875 0.13593750000000004 0.4421875
12 0.1781250000000001 0.6828125 0.14843750000000008 0.6828125 0.14843750000000008 0.7265625 0.1781250000000001 0.7265625
11 0.3109375000000001 0.796875 0.2687500000000001 0.796875 0.2687500000000001 0.8796875 0.3109375000000001 0.8796875
11 0.2968750000000001 0.778125 0.2593750000000001 0.778125 0.2593750000000001 0.8453125 0.2968750000000001 0.8453125
13 0.3828125000000001 0.8828125 0.3281250000000001 0.8828125 0.3281250000000001 0.928125 0.3828125000000001 0.928125
15 0.48906250000000007 0.6609375 0.2515625000000001 0.6609375 0.2515625000000001 0.871875 0.4890625000000002 0.871875
11 0.2734375000000001 0.615625 0.2375000000000001 0.615625 0.2375000000000001 0.684375 0.2734375000000001 0.684375
0 0.2312500000000001 0.6765625 0.2140625000000001 0.6765625 0.2140625000000001 0.7015625 0.2312500000000001 0.7015625
0 0.2578125000000001 0.596875 0.24218750000000008 0.596875 0.24218750000000008 0.61875 0.2578125000000001 0.61875
10 0.6203125 0.7203125 0.525 0.7203125 0.5250000000000001 0.8125 0.6203125000000002 0.8125
6 0.5437500000000002 0.8015625 0.4812500000000002 0.8015625 0.4812500000000002 0.8640625 0.5437500000000002 0.8640625
6 0.596875 0.7234375 0.5640625 0.7234375 0.5640625000000001 0.753125 0.5968750000000002 0.753125
13 0.6171875 0.6671875 0.590625 0.6671875 0.590625 0.7109375 0.6171875 0.7109375
13 0.5546875 0.6328125 0.5140625 0.6328125 0.5140625 0.6734375 0.5546875 0.6734375
6 0.27812500000000007 0.9078125 0.2296875000000001 0.9078125 0.2296875000000001 0.94375 0.27812500000000007 0.94375
6 0.2062500000000001 0.8921875 0.1921875000000001 0.8921875 0.19218750000000012 0.91875 0.2062500000000001 0.91875
13 0.10781250000000013 0.9421875 0.0796875000000001 0.9421875 0.0796875000000001 0.9640625 0.10781250000000013 0.9640625
16 0.24218750000000008 0.875 0.07656250000000012 0.875 0.07656250000000012 0.9890625 0.24218750000000008 0.9890625
0 0.1906250000000001 0.6 0.1781250000000001 0.6 0.1781250000000001 0.61875 0.1906250000000001 0.61875
12 0.34687500000000004 0.3625 0.3265625 0.3625 0.32656250000000003 0.384375 0.3468750000000001 0.384375
13 0.35625000000000007 0.3796875 0.3234375000000001 0.3796875 0.3234375000000001 0.4046875 0.35625000000000007 0.4046875
0 0.3812500000000001 0.4421875 0.3687500000000001 0.4421875 0.3687500000000001 0.4578125 0.3812500000000001 0.4578125
6 0.3625000000000001 0.4328125 0.3343750000000001 0.4328125 0.3343750000000001 0.4546875 0.3625000000000001 0.4546875
12 0.4359375 0.434375 0.409375 0.434375 0.409375 0.4625 0.4359375 0.4625
11 0.47343750000000007 0.6515625 0.4390625 0.6515625 0.4390625000000001 0.734375 0.4734375000000002 0.734375
13 0.4484375 0.61875 0.425 0.61875 0.425 0.6484375 0.4484375 0.6484375
10 0.4171875 0.59375 0.35625000000000007 0.59375 0.35625000000000007 0.66875 0.4171875 0.66875
13 0.509375 0.515625 0.4609375 0.515625 0.4609375 0.5578125 0.509375 0.5578125
11 0.559375 0.27812500000000007 0.53125 0.27812500000000007 0.53125 0.3312500000000001 0.559375 0.3312500000000001
11 0.5921875 0.2890625000000001 0.5671875 0.2890625000000001 0.5671875 0.3453125000000001 0.5921875 0.3453125000000001
0 0.6015625 0.3468750000000001 0.5921875 0.3468750000000001 0.5921875 0.3578125000000001 0.6015625 0.3578125000000001
6 0.5875 0.20312500000000008 0.546875 0.20312500000000008 0.546875 0.2296875000000001 0.5875 0.2296875000000001
6 0.5375 0.2062500000000001 0.4984375 0.2062500000000001 0.4984375 0.2531250000000001 0.5375 0.2531250000000001
13 0.4484375 0.17500000000000004 0.4171875 0.17500000000000004 0.4171875 0.19843750000000004 0.4484375 0.19843750000000004
6 0.4078125 0.2796875000000001 0.3859375 0.2796875000000001 0.3859375 0.30156250000000007 0.4078125 0.30156250000000007
10 0.6796875000000001 0.696875 0.6015625 0.696875 0.6015625000000001 0.81875 0.6796875000000002 0.81875
13 0.703125 0.6828125 0.6734375 0.6828125 0.6734375 0.7171875 0.703125 0.7171875
12 0.7109375 0.534375 0.6796875 0.534375 0.6796875 0.5609375 0.7109375 0.5609375
11 0.7328125 0.5234375000000001 0.709375 0.5234375 0.709375 0.5640625000000001 0.7328125 0.5640625000000001
0 0.7125 0.4828125 0.6984375 0.4828125 0.6984375 0.4984375 0.7125 0.4984375
10 0.7953125 0.4781250000000002 0.7375 0.4781250000000002 0.7375 0.5171875000000001 0.7953125 0.5171875000000001
6 0.809375 0.5109375000000002 0.790625 0.5109375000000002 0.790625 0.5281250000000002 0.809375 0.5281250000000002
13 0.8328125 0.5187500000000002 0.7890625 0.5187500000000002 0.7890625 0.5500000000000002 0.8328125 0.5500000000000002
10 0.9125 0.3359375000000001 0.853125 0.3359375000000001 0.853125 0.37968750000000007 0.9125 0.37968750000000007
6 0.9171875 0.3125000000000001 0.8828125 0.3125000000000001 0.8828125 0.3453125000000001 0.9171875 0.3453125000000001
11 0.9328125 0.06718750000000011 0.8953125 0.06718750000000011 0.8953125 0.10781250000000012 0.9328125 0.10781250000000013
6 0.9578125 0.10000000000000013 0.91875 0.10000000000000013 0.91875 0.13125000000000014 0.9578125 0.13125000000000014
10 0.8640625 0.05625000000000011 0.8234375 0.05625000000000011 0.8234375 0.07812500000000011 0.8640625 0.07812500000000011
6 0.9015625 0.0875000000000001 0.8515625 0.0875000000000001 0.8515625 0.1140625000000001 0.9015625 0.1140625000000001
6 0.7609375 0.24375000000000008 0.73125 0.24375000000000008 0.73125 0.28593750000000007 0.7609375 0.28593750000000007
6 0.75 0.3046875000000001 0.6875 0.3046875000000001 0.6875 0.3500000000000001 0.75 0.3500000000000001
12 0.653125 0.4140625 0.6296875 0.4140625 0.6296875 0.4421875 0.653125 0.4421875
6 0.10625000000000004 0.3484375 0.08593750000000004 0.3484375 0.08593750000000004 0.36875 0.10625000000000004 0.36875
6 0.07812500000000004 0.35 0.05468750000000004 0.35 0.05468750000000004 0.3703125 0.07812500000000004 0.3703125
6 0.11250000000000004 0.3921875 0.09062500000000004 0.3921875 0.09062500000000004 0.4203125 0.11250000000000004 0.4203125
13 0.24218750000000008 0.4828125 0.21093750000000008 0.4828125 0.21093750000000008 0.5140625 0.24218750000000008 0.5140625
12 0.2796875 0.3109375 0.2453125 0.3109375 0.2453125 0.3421875 0.2796875 0.3421875
6 0.3203125000000001 0.4078125 0.24218750000000008 0.4078125 0.24218750000000008 0.465625 0.3203125000000001 0.465625
10 0.3437500000000001 0.4703125 0.28593750000000007 0.4703125 0.28593750000000007 0.521875 0.3437500000000001 0.521875
13 0.7 0.465625 0.6734375 0.465625 0.6734375 0.4890625 0.7 0.4890625
12 0.8265625 0.4281250000000002 0.8015625 0.4281250000000002 0.8015625 0.4515625000000002 0.8265625 0.4515625000000002
10 0.8 0.4031250000000002 0.7359375 0.4031250000000002 0.7359375 0.4734375000000002 0.8 0.4734375000000002
10 1 0.18125000000000013 0.9515625 0.18125000000000013 0.9515625 0.2171875000000001 1 0.2171875000000001
6 0.6890625 0.029687500000000082 0.66875 0.02968750000000008 0.66875 0.048437500000000085 0.6890625 0.04843750000000009
6 0.68125 0.05312500000000009 0.665625 0.05312500000000009 0.665625 0.06875000000000009 0.68125 0.06875000000000009
6 0.7140625 0.06562500000000009 0.6953125 0.06562500000000009 0.6953125 0.0828125000000001 0.7140625 0.0828125000000001
6 0.409375 0.38750000000000007 0.3437500000000001 0.3875 0.3437500000000001 0.428125 0.409375 0.428125
6 0.2906250000000001 0.5453125 0.19531250000000008 0.5453125 0.19531250000000008 0.5921875 0.2906250000000001 0.5921875
12 0.2062500000000001 0.5421875 0.18437500000000004 0.5421875 0.18437500000000007 0.5640625 0.2062500000000001 0.5640625
13 0.08437500000000006 0.5390625 0.057812500000000065 0.5390625 0.057812500000000065 0.5609375 0.08437500000000006 0.5609375
6 0.253125 0.21875 0.234375 0.21875 0.234375 0.2359375 0.253125 0.2359375
16 0.4890625 0.20468750000000008 0.421875 0.20468750000000008 0.421875 0.2593750000000001 0.4890625 0.2593750000000001
16 0.5328125 0.2906250000000001 0.36875 0.2906250000000001 0.36875 0.3531250000000001 0.5328125 0.3531250000000001
6 0.35781250000000003 0.3421875 0.334375 0.3421875 0.33437500000000003 0.365625 0.3578125000000001 0.365625
13 0.3578125 0.328125 0.3234375 0.328125 0.3234375 0.346875 0.3578125 0.346875
10 0.3375 0.3515625 0.2921875 0.3515625 0.29218750000000004 0.415625 0.3375000000000001 0.415625
10 0.3140625000000001 0.5421875 0.28593750000000007 0.5421875 0.28593750000000007 0.5671875 0.3140625000000001 0.5671875
10 0.2640625000000001 0.4515625 0.22656250000000008 0.4515625 0.22656250000000008 0.4984375 0.2640625000000001 0.4984375
6 0.2312500000000001 0.4015625 0.17812500000000003 0.4015625 0.17812500000000003 0.4546875 0.2312500000000001 0.4546875
6 0.03437500000000011 0.846875 0.0031250000000001043 0.846875 0.0031250000000001056 0.875 0.034375000000000114 0.875
6 0.4703125 0.5828125 0.4296875 0.5828125 0.4296875 0.6203125 0.4703125 0.6203125
6 0.4265625 0.5734375 0.39531250000000007 0.5734375 0.39531250000000007 0.6015625 0.4265625 0.6015625