6 0.4015625 0.3859375000000001 0.3812500000000001 0.3859375000000001 0.3812500000000001 0.40625 0.4015625 0.40625
13 0.4640625 0.3359375000000001 0.4390625 0.3359375000000001 0.4390625 0.3625000000000001 0.4640625 0.3625000000000001
13 0.4953125 0.2984375000000001 0.478125 0.2984375000000001 0.478125 0.3375000000000001 0.4953125 0.3375000000000001
13 0.4421875 0.3125000000000001 0.3984375 0.3125000000000001 0.3984375 0.3375000000000001 0.4421875 0.3375000000000001
6 0.4140625 0.16875000000000004 0.396875 0.16875000000000004 0.396875 0.19062500000000004 0.4140625 0.19062500000000004
10 0.446875 0.17343750000000005 0.4015625 0.17343750000000005 0.4015625 0.2328125000000001 0.446875 0.2328125000000001
12 0.2734375 0.10937500000000004 0.253125 0.10937500000000004 0.253125 0.12968750000000004 0.2734375 0.12968750000000004
12 0.2984375 0.07500000000000004 0.275 0.07500000000000004 0.275 0.10156250000000004 0.2984375 0.10156250000000004
10 0.3359375 0.09375000000000004 0.2765625 0.09375000000000004 0.2765625 0.15312500000000004 0.3359375 0.15312500000000004
10 0.35625 0.11406250000000004 0.33125 0.11406250000000004 0.33125 0.13906250000000003 0.35625 0.13906250000000003
10 0.16250000000000003 0.1328125 0.115625 0.1328125 0.11562500000000002 0.184375 0.16250000000000003 0.184375
10 0.18750000000000003 0.16250000000000003 0.1359375 0.1625 0.13593750000000002 0.2078125 0.18750000000000006 0.2078125
6 0.246875 0.16093750000000004 0.23125 0.16093750000000004 0.23125 0.17812500000000003 0.246875 0.17812500000000003
0 0.2359375 0.07343750000000002 0.2265625 0.07343750000000002 0.2265625 0.08593750000000003 0.2359375 0.08593750000000003
6 0.2546875 0.10781250000000005 0.2421875 0.10781250000000005 0.2421875 0.12656250000000005 0.2546875 0.12656250000000005
0 0.5890625 0.571875 0.571875 0.571875 0.571875 0.6015625 0.5890625 0.6015625