11 0.06093750000000011 0.859375 0.015625000000000104 0.859375 0.01562500000000011 0.9390625 0.06093750000000011 0.9390625
0 0.0718750000000001 0.940625 0.057812500000000114 0.940625 0.057812500000000114 0.9578125 0.0718750000000001 0.9578125
0 0.11562500000000009 0.8203125 0.10156250000000008 0.8203125 0.10156250000000008 0.8484375 0.11562500000000009 0.8484375
10 0.1609375000000001 0.653125 0.08906250000000009 0.653125 0.08906250000000009 0.7265625 0.1609375000000001 0.7265625
13 0.06875000000000009 0.6765625 0.03281250000000008 0.6765625 0.032812500000000085 0.715625 0.06875000000000009 0.715625
13 0.1140625000000001 0.5671875 0.018750000000000072 0.5671875 0.018750000000000076 0.6359375 0.1140625000000001 0.6359375
11 0.45625 0.3859375000000001 0.4203125 0.3859375000000001 0.4203125 0.4578125 0.45625 0.4578125
11 0.490625 0.4078125 0.45625 0.4078125 0.45625 0.4828125 0.490625 0.4828125
13 0.37187500000000007 0.703125 0.3046875000000001 0.703125 0.3046875000000001 0.7609375 0.37187500000000007 0.7609375
13 0.4343750000000002 0.853125 0.3921875000000001 0.853125 0.3921875000000001 0.9078125 0.4343750000000002 0.9078125
13 0.5265625000000002 0.8984375 0.4734375000000002 0.8984375 0.4734375000000002 0.9484375 0.5265625000000002 0.9484375
12 0.5828125 0.54375 0.55 0.54375 0.55 0.584375 0.5828125 0.584375
11 0.659375 0.6984375 0.6296875 0.6984375 0.6296875000000001 0.759375 0.6593750000000002 0.759375
13 0.6609375 0.421875 0.58125 0.421875 0.58125 0.4765625 0.6609375 0.4765625
13 0.7640625000000001 0.6921875000000001 0.7125 0.6921875 0.7125000000000001 0.7390625000000001 0.7640625000000002 0.7390625000000002
12 0.7828125 0.5718750000000001 0.75 0.5718750000000001 0.75 0.6062500000000002 0.7828125 0.6062500000000002
10 0.7265625000000002 0.7265625000000001 0.6671875000000002 0.7265625 0.6671875000000002 0.784375 0.7265625000000002 0.7843750000000002
10 0.7359375 0.6406250000000001 0.665625 0.640625 0.665625 0.690625 0.7359375 0.6906250000000002
0 0.7531250000000002 0.7734375000000002 0.7359375000000001 0.7734375000000002 0.7359375000000001 0.7875000000000002 0.7531250000000002 0.7875000000000002
13 0.6765625 0.3421875000000001 0.6296875 0.3421875000000001 0.6296875 0.39531250000000007 0.6765625 0.39531250000000007
11 0.35625000000000007 0.9046875 0.3125000000000001 0.9046875 0.3125000000000001 0.9828125 0.35625000000000007 0.9828125
0 0.1843750000000001 0.6234375 0.1671875000000001 0.6234375 0.1671875000000001 0.646875 0.1843750000000001 0.646875
13 0.16562500000000008 0.5296875 0.12187500000000004 0.5296875 0.12187500000000007 0.5640625 0.16562500000000008 0.5640625
13 0.296875 0.2765625 0.253125 0.2765625 0.253125 0.3015625 0.296875 0.3015625
10 0.8703125 0.46093750000000017 0.81875 0.46093750000000017 0.81875 0.5203125000000002 0.8703125 0.5203125000000002
0 0.5609375 0.6453125 0.546875 0.6453125 0.546875 0.6625 0.5609375 0.6625
0 0.6125 0.6765625 0.596875 0.6765625 0.596875 0.69375 0.6125 0.69375
13 0.6296875 0.625 0.5953125 0.625 0.5953125 0.6609375 0.6296875 0.6609375
0 0.6453125 0.646875 0.621875 0.646875 0.621875 0.6671875 0.6453125 0.6671875
13 0.9875 0.6171875000000002 0.9 0.6171875000000002 0.9 0.6562500000000002 0.9875 0.6562500000000002
10 0.9625 0.5593750000000002 0.878125 0.5593750000000002 0.878125 0.6218750000000002 0.9625 0.6218750000000002
10 0.80625 0.7281250000000001 0.7359375000000001 0.7281250000000001 0.7359375000000001 0.7750000000000001 0.80625 0.7750000000000001
10 0.9828125 0.26250000000000007 0.909375 0.26250000000000007 0.909375 0.30937500000000007 0.9828125 0.30937500000000007
13 0.9296875 0.1671875000000001 0.8875 0.1671875000000001 0.8875 0.2062500000000001 0.9296875 0.2062500000000001
13 0.85 0.14062500000000008 0.7890625 0.14062500000000008 0.7890625 0.17968750000000008 0.85 0.17968750000000008
0 0.765625 0.3140625000000001 0.7515625 0.3140625000000001 0.7515625 0.3296875000000001 0.765625 0.3296875000000001
0 0.5171875 0.484375 0.5046875 0.484375 0.5046875 0.4984375 0.5171875 0.4984375
12 0.6312500000000001 0.7171875 0.6 0.7171875 0.6000000000000001 0.7515625 0.6312500000000002 0.7515625
13 0.8453125 0.7843750000000002 0.7328125000000002 0.7843750000000002 0.7328125000000002 0.8546875 0.8453125 0.8546875
12 0.27031250000000007 0.8 0.2312500000000001 0.8 0.2312500000000001 0.834375 0.27031250000000007 0.834375
15 0.06093750000000009 0.6078125 7.443556326067507e-17 0.6078125 9.117878121776779e-17 0.88125 0.06093750000000011 0.88125
6 0.13281250000000008 0.728125 0.01562500000000009 0.728125 0.015625000000000094 0.8265625 0.13281250000000008 0.8265625
10 0.2656250000000001 0.8296875 0.1828125000000001 0.8296875 0.1828125000000001 0.9234375 0.2656250000000001 0.9234375
13 0.3046875000000001 0.85625 0.2687500000000001 0.85625 0.2687500000000001 0.8953125 0.3046875000000001 0.8953125
13 0.2453125000000001 0.8578125 0.2218750000000001 0.8578125 0.2218750000000001 0.8828125 0.2453125000000001 0.8828125
13 0.2750000000000001 0.7015625 0.23593750000000008 0.7015625 0.23593750000000008 0.7265625 0.2750000000000001 0.7265625
13 0.2296875000000001 0.5484375 0.1453125000000001 0.5484375 0.1453125000000001 0.596875 0.2296875000000001 0.596875
12 0.15468750000000003 0.5109375 0.12968750000000004 0.5109375 0.12968750000000004 0.5375 0.15468750000000003 0.5375
15 0.13750000000000007 0.4328125 5.300424427559639e-17 0.4328125 6.209341973801815e-17 0.58125 0.1375000000000001 0.58125
16 0.36250000000000004 0.30625 0.2484375 0.30625 0.24843750000000003 0.3671875 0.3625000000000001 0.3671875
16 0.4 0.40625 0.16562500000000005 0.40625 0.16562500000000005 0.5 0.4 0.5
10 0.584375 0.13281250000000006 0.5421875 0.13281250000000006 0.5421875 0.17656250000000007 0.584375 0.1765625000000001
10 0.5734375 0.5828125 0.525 0.5828125 0.525 0.6296875 0.5734375 0.6296875
11 0.86875 0.1218750000000001 0.84375 0.1218750000000001 0.84375 0.1765625000000001 0.86875 0.1765625000000001
15 0.76875 0.4828125000000001 0.565625 0.4828125 0.565625 0.64375 0.76875 0.6437500000000002
15 0.6953125000000002 0.8703125 0.5140625000000002 0.8703125 0.5140625000000002 1 0.6953125000000002 1
15 0.3421875000000001 0.909375 0.08906250000000011 0.909375 0.08906250000000013 1 0.3421875000000001 1
15 0.3984375000000001 0.603125 0.1359375000000001 0.603125 0.1359375000000001 0.853125 0.3984375000000001 0.853125
10 0.528125 0.16875000000000004 0.484375 0.16875000000000004 0.484375 0.19843750000000004 0.528125 0.19843750000000004
13 0.4609375 0.2843750000000001 0.4171875 0.2843750000000001 0.4171875 0.32500000000000007 0.4609375 0.32500000000000007
13 0.3734375000000001 0.5734375 0.3531250000000001 0.5734375 0.3531250000000001 0.6453125 0.3734375000000001 0.6453125
10 0.88125 0.7203125000000001 0.8390625 0.7203125000000001 0.8390625 0.7640625000000002 0.88125 0.7640625000000002
10 0.246875 0.26875 0.209375 0.26875 0.209375 0.3015625 0.246875 0.3015625