10 0.2718750000000001 0.734375 0.1906250000000001 0.734375 0.1906250000000001 0.8171875 0.2718750000000001 0.8171875
12 0.2515625000000001 0.6484375 0.2328125000000001 0.6484375 0.2328125000000001 0.678125 0.2515625000000001 0.678125
6 0.2250000000000001 0.6765625 0.1937500000000001 0.6765625 0.1937500000000001 0.7015625 0.2250000000000001 0.7015625
6 0.3656250000000001 0.6203125 0.3421875000000001 0.6203125 0.3421875000000001 0.6515625 0.3656250000000001 0.6515625
11 0.4 0.38750000000000007 0.3828125000000001 0.38750000000000007 0.3828125000000001 0.4171875 0.4 0.4171875
13 0.3484375 0.34375 0.3265625 0.34375 0.3265625 0.3625 0.3484375 0.3625
10 0.4109375 0.3265625000000001 0.375 0.3265625000000001 0.37500000000000006 0.38750000000000007 0.4109375 0.38750000000000007
10 0.3859375 0.2828125 0.3484375 0.2828125 0.3484375 0.32031250000000006 0.3859375 0.3203125000000001
10 0.46875 0.19062500000000004 0.4203125 0.19062500000000004 0.4203125 0.2250000000000001 0.46875 0.2250000000000001
10 0.21875 0.2859375 0.17968750000000006 0.2859375 0.17968750000000006 0.31875 0.21875 0.31875
13 0.21718750000000003 0.3578125 0.2015625 0.3578125 0.20156250000000003 0.3734375 0.2171875000000001 0.3734375
13 0.2984375 0.3390625 0.28125 0.3390625 0.28125 0.353125 0.2984375 0.353125
6 0.284375 0.3171875 0.275 0.3171875 0.275 0.3296875 0.284375 0.3296875
6 0.37187500000000007 0.34375000000000006 0.359375 0.34375 0.35937500000000006 0.36406250000000007 0.37187500000000007 0.36406250000000007
10 0.309375 0.2734375 0.253125 0.2734375 0.253125 0.2984375 0.309375 0.2984375
10 0.284375 0.25625 0.2546875 0.25625 0.2546875 0.275 0.284375 0.275
10 0.28125 0.2359375 0.24375 0.2359375 0.24375 0.2578125 0.28125 0.2578125
6 0.20625 0.19062500000000004 0.18593750000000003 0.19062500000000004 0.18593750000000003 0.2109375 0.20625 0.2109375
6 0.228125 0.15625000000000006 0.2171875 0.15625000000000006 0.2171875 0.16718750000000004 0.228125 0.16718750000000004
6 0.17500000000000004 0.303125 0.16250000000000003 0.303125 0.16250000000000003 0.315625 0.17500000000000004 0.315625
6 0.2328125 0.3109375 0.225 0.3109375 0.225 0.31875 0.2328125 0.31875
6 0.2734375000000001 0.490625 0.2531250000000001 0.490625 0.2531250000000001 0.5078125 0.2734375000000001 0.5078125
13 0.05312500000000007 0.4875 0.03281250000000006 0.4875 0.032812500000000064 0.5046875 0.05312500000000007 0.5046875
13 0.02343750000000002 0.175 0.009375000000000022 0.175 0.009375000000000022 0.184375 0.02343750000000002 0.184375
6 0.3984375000000001 0.603125 0.38750000000000007 0.603125 0.38750000000000007 0.6171875 0.3984375000000001 0.6171875
10 0.5796875 0.3000000000000001 0.5484375 0.3000000000000001 0.5484375 0.3265625000000001 0.5796875 0.3265625000000001
10 0.596875 0.3203125000000001 0.5640625 0.3203125000000001 0.5640625 0.3515625000000001 0.596875 0.3515625000000001
10 0.69375 0.2968750000000001 0.65 0.2968750000000001 0.65 0.33281250000000007 0.69375 0.33281250000000007
12 0.646875 0.3046875000000001 0.6359375 0.3046875000000001 0.6359375 0.3187500000000001 0.646875 0.3187500000000001
6 0.63125 0.33281250000000007 0.6203125 0.33281250000000007 0.6203125 0.3468750000000001 0.63125 0.3468750000000001
6 0.7421875 0.3578125000000001 0.728125 0.3578125000000001 0.728125 0.37187500000000007 0.7421875 0.37187500000000007
10 0.775 0.3625000000000001 0.7359375 0.3625000000000001 0.7359375 0.4046875000000002 0.775 0.4046875000000002
12 0.665625 0.28593750000000007 0.6515625 0.28593750000000007 0.6515625 0.3031250000000001 0.665625 0.3031250000000001
10 0.68125 0.22656250000000008 0.640625 0.22656250000000008 0.640625 0.2671875000000001 0.68125 0.2671875000000001
13 0.775 0.4859375000000002 0.759375 0.4859375000000002 0.759375 0.5078125000000002 0.775 0.5078125000000002
13 0.8046875 0.4671875000000002 0.7921875 0.4671875000000002 0.7921875 0.49218750000000017 0.8046875 0.49218750000000017
13 0.7625 0.4625000000000002 0.7296875 0.4625000000000002 0.7296875 0.4812500000000002 0.7625 0.4812500000000002
6 0.715625 0.5125 0.703125 0.5125 0.703125 0.528125 0.715625 0.528125
0 0.8546875 0.7234375000000002 0.84375 0.7234375000000002 0.84375 0.7359375000000001 0.8546875 0.7359375000000001
10 0.440625 0.08750000000000005 0.421875 0.08750000000000005 0.421875 0.10156250000000004 0.440625 0.10156250000000004
15 0.16718750000000004 0.421875 0.14375000000000004 0.421875 0.14375000000000004 0.4453125 0.16718750000000004 0.4453125
6 0.4640625 0.646875 0.4546875 0.646875 0.4546875 0.6625 0.4640625 0.6625
6 0.5765625 0.584375 0.5625 0.584375 0.5625 0.60625 0.5765625 0.60625
6 0.4671875 0.5296875 0.45625 0.5296875 0.45625 0.55 0.4671875 0.55
6 0.584375 0.528125 0.5703125 0.528125 0.5703125 0.5421875 0.584375 0.5421875
6 0.690625 0.415625 0.678125 0.415625 0.678125 0.4296875 0.690625 0.4296875
16 0.6015625 0.18750000000000008 0.5703125 0.18750000000000008 0.5703125 0.2296875000000001 0.6015625 0.2296875000000001
0 0.4140625 0.25468750000000007 0.4078125 0.25468750000000007 0.4078125 0.26250000000000007 0.4140625 0.26250000000000007
0 0.3343750000000001 0.4 0.3265625000000001 0.4 0.3265625000000001 0.409375 0.3343750000000001 0.409375
0 0.14218750000000005 0.334375 0.13437500000000005 0.334375 0.13437500000000005 0.3421875 0.14218750000000005 0.3421875