0 0.042187500000000086 0.6953125 0.034375000000000086 0.6953125 0.034375000000000086 0.703125 0.042187500000000086 0.703125
11 0.13281250000000008 0.5828125 0.11093750000000009 0.5828125 0.11093750000000009 0.6140625 0.13281250000000008 0.6140625
11 0.1312500000000001 0.5765625 0.11250000000000009 0.5765625 0.11250000000000009 0.6078125 0.1312500000000001 0.6078125
6 0.1906250000000001 0.578125 0.1625000000000001 0.578125 0.1625000000000001 0.6046875 0.1906250000000001 0.6046875
6 0.1609375000000001 0.70625 0.14062500000000008 0.70625 0.14062500000000008 0.7453125 0.1609375000000001 0.7453125
12 0.23593750000000008 0.7234375 0.2171875000000001 0.7234375 0.2171875000000001 0.74375 0.23593750000000008 0.74375
10 0.3156250000000001 0.6796875 0.2796875000000001 0.6796875 0.2796875000000001 0.7125 0.3156250000000001 0.7125
6 0.3031250000000001 0.7515625 0.2906250000000001 0.7515625 0.2906250000000001 0.7640625 0.3031250000000001 0.7640625
6 0.3031250000000001 0.8109375 0.2921875000000001 0.8109375 0.2921875000000001 0.8234375 0.3031250000000001 0.8234375
6 0.3062500000000001 0.7875 0.2921875000000001 0.7875 0.2921875000000001 0.796875 0.3062500000000001 0.796875
12 0.3687500000000001 0.6921875 0.3546875000000001 0.6921875 0.3546875000000001 0.7078125 0.3687500000000001 0.7078125
6 0.3812500000000001 0.6828125 0.3656250000000001 0.6828125 0.3656250000000001 0.709375 0.3812500000000001 0.709375
6 0.3625000000000001 0.6578125 0.3500000000000001 0.6578125 0.3500000000000001 0.6734375 0.3625000000000001 0.6734375
13 0.4281250000000002 0.7546875 0.4031250000000002 0.7546875 0.4031250000000002 0.7703125 0.4281250000000002 0.7703125
13 0.44062500000000016 0.765625 0.42187500000000017 0.765625 0.42187500000000017 0.784375 0.44062500000000016 0.784375
6 0.4390625000000002 0.775 0.41406250000000017 0.775 0.41406250000000017 0.8 0.4390625000000002 0.8
6 0.446875 0.696875 0.4265625 0.696875 0.4265625 0.715625 0.446875 0.715625
6 0.4671875 0.66875 0.45 0.66875 0.45 0.6953125 0.4671875 0.6953125
6 0.49218750000000017 0.7515625 0.4812500000000002 0.7515625 0.4812500000000002 0.765625 0.49218750000000017 0.765625
6 0.5546875000000002 0.753125 0.49531250000000016 0.753125 0.49531250000000016 0.771875 0.5546875000000002 0.771875
6 0.5203125000000002 0.7265625 0.5125000000000002 0.7265625 0.5125000000000002 0.7359375 0.5203125000000002 0.7359375
6 0.50625 0.653125 0.4953125 0.653125 0.4953125 0.6640625 0.50625 0.6640625
16 0.546875 0.6125 0.5171875 0.6125 0.5171875 0.653125 0.546875 0.653125
10 0.58125 0.6375 0.5390625 0.6375 0.5390625 0.6796875 0.58125 0.6796875
10 0.6359375 0.6296875 0.58125 0.6296875 0.58125 0.6640625 0.6359375 0.6640625
13 0.6546875 0.609375 0.63125 0.609375 0.63125 0.634375 0.6546875 0.634375
12 0.6546875 0.634375 0.640625 0.634375 0.640625 0.65 0.6546875 0.65
0 0.6375 0.6640625 0.6296875 0.6640625 0.6296875 0.6703125 0.6375 0.6703125
6 0.6453125 0.7125 0.63125 0.7125 0.63125 0.725 0.6453125 0.725
13 0.7484375000000002 0.7421875000000001 0.7203125000000001 0.7421875 0.7203125000000001 0.7671875000000001 0.7484375000000002 0.7671875000000001
13 0.7593750000000001 0.7546875000000002 0.7468750000000002 0.7546875000000002 0.7468750000000002 0.7687500000000002 0.7593750000000001 0.7687500000000002
13 0.7546875000000001 0.7234375000000002 0.7296875 0.7234375000000002 0.7296875 0.7578125000000002 0.7546875000000002 0.7578125000000002
13 0.8015625 0.6593750000000002 0.7859375 0.6593750000000002 0.7859375 0.6765625000000002 0.8015625 0.6765625000000002
10 0.8140625 0.7187500000000002 0.740625 0.7187500000000002 0.7406250000000001 0.7921875000000002 0.8140625 0.7921875000000002
13 0.7953125000000002 0.8515625 0.7703125000000002 0.8515625 0.7703125000000002 0.878125 0.7953125000000002 0.878125
13 0.80625 0.8671875 0.7906250000000001 0.8671875 0.7906250000000001 0.8859375 0.80625 0.8859375
11 0.85 0.815625 0.7812500000000002 0.815625 0.7812500000000002 0.8671875 0.85 0.8671875
13 0.8421875 0.8625 0.825 0.8625 0.825 0.890625 0.8421875 0.890625
0 0.85 0.7812500000000002 0.8421875 0.7812500000000002 0.8421875 0.7906250000000001 0.85 0.7906250000000001
12 0.91875 0.8859375 0.9 0.8859375 0.9 0.90625 0.91875 0.90625
11 0.884375 0.8 0.8546875 0.8 0.8546875 0.865625 0.884375 0.865625
11 0.95 0.7328125000000002 0.928125 0.7328125000000002 0.928125 0.7656250000000002 0.95 0.7656250000000002
6 0.9296875 0.8265625 0.88125 0.8265625 0.88125 0.8734375 0.9296875 0.8734375
6 0.9703125 0.8140625 0.9375 0.8140625 0.9375 0.8640625 0.9703125 0.8640625
13 0.9734375 0.8546875 0.9453125 0.8546875 0.9453125 0.8734375 0.9734375 0.8734375
0 0.9828125 0.821875 0.975 0.821875 0.975 0.83125 0.9828125 0.83125
0 0.9828125 0.8796875 0.9734375 0.8796875 0.9734375 0.890625 0.9828125 0.890625
6 0.9765625 0.7828125000000001 0.95625 0.7828125000000001 0.95625 0.8015625 0.9765625 0.8015625
0 0.96875 0.7296875000000002 0.95625 0.7296875000000002 0.95625 0.7421875000000002 0.96875 0.7421875000000002
0 0.9875 0.7296875000000002 0.978125 0.7296875000000002 0.978125 0.7390625000000002 0.9875 0.7390625000000002
13 0.7750000000000001 0.8140625 0.7359375000000001 0.8140625 0.7359375000000001 0.8359375 0.7750000000000001 0.8359375
13 0.765625 0.6921875000000002 0.75 0.6921875000000002 0.75 0.7156250000000002 0.765625 0.7156250000000002
10 0.665625 0.65625 0.6359375 0.65625 0.6359375 0.69375 0.665625 0.69375
6 0.6671875 0.6984375 0.6546875 0.6984375 0.6546875 0.7140625 0.6671875 0.7140625
6 0.6578125 0.7015625 0.6484375 0.7015625 0.6484375 0.7109375 0.6578125 0.7109375
6 0.721875 0.6765625 0.69375 0.6765625 0.69375 0.7140625 0.721875 0.7140625
6 0.7031250000000001 0.7234375 0.6921875 0.7234375 0.6921875000000001 0.7359375 0.7031250000000002 0.7359375
13 0.6890625 0.5671875 0.675 0.5671875 0.675 0.58125 0.6890625 0.58125
6 0.6765625 0.565625 0.653125 0.565625 0.653125 0.58125 0.6765625 0.58125
12 0.671875 0.5890625 0.659375 0.5890625 0.659375 0.6 0.671875 0.6
0 0.6484375 0.5765625 0.64375 0.5765625 0.64375 0.5796875 0.6484375 0.5796875
6 0.5921875 0.7078125 0.578125 0.7078125 0.578125 0.71875 0.5921875 0.71875
10 0.6984375 0.6890625 0.6625 0.6890625 0.6625 0.7234375 0.6984375 0.7234375
0 0.6953125000000002 0.79375 0.6875000000000002 0.79375 0.6875000000000002 0.803125 0.6953125000000002 0.803125
0 0.6937500000000002 0.8296875 0.6750000000000002 0.8296875 0.6750000000000002 0.85 0.6937500000000002 0.85
12 0.7125 0.5546875 0.703125 0.5546875 0.703125 0.565625 0.7125 0.565625
13 0.709375 0.546875 0.696875 0.546875 0.696875 0.559375 0.709375 0.559375
11 0.4921875 0.49375 0.4625 0.49375 0.4625 0.515625 0.4921875 0.515625
6 0.515625 0.4890625 0.5 0.4890625 0.5 0.509375 0.515625 0.509375
6 0.49375 0.528125 0.4625 0.528125 0.4625 0.5484375 0.49375 0.5484375
6 0.4609375 0.49375 0.4390625 0.49375 0.4390625 0.5125 0.4609375 0.5125
6 0.4859375 0.59375 0.45 0.59375 0.45 0.628125 0.4859375 0.628125
13 0.4578125 0.603125 0.44375 0.603125 0.44375 0.6140625 0.4578125 0.6140625
13 0.509375 0.609375 0.4953125 0.609375 0.4953125 0.6234375 0.509375 0.6234375
10 0.4515625 0.590625 0.4234375 0.590625 0.4234375 0.6203125 0.4515625 0.6203125
10 0.43125 0.55625 0.4046875 0.55625 0.4046875 0.584375 0.43125 0.584375
10 0.46875 0.55 0.41875 0.55 0.41875 0.6015625 0.46875 0.6015625
13 0.3671875000000001 0.509375 0.3515625000000001 0.509375 0.3515625000000001 0.525 0.3671875000000001 0.525
10 0.4015625 0.478125 0.3781250000000001 0.478125 0.3781250000000001 0.5015625 0.4015625 0.5015625
6 0.403125 0.496875 0.3937500000000001 0.496875 0.3937500000000001 0.509375 0.403125 0.509375
6 0.41875 0.478125 0.4078125 0.478125 0.4078125 0.4859375 0.41875 0.4859375
6 0.4234375 0.484375 0.4125 0.484375 0.4125 0.49375 0.4234375 0.49375
0 0.3843750000000001 0.6203125 0.37968750000000007 0.6203125 0.37968750000000007 0.6265625 0.3843750000000001 0.6265625
0 0.30937500000000007 0.559375 0.3031250000000001 0.559375 0.3031250000000001 0.56875 0.30937500000000007 0.56875
6 0.21093750000000008 0.5296875 0.17656250000000004 0.5296875 0.17656250000000007 0.559375 0.21093750000000008 0.559375
6 0.2531250000000001 0.63125 0.21093750000000008 0.63125 0.21093750000000008 0.665625 0.2531250000000001 0.665625
6 0.2406250000000001 0.5609375 0.2218750000000001 0.5609375 0.2218750000000001 0.584375 0.2406250000000001 0.584375
6 0.2515625000000001 0.5234375 0.2296875000000001 0.5234375 0.2296875000000001 0.54375 0.2515625000000001 0.54375
6 0.2218750000000001 0.5046875 0.2015625000000001 0.5046875 0.2015625000000001 0.5171875 0.2218750000000001 0.5171875
13 0.21250000000000008 0.8515625 0.1750000000000001 0.8515625 0.1750000000000001 0.8765625 0.21250000000000008 0.8765625
10 0.2156250000000001 0.7984375 0.17343750000000008 0.7984375 0.17343750000000008 0.8515625 0.2156250000000001 0.8515625
12 0.17187500000000008 0.678125 0.1546875000000001 0.678125 0.1546875000000001 0.69375 0.17187500000000008 0.69375
13 0.10000000000000009 0.7640625 0.08437500000000009 0.7640625 0.08437500000000009 0.78125 0.10000000000000009 0.78125
0 0.1296875000000001 0.61875 0.12343750000000009 0.61875 0.12343750000000009 0.6296875 0.1296875000000001 0.6296875
12 0.11718750000000008 0.646875 0.10468750000000009 0.646875 0.10468750000000009 0.6609375 0.11718750000000008 0.6609375
6 0.2000000000000001 0.6921875 0.1609375000000001 0.6921875 0.1609375000000001 0.7359375 0.2000000000000001 0.7359375
6 0.17343750000000008 0.7328125 0.1625000000000001 0.7328125 0.1625000000000001 0.7421875 0.17343750000000008 0.7421875
6 0.2515625000000001 0.61875 0.2328125000000001 0.61875 0.2328125000000001 0.6375 0.2515625000000001 0.6375
13 0.05937500000000009 0.7234375 0.03906250000000009 0.7234375 0.03906250000000009 0.734375 0.05937500000000009 0.734375
10 0.09218750000000009 0.6953125 0.05937500000000009 0.6953125 0.05937500000000009 0.725 0.09218750000000009 0.725
13 0.0750000000000001 0.6796875 0.057812500000000086 0.6796875 0.057812500000000086 0.6921875 0.0750000000000001 0.6921875
0 0.06875000000000009 0.6890625 0.057812500000000086 0.6890625 0.057812500000000086 0.7015625 0.06875000000000009 0.7015625
12 0.057812500000000065 0.5390625 0.03906250000000007 0.5390625 0.03906250000000007 0.5546875 0.057812500000000065 0.5546875
16 0.10937500000000008 0.553125 0.04375000000000007 0.553125 0.043750000000000074 0.5953125 0.10937500000000008 0.5953125
16 0.18750000000000006 0.5296875 0.12187500000000004 0.5296875 0.12187500000000004 0.54375 0.18750000000000006 0.54375
16 0.20312500000000008 0.45625 0.16718750000000004 0.45625 0.16718750000000004 0.5015625 0.20312500000000008 0.5015625
6 0.23437500000000008 0.5453125 0.22031250000000008 0.5453125 0.22031250000000008 0.559375 0.23437500000000008 0.559375
13 0.2312500000000001 0.696875 0.2218750000000001 0.696875 0.2218750000000001 0.7109375 0.2312500000000001 0.7109375
6 0.2468750000000001 0.6625 0.2296875000000001 0.6625 0.2296875000000001 0.6796875 0.2468750000000001 0.6796875
10 0.3031250000000001 0.5015625 0.27812500000000007 0.5015625 0.27812500000000007 0.528125 0.3031250000000001 0.528125
6 0.5578125 0.5609375 0.5296875 0.5609375 0.5296875 0.578125 0.5578125 0.578125
10 0.690625 0.5765625 0.634375 0.5765625 0.634375 0.615625 0.690625 0.615625
6 0.7578125 0.6765625000000002 0.7390625 0.6765625000000002 0.7390625 0.6937500000000002 0.7578125 0.6937500000000002
6 0.81875 0.7937500000000002 0.8015625 0.7937500000000002 0.8015625 0.8109375 0.81875 0.8109375
13 0.9453125 0.803125 0.925 0.803125 0.925 0.8328125 0.9453125 0.8328125
13 0.9359375 0.8171875 0.915625 0.8171875 0.915625 0.8375 0.9359375 0.8375
6 0.9359375 0.7750000000000001 0.9125 0.7750000000000001 0.9125 0.7953125000000002 0.9359375 0.7953125000000002
6 0.07187500000000009 0.7515625 0.04531250000000009 0.7515625 0.045312500000000096 0.78125 0.07187500000000009 0.78125
6 0.09218750000000009 0.6578125 0.057812500000000086 0.6578125 0.057812500000000086 0.671875 0.09218750000000009 0.671875
6 0.1312500000000001 0.7234375 0.11875000000000009 0.7234375 0.11875000000000009 0.734375 0.1312500000000001 0.734375
6 0.21093750000000008 0.5234375 0.19531250000000006 0.5234375 0.19531250000000006 0.5375 0.21093750000000008 0.5375
6 0.2578125000000001 0.5078125 0.2406250000000001 0.5078125 0.2406250000000001 0.51875 0.2578125000000001 0.51875
0 0.45625 0.5359375 0.45 0.5359375 0.45 0.5421875 0.45625 0.5421875
10 0.58125 0.534375 0.5578125 0.534375 0.5578125 0.5546875 0.58125 0.5546875
10 0.6125 0.7171875 0.5921875 0.7171875 0.5921875000000001 0.7390625 0.6125000000000002 0.7390625
6 0.6390625 0.6703125 0.63125 0.6703125 0.63125 0.690625 0.6390625 0.690625
6 0.665625 0.6328125 0.6515625 0.6328125 0.6515625 0.646875 0.665625 0.646875
6 0.671875 0.6484375 0.65625 0.6484375 0.65625 0.659375 0.671875 0.659375
6 0.7359375000000001 0.7921875 0.7140625000000002 0.7921875 0.7140625000000002 0.815625 0.7359375000000001 0.815625
6 0.7578125000000002 0.8 0.6937500000000002 0.8 0.6937500000000002 0.8484375 0.7578125000000002 0.8484375
16 0.809375 0.85625 0.7531250000000002 0.85625 0.7531250000000002 0.9 0.809375 0.9
6 0.7765625000000002 0.8640625 0.7390625000000002 0.8640625 0.7390625000000002 0.8984375 0.7765625000000002 0.8984375
0 0.8265625 0.7750000000000001 0.81875 0.7750000000000001 0.81875 0.7843750000000002 0.8265625 0.7843750000000002
13 0.04687500000000007 0.559375 0.032812500000000064 0.559375 0.032812500000000064 0.5671875 0.04687500000000007 0.5671875
13 0.050000000000000065 0.5671875 0.03593750000000007 0.5671875 0.03593750000000007 0.578125 0.050000000000000065 0.578125
10 0.21250000000000008 0.625 0.1937500000000001 0.625 0.1937500000000001 0.6578125 0.21250000000000008 0.6578125
6 0.2406250000000001 0.60625 0.2250000000000001 0.60625 0.2250000000000001 0.6234375 0.2406250000000001 0.6234375
6 0.13437500000000008 0.7796875 0.09218750000000009 0.7796875 0.09218750000000009 0.8125 0.13437500000000008 0.8125
6 0.2906250000000001 0.7171875 0.2765625000000001 0.7171875 0.2765625000000001 0.7375 0.2906250000000001 0.7375
6 0.3984375000000001 0.8234375 0.34843750000000007 0.8234375 0.34843750000000007 0.8828125 0.3984375000000001 0.8828125
13 0.5578125000000002 0.8640625 0.5453125000000002 0.8640625 0.5453125000000002 0.8828125 0.5578125000000002 0.8828125
6 0.7406250000000001 0.6968750000000001 0.6140625 0.696875 0.6140625000000001 0.7968750000000001 0.7406250000000002 0.7968750000000002
6 0.875 0.7140625000000002 0.8625 0.7140625000000002 0.8625 0.7328125000000002 0.875 0.7328125000000002
13 0.9375 0.7859375000000002 0.928125 0.7859375000000002 0.928125 0.8015625 0.9375 0.8015625
6 0.971875 0.7218750000000002 0.9546875 0.7218750000000002 0.9546875 0.7390625000000002 0.971875 0.7390625000000002
6 0.9765625 0.8875 0.95625 0.8875 0.95625 0.909375 0.9765625 0.909375
6 0.6390625 0.5390625 0.6234375 0.5390625 0.6234375 0.5484375 0.6390625 0.5484375
6 0.6375 0.5515625 0.6234375 0.5515625 0.6234375 0.5640625 0.6375 0.5640625
10 0.5484375 0.4921875 0.515625 0.4921875 0.515625 0.5359375 0.5484375 0.5359375
10 0.5390625 0.534375 0.478125 0.534375 0.478125 0.5796875 0.5390625 0.5796875
10 0.4328125 0.5296875 0.3968750000000001 0.5296875 0.3968750000000001 0.5515625 0.4328125 0.5515625
6 0.39531250000000007 0.58125 0.3781250000000001 0.58125 0.3781250000000001 0.59375 0.39531250000000007 0.59375
10 0.026562500000000065 0.55625 0.00625000000000007 0.55625 0.00625000000000007 0.5703125 0.026562500000000065 0.5703125
13 0.010937500000000067 0.546875 6.697287182837088e-17 0.546875 6.745124948428782e-17 0.5546875 0.010937500000000067 0.5546875
6 0.03906250000000007 0.5484375 0.023437500000000066 0.5484375 0.023437500000000066 0.5609375 0.03906250000000007 0.5609375
12 0.020312500000000074 0.578125 0.007812500000000073 0.578125 0.007812500000000073 0.5890625 0.020312500000000074 0.5890625