11 0.4359375 0.6328125 0.403125 0.6328125 0.403125 0.696875 0.4359375 0.696875
12 0.3734375000000001 0.6921875 0.34843750000000007 0.6921875 0.34843750000000007 0.7328125 0.3734375000000001 0.7328125
15 0.4765625 0.6515625 0.45 0.6515625 0.45 0.6875 0.4765625 0.6875
10 0.50625 0.4984375 0.4546875 0.4984375 0.4546875 0.54375 0.50625 0.54375
0 0.51875 0.484375 0.50625 0.484375 0.50625 0.5015625 0.51875 0.5015625
15 0.07656250000000007 0.5796875 7.099124413807313e-17 0.5796875 7.826258450801054e-17 0.6984375 0.07656250000000009 0.6984375
10 0.08750000000000006 0.5359375 0.03750000000000007 0.5359375 0.03750000000000007 0.584375 0.08750000000000006 0.584375
13 0.18750000000000006 0.4609375 0.12968750000000004 0.4609375 0.12968750000000004 0.503125 0.18750000000000006 0.503125
12 0.24218750000000008 0.4546875 0.22031250000000008 0.4546875 0.22031250000000008 0.48125 0.24218750000000008 0.48125
16 0.2734375000000001 0.5171875 0.18437500000000004 0.5171875 0.18437500000000007 0.5671875 0.2734375000000001 0.5671875
10 0.18125000000000008 0.534375 0.14375000000000004 0.534375 0.14375000000000007 0.5828125 0.18125000000000008 0.5828125
13 0.2734375000000001 0.5390625 0.2484375000000001 0.5390625 0.2484375000000001 0.5625 0.2734375000000001 0.5625
10 0.3437500000000001 0.4109375 0.3203125000000001 0.4109375 0.3203125000000001 0.434375 0.3437500000000001 0.434375
15 0.6609375000000001 0.7 0.434375 0.7 0.43437500000000007 0.8984375 0.6609375000000002 0.8984375
13 0.45781250000000007 0.7234375 0.3843750000000001 0.7234375 0.3843750000000001 0.7875 0.4578125000000002 0.7875
11 0.45625000000000016 0.7859375 0.4203125000000002 0.7859375 0.4203125000000002 0.871875 0.45625000000000016 0.871875
11 0.45625000000000016 0.7640625 0.42500000000000016 0.7640625 0.42500000000000016 0.8203125 0.45625000000000016 0.8203125
13 0.5390625000000002 0.9 0.48750000000000016 0.9 0.48750000000000016 0.934375 0.5390625000000002 0.934375
11 0.6375000000000001 0.6921875 0.6078125 0.6921875 0.6078125000000001 0.753125 0.6375000000000002 0.753125
13 0.690625 0.6640625 0.6625 0.6640625 0.6625 0.7046875 0.690625 0.7046875
13 0.7578125000000001 0.6984375 0.7203125 0.6984375 0.7203125000000001 0.7390625000000001 0.7578125000000002 0.7390625000000002
10 0.7734375000000002 0.7515625000000001 0.6796875000000002 0.7515625 0.6796875000000002 0.834375 0.7734375000000002 0.834375
11 0.8609375 0.5750000000000002 0.8375 0.5750000000000002 0.8375 0.6125000000000002 0.8609375 0.6125000000000002
13 0.8421875 0.7140625000000002 0.8125 0.7140625000000002 0.8125 0.7500000000000002 0.8421875 0.7500000000000002
10 0.81875 0.7265625000000002 0.7515625000000001 0.7265625000000002 0.7515625000000001 0.8421875 0.81875 0.8421875
11 0.7453125 0.3500000000000001 0.721875 0.3500000000000001 0.721875 0.4015625000000001 0.7453125 0.40156250000000016
13 0.8671875 0.3671875000000001 0.8078125 0.3671875000000001 0.8078125 0.4078125000000002 0.8671875 0.4078125000000002
13 0.8828125 0.3109375000000001 0.846875 0.3109375000000001 0.846875 0.3500000000000001 0.8828125 0.3500000000000001
13 0.6140625 0.24218750000000008 0.5828125 0.24218750000000008 0.5828125 0.2593750000000001 0.6140625 0.2593750000000001
11 0.7234375 0.3453125000000001 0.7 0.3453125000000001 0.7 0.3890625000000001 0.7234375 0.3890625000000001
13 0.725 0.25468750000000007 0.690625 0.25468750000000007 0.690625 0.2812500000000001 0.725 0.2812500000000001
13 0.69375 0.2640625000000001 0.6625 0.2640625000000001 0.6625 0.3062500000000001 0.69375 0.3062500000000001
16 0.65625 0.27031250000000007 0.56875 0.27031250000000007 0.56875 0.30937500000000007 0.65625 0.30937500000000007
13 0.6484375 0.546875 0.5984375 0.546875 0.5984375 0.590625 0.6484375 0.590625
12 0.578125 0.6140625 0.5515625 0.6140625 0.5515625 0.640625 0.578125 0.640625
0 0.4734375 0.6265625 0.4609375 0.6265625 0.4609375 0.6390625 0.4734375 0.6390625
0 0.4390625 0.7015625 0.4296875 0.7015625 0.4296875 0.7140625 0.4390625 0.7140625
0 0.4046875 0.615625 0.3921875000000001 0.615625 0.3921875000000001 0.63125 0.4046875 0.63125
0 0.7921875 0.5296875000000002 0.7796875 0.5296875000000002 0.7796875 0.5421875000000002 0.7921875 0.5421875000000002
0 0.8234375 0.5453125000000002 0.8109375 0.5453125000000002 0.8109375 0.5609375000000002 0.8234375 0.5609375000000002
0 0.8546875 0.5296875000000002 0.8375 0.5296875000000002 0.8375 0.5453125000000002 0.8546875 0.5453125000000002
0 0.7671875 0.4078125000000002 0.75625 0.4078125000000002 0.75625 0.42187500000000017 0.7671875 0.42187500000000017
0 0.9265625 0.6343750000000001 0.9140625 0.6343750000000001 0.9140625 0.6468750000000002 0.9265625 0.6468750000000002
12 0.9640625 0.48750000000000016 0.9390625 0.48750000000000016 0.9390625 0.5125000000000002 0.9640625 0.5125000000000002
13 0.9390625 0.5765625000000002 0.896875 0.5765625000000002 0.896875 0.6031250000000001 0.9390625 0.6031250000000001
10 0.9703125 0.6000000000000002 0.9078125 0.6000000000000002 0.9078125 0.6375000000000002 0.9703125 0.6375000000000002
12 0.8140625 0.4500000000000002 0.79375 0.4500000000000002 0.79375 0.4781250000000002 0.8140625 0.4781250000000002
13 0.7046875000000001 0.840625 0.6734375000000001 0.840625 0.6734375000000001 0.86875 0.7046875000000001 0.86875
12 0.503125 0.4 0.484375 0.4 0.484375 0.421875 0.503125 0.421875
13 0.4703125 0.43125 0.40625 0.43125 0.40625 0.4828125 0.4703125 0.4828125
13 0.5046875 0.4140625 0.478125 0.4140625 0.478125 0.4390625 0.5046875 0.4390625
13 0.55 0.43125 0.4890625 0.43125 0.4890625 0.4703125 0.55 0.4703125
16 0.4859375 0.13906250000000003 0.4328125 0.13906250000000003 0.4328125 0.2156250000000001 0.4859375 0.2156250000000001
10 0.921875 0.5265625000000002 0.865625 0.5265625000000002 0.865625 0.5750000000000002 0.921875 0.5750000000000002
13 0.440625 0.5046875 0.415625 0.5046875 0.415625 0.5328125 0.440625 0.5328125
10 0.5671875 0.6234375 0.5109375 0.6234375 0.5109375 0.7 0.5671875 0.7
12 0.41875 0.56875 0.39531250000000007 0.56875 0.39531250000000007 0.5890625 0.41875 0.5890625
13 0.3125000000000001 0.45 0.27031250000000007 0.45 0.27031250000000007 0.4828125 0.3125000000000001 0.4828125
6 0.22031250000000008 0.8078125 0.0750000000000001 0.8078125 0.07500000000000011 1 0.22031250000000008 1
13 0.2156250000000001 0.8984375 0.1906250000000001 0.8984375 0.1906250000000001 0.946875 0.2156250000000001 0.946875
16 0.3750000000000001 0.846875 0.2531250000000001 0.846875 0.2531250000000001 0.9734375 0.3750000000000001 0.9734375
13 0.28593750000000007 0.9015625 0.2578125000000001 0.9015625 0.2578125000000001 0.928125 0.28593750000000007 0.928125
15 0.2921875000000001 0.840625 0.1906250000000001 0.840625 0.1906250000000001 0.996875 0.2921875000000001 0.996875
13 0.22812500000000008 0.8078125 0.19687500000000008 0.8078125 0.19687500000000008 0.8375 0.22812500000000008 0.8375
15 0.1281250000000001 0.696875 8.534257381558118e-17 0.696875 9.290094077906876e-17 0.8203125 0.1281250000000001 0.8203125
12 0.21875000000000008 0.440625 0.19531250000000006 0.440625 0.19531250000000006 0.4625 0.21875000000000008 0.4625
15 0.5703125 0.5296875 0.4796875 0.5296875 0.4796875 0.63125 0.5703125 0.63125
12 0.5828125 0.4734375 0.5578125 0.4734375 0.5578125 0.496875 0.5828125 0.496875
13 0.603125 0.6546875 0.5734375 0.6546875 0.5734375 0.6875 0.603125 0.6875
10 0.6171875 0.6203125 0.5796875 0.6203125 0.5796875 0.65625 0.6171875 0.65625
13 0.4828125 0.5546875 0.4 0.5546875 0.4 0.6140625 0.4828125 0.6140625
13 0.3125000000000001 0.4203125 0.2890625000000001 0.4203125 0.2890625000000001 0.4453125 0.3125000000000001 0.4453125
13 0.31718750000000007 0.3828125 0.2984375000000001 0.3828125 0.2984375000000001 0.4 0.31718750000000007 0.4
15 0.9625 0.41406250000000017 0.7703125 0.41406250000000017 0.7703125 0.5250000000000001 0.9625 0.5250000000000001
16 0.665625 0.3265625000000001 0.4984375 0.3265625000000001 0.4984375 0.409375 0.665625 0.409375