6 0.5328125 0.5875 0.5015625 0.5875 0.5015625 0.60625 0.5328125 0.60625
12 0.6109375 0.5546875 0.5984375 0.5546875 0.5984375 0.5859375 0.6109375 0.5859375
6 0.6515625 0.6578125 0.625 0.6578125 0.625 0.696875 0.6515625 0.696875
10 0.58125 0.6265625 0.5046875 0.6265625 0.5046875 0.69375 0.58125 0.69375
6 0.5375 0.2890625000000001 0.51875 0.2890625000000001 0.51875 0.30937500000000007 0.5375 0.30937500000000007
13 0.7203125 0.2968750000000001 0.7015625 0.2968750000000001 0.7015625 0.3140625000000001 0.7203125 0.3140625000000001
6 0.7265625 0.23437500000000008 0.715625 0.23437500000000008 0.715625 0.2468750000000001 0.7265625 0.2468750000000001
10 0.76875 0.23437500000000008 0.721875 0.23437500000000008 0.721875 0.2640625000000001 0.76875 0.2640625000000001
6 0.7734375 0.1765625000000001 0.759375 0.1765625000000001 0.759375 0.18906250000000008 0.7734375 0.18906250000000008
10 0.8109375 0.22656250000000008 0.76875 0.22656250000000008 0.76875 0.25468750000000007 0.8109375 0.25468750000000007
10 0.8125 0.2531250000000001 0.7734375 0.2531250000000001 0.7734375 0.28593750000000007 0.8125 0.28593750000000007
10 0.8421875 0.2734375000000001 0.7890625 0.2734375000000001 0.7890625 0.3125000000000001 0.8421875 0.3125000000000001
6 0.79375 0.3218750000000001 0.78125 0.3218750000000001 0.78125 0.3343750000000001 0.79375 0.3343750000000001
6 0.765625 0.2671875000000001 0.75625 0.2671875000000001 0.75625 0.27812500000000007 0.765625 0.27812500000000007
13 0.803125 0.3515625000000001 0.784375 0.3515625000000001 0.784375 0.37187500000000007 0.803125 0.37187500000000007
13 0.8734375 0.40937500000000016 0.8484375 0.40937500000000016 0.8484375 0.44062500000000016 0.8734375 0.44062500000000016
0 0.8203125 0.4625000000000002 0.8125 0.4625000000000002 0.8125 0.4734375000000002 0.8203125 0.4734375000000002
10 0.9234375 0.3750000000000001 0.8671875 0.3750000000000001 0.8671875 0.42187500000000017 0.9234375 0.42187500000000017
0 0.9359375 0.37968750000000007 0.928125 0.37968750000000007 0.928125 0.3906250000000001 0.9359375 0.3906250000000001
6 0.921875 0.4515625000000002 0.8984375 0.4515625000000002 0.8984375 0.47187500000000016 0.921875 0.47187500000000016
10 0.9609375 0.46406250000000016 0.8734375 0.46406250000000016 0.8734375 0.5281250000000002 0.9609375 0.5281250000000002
11 0.9171875 0.5296875000000002 0.8640625 0.5296875000000002 0.8640625 0.5593750000000002 0.9171875 0.5593750000000002
10 1 0.3031250000000001 0.965625 0.3031250000000001 0.965625 0.34062500000000007 1 0.34062500000000007
0 0.6703125 0.2250000000000001 0.6640625 0.2250000000000001 0.6640625 0.2312500000000001 0.6703125 0.2312500000000001
6 0.6734375 0.38750000000000007 0.65625 0.38750000000000007 0.65625 0.40625 0.6734375 0.40625
6 0.665625 0.4921875 0.64375 0.4921875 0.64375 0.50625 0.665625 0.50625
6 0.715625 0.66875 0.7 0.66875 0.7 0.6859375 0.715625 0.6859375
6 0.6984375000000002 0.75 0.6875000000000002 0.75 0.6875000000000002 0.7640625 0.6984375000000002 0.7640625
6 0.9953125 0.8140625 0.9734375 0.8140625 0.9734375 0.8328125 0.9953125 0.8328125
6 0.9359375 0.7281250000000001 0.915625 0.7281250000000001 0.915625 0.7390625000000002 0.9359375 0.7390625000000002
13 0.6078125 0.025000000000000078 0.5953125 0.025000000000000078 0.5953125 0.03593750000000008 0.6078125 0.03593750000000008
6 0.6625 0.0750000000000001 0.65 0.0750000000000001 0.65 0.09687500000000009 0.6625 0.09687500000000009
6 0.76875 0.1296875000000001 0.746875 0.1296875000000001 0.746875 0.1453125000000001 0.76875 0.1453125000000001
6 0.796875 0.0984375000000001 0.7828125 0.0984375000000001 0.7828125 0.11093750000000009 0.796875 0.11093750000000009
6 0.6484375 0.04375000000000008 0.634375 0.04375000000000008 0.634375 0.05625000000000008 0.6484375 0.05625000000000009
10 0.571875 0.03125000000000007 0.5359375 0.03125000000000007 0.5359375 0.04687500000000007 0.571875 0.04687500000000007
10 0.49375 5.692694105411524e-17 0.4359375 5.338694640032993e-17 0.4359375 0.014062500000000058 0.49375 0.014062500000000061
6 0.45625 0.3453125000000001 0.4390625 0.3453125000000001 0.4390625 0.3546875000000001 0.45625 0.3546875000000001
13 0.4875 0.3312500000000001 0.4703125 0.3312500000000001 0.4703125 0.3437500000000001 0.4875 0.3437500000000001
10 0.484375 0.3921875000000001 0.4421875 0.3921875000000001 0.4421875 0.43125 0.484375 0.43125
11 0.18593750000000003 0.4484375 0.14375000000000004 0.4484375 0.14375000000000004 0.4828125 0.18593750000000003 0.4828125
6 0.3515625000000001 0.396875 0.3359375000000001 0.396875 0.3359375000000001 0.4171875 0.3515625000000001 0.4171875
6 0.33281250000000007 0.6859375 0.3031250000000001 0.6859375 0.3031250000000001 0.7109375 0.33281250000000007 0.7109375
6 0.3156250000000001 0.8859375 0.2984375000000001 0.8859375 0.2984375000000001 0.909375 0.3156250000000001 0.909375
6 0.15781250000000008 0.65 0.1375000000000001 0.65 0.1375000000000001 0.6671875 0.15781250000000008 0.6671875