11 0.4703125 0.3656250000000001 0.428125 0.3656250000000001 0.428125 0.403125 0.4703125 0.403125
6 0.4203125 0.3656250000000001 0.3828125000000001 0.3656250000000001 0.3828125000000001 0.3937500000000001 0.4203125 0.3937500000000001
13 0.2687500000000001 0.3953125 0.24218750000000008 0.3953125 0.24218750000000008 0.41875 0.2687500000000001 0.41875
6 0.4265625 0.6484375 0.3921875000000001 0.6484375 0.3921875000000001 0.6890625 0.4265625 0.6890625
6 0.3859375000000001 0.6984375 0.3546875000000001 0.6984375 0.3546875000000001 0.7296875 0.3859375000000001 0.7296875
13 0.35625000000000007 0.7921875 0.3187500000000001 0.7921875 0.3187500000000001 0.821875 0.35625000000000007 0.821875
12 0.2640625000000001 0.690625 0.2406250000000001 0.690625 0.2406250000000001 0.7171875 0.2640625000000001 0.7171875
6 0.2843750000000001 0.678125 0.2609375000000001 0.678125 0.2609375000000001 0.721875 0.2843750000000001 0.721875
10 0.1703125000000001 0.671875 0.11562500000000009 0.671875 0.11562500000000009 0.7203125 0.1703125000000001 0.7203125
10 0.07187500000000008 0.5921875 0.009375000000000073 0.5921875 0.009375000000000076 0.646875 0.07187500000000009 0.646875
12 0.04843750000000009 0.7453125 0.017187500000000088 0.7453125 0.01718750000000009 0.775 0.0484375000000001 0.775
6 0.02968750000000009 0.70625 0.014062500000000089 0.70625 0.014062500000000089 0.728125 0.02968750000000009 0.728125
6 0.04531250000000006 0.4828125 0.02031250000000006 0.4828125 0.02031250000000006 0.5203125 0.04531250000000007 0.5203125
6 0.07656250000000006 0.5765625 0.03750000000000007 0.5765625 0.037500000000000075 0.6 0.07656250000000006 0.6
10 0.16406250000000006 0.384375 0.11562500000000005 0.384375 0.11562500000000005 0.421875 0.16406250000000006 0.421875
10 0.3296875 0.34375 0.290625 0.34375 0.290625 0.3765625 0.3296875000000001 0.3765625
10 0.4578125 0.5265625 0.3984375000000001 0.5265625 0.3984375000000001 0.5796875 0.4578125 0.5796875
13 0.49375 0.559375 0.4734375 0.559375 0.4734375 0.575 0.49375 0.575
10 0.6921875 0.5703125 0.540625 0.5703125 0.540625 0.66875 0.6921875 0.66875
6 0.4828125 0.6296875 0.465625 0.6296875 0.465625 0.6515625 0.4828125 0.6515625
16 0.5546875 0.5640625 0.5046875 0.5640625 0.5046875 0.634375 0.5546875 0.634375
0 0.5109375 0.4671875 0.503125 0.4671875 0.503125 0.4765625 0.5109375 0.4765625
6 0.5109375 0.3546875000000001 0.484375 0.3546875000000001 0.484375 0.3921875000000001 0.5109375 0.3921875000000001
6 0.5734375 0.4765625 0.53125 0.4765625 0.53125 0.50625 0.5734375 0.50625
10 0.403125 0.5234375 0.34843750000000007 0.5234375 0.34843750000000007 0.5734375 0.403125 0.5734375
10 0.36406250000000007 0.4625 0.32500000000000007 0.4625 0.32500000000000007 0.509375 0.36406250000000007 0.509375
10 0.421875 0.4765625 0.34062500000000007 0.4765625 0.34062500000000007 0.540625 0.421875 0.540625
10 0.3984375000000001 0.4515625 0.3515625000000001 0.4515625 0.3515625000000001 0.490625 0.3984375000000001 0.490625
0 0.4125 0.4328125 0.403125 0.4328125 0.403125 0.440625 0.4125 0.440625
13 0.740625 0.5515625000000001 0.703125 0.5515625 0.703125 0.5906250000000001 0.740625 0.5906250000000002
12 0.7375 0.5906250000000001 0.7140625 0.590625 0.7140625 0.6125 0.7375 0.6125000000000002
10 0.8484375 0.6578125000000001 0.80625 0.6578125000000001 0.80625 0.7156250000000002 0.8484375 0.7156250000000002
13 0.896875 0.7671875000000001 0.8515625 0.7671875000000001 0.8515625 0.8046875 0.896875 0.8046875
13 0.9046875 0.7375000000000002 0.8640625 0.7375000000000002 0.8640625 0.7875000000000002 0.9046875 0.7875000000000002
13 0.9359375 0.8765625 0.875 0.8765625 0.875 0.9078125 0.9359375 0.9078125
10 0.965625 0.9296875 0.925 0.9296875 0.925 0.96875 0.965625 0.96875
13 0.9890625 0.9484375 0.9625 0.9484375 0.9625 0.9859375 0.9890625 0.9859375
16 0.9890625 0.9390625 0.9 0.9390625 0.9 1 0.9890625 1
11 1 0.8625 0.959375 0.8625 0.959375 0.921875 1 0.921875
13 0.9734375 0.6359375000000002 0.9515625 0.6359375000000002 0.9515625 0.6656250000000001 0.9734375 0.6656250000000001
6 0.8953125 0.7328125000000002 0.878125 0.7328125000000002 0.878125 0.7515625000000001 0.8953125 0.7515625000000001
10 0.91875 0.6578125000000001 0.8765625 0.6578125000000001 0.8765625 0.7203125000000001 0.91875 0.7203125000000001
13 0.7890625 0.6312500000000002 0.75 0.6312500000000002 0.75 0.6781250000000002 0.7890625 0.6781250000000002
16 0.7890625 0.6640625000000001 0.7234375 0.6640625 0.7234375 0.690625 0.7890625 0.6906250000000002
10 0.8078125 0.6765625000000002 0.753125 0.6765625000000002 0.753125 0.7312500000000002 0.8078125 0.7312500000000002
6 0.715625 0.65 0.7 0.65 0.7 0.6859375 0.715625 0.6859375
6 0.7250000000000002 0.7296875 0.7046875000000001 0.7296875 0.7046875000000001 0.7453125 0.7250000000000002 0.7453125
6 0.7578125 0.6937500000000002 0.740625 0.6937500000000002 0.740625 0.7140625000000002 0.7578125 0.7140625000000002
6 0.7453125 0.7015625000000002 0.73125 0.7015625000000002 0.73125 0.7140625000000002 0.7453125 0.7140625000000002
6 0.7671875 0.6156250000000002 0.7390625 0.6156250000000002 0.7390625 0.6281250000000002 0.7671875 0.6281250000000002
6 0.7578125 0.5890625000000002 0.7359375 0.5890625000000002 0.7359375 0.6062500000000002 0.7578125 0.6062500000000002
13 0.7875 0.48437500000000017 0.7671875 0.48437500000000017 0.7671875 0.5015625000000001 0.7875 0.5015625000000001
6 0.7671875 0.4750000000000002 0.7296875 0.4750000000000002 0.7296875 0.5031250000000002 0.7671875 0.5031250000000002
0 0.73125 0.4921875000000001 0.7234375 0.4921875 0.7234375 0.5000000000000001 0.73125 0.5000000000000002
12 0.7609375 0.5156250000000002 0.740625 0.5156250000000002 0.740625 0.5359375000000002 0.7609375 0.5359375000000002
10 0.7859375 0.4984375000000001 0.7046875 0.4984375 0.7046875 0.5593750000000001 0.7859375 0.5593750000000002
6 0.471875 0.41875 0.421875 0.41875 0.421875 0.4515625 0.471875 0.4515625
0 0.8046875 0.909375 0.7796875000000002 0.909375 0.7796875000000002 0.9421875 0.8046875 0.9421875
0 0.809375 0.8453125 0.7984375000000001 0.8453125 0.7984375000000001 0.859375 0.809375 0.859375
10 0.871875 0.8421875 0.8390625 0.8421875 0.8390625 0.8765625 0.871875 0.8765625
6 0.9625 0.8375 0.915625 0.8375 0.915625 0.8765625 0.9625 0.8765625
6 0.6500000000000001 0.7140625 0.609375 0.7140625 0.6093750000000001 0.753125 0.6500000000000001 0.753125
6 0.5671875000000002 0.784375 0.4656250000000002 0.784375 0.4656250000000002 0.8125 0.5671875000000002 0.8125
6 0.3781250000000001 0.8171875 0.3468750000000001 0.8171875 0.3468750000000001 0.8453125 0.3781250000000001 0.8453125
6 0.3734375000000001 0.815625 0.3312500000000001 0.815625 0.3312500000000001 0.8703125 0.3734375000000001 0.8703125
6 0.18125000000000008 0.68125 0.15781250000000008 0.68125 0.15781250000000008 0.715625 0.18125000000000008 0.715625
6 0.15625000000000008 0.79375 0.1375000000000001 0.79375 0.1375000000000001 0.8109375 0.15625000000000008 0.8109375
6 0.16406250000000008 0.8453125 0.1453125000000001 0.8453125 0.1453125000000001 0.8640625 0.16406250000000008 0.8640625
6 0.1609375000000001 0.884375 0.1437500000000001 0.884375 0.1437500000000001 0.90625 0.1609375000000001 0.90625
6 0.2562500000000001 0.6375 0.2375000000000001 0.6375 0.2375000000000001 0.6609375 0.2562500000000001 0.6609375
6 0.3000000000000001 0.5109375 0.2765625000000001 0.5109375 0.2765625000000001 0.53125 0.3000000000000001 0.53125
6 0.31718750000000007 0.38125 0.30156250000000007 0.38125 0.30156250000000007 0.396875 0.31718750000000007 0.396875
6 0.3609375 0.353125 0.346875 0.353125 0.34687500000000004 0.36875 0.3609375000000001 0.36875
12 0.3453125 0.3453125 0.33125 0.3453125 0.33125 0.359375 0.3453125 0.359375
0 0.16250000000000003 0.4796875 0.15000000000000005 0.4796875 0.15000000000000005 0.490625 0.16250000000000003 0.490625
6 0.06718750000000004 0.4265625 0.031250000000000056 0.4265625 0.031250000000000056 0.453125 0.06718750000000004 0.453125
6 0.03593750000000005 0.4546875 0.020312500000000056 0.4546875 0.020312500000000056 0.4734375 0.03593750000000005 0.4734375
6 0.050000000000000065 0.55625 0.025000000000000067 0.55625 0.025000000000000067 0.575 0.050000000000000065 0.575
6 0.07031250000000007 0.5609375 0.04531250000000007 0.5609375 0.04531250000000007 0.578125 0.07031250000000007 0.578125
6 0.07343750000000004 0.3953125 0.04843750000000004 0.3953125 0.04843750000000005 0.4125 0.07343750000000004 0.4125
13 0.6515625 0.478125 0.6375 0.478125 0.6375 0.4875 0.6515625 0.4875
6 0.715625 0.4484375 0.6953125 0.4484375 0.6953125 0.4640625 0.715625 0.4640625