15 0.11250000000000011 0.859375 0.0015625000000001055 0.859375 0.0015625000000001137 1 0.11250000000000013 1
13 0.14218750000000008 0.8140625 0.11562500000000009 0.8140625 0.11562500000000009 0.8453125 0.14218750000000008 0.8453125
12 0.3031250000000001 0.7984375 0.27031250000000007 0.7984375 0.27031250000000007 0.84375 0.3031250000000001 0.84375
13 0.3578125000000001 0.6890625 0.3156250000000001 0.6890625 0.3156250000000001 0.759375 0.3578125000000001 0.759375
13 0.3703125000000001 0.6671875 0.2921875000000001 0.6671875 0.2921875000000001 0.7328125 0.3703125000000001 0.7328125
13 0.4234375 0.646875 0.3750000000000001 0.646875 0.3750000000000001 0.6859375 0.4234375 0.6859375
13 0.4671875 0.6703125 0.4328125 0.6703125 0.4328125 0.703125 0.4671875 0.703125
11 0.9671875 0.3671875000000001 0.859375 0.3671875000000001 0.859375 0.40937500000000016 0.9671875 0.40937500000000016
11 0.9828125 0.3906250000000001 0.878125 0.3906250000000001 0.878125 0.4421875000000002 0.9828125 0.4421875000000002
10 0.9140625 0.5109375000000002 0.8359375 0.5109375000000002 0.8359375 0.5859375000000002 0.9140625 0.5859375000000002
6 0.9609375 0.5562500000000001 0.925 0.5562500000000001 0.925 0.5968750000000002 0.9609375 0.5968750000000002
10 0.8828125 0.46875000000000017 0.8296875 0.46875000000000017 0.8296875 0.5171875000000001 0.8828125 0.5171875000000001
11 0.853125 0.6734375000000001 0.80625 0.6734375000000001 0.80625 0.7250000000000002 0.853125 0.7250000000000002
0 0.8546875 0.6296875000000002 0.8421875 0.6296875000000002 0.8421875 0.6500000000000001 0.8546875 0.6500000000000001
11 0.9140625 0.2093750000000001 0.8921875 0.2093750000000001 0.8921875 0.2531250000000001 0.9140625 0.2531250000000001
16 1 0.2562500000000001 0.9 0.2562500000000001 0.9 0.3000000000000001 1 0.3000000000000001
6 0.9234375 0.46875000000000017 0.890625 0.46875000000000017 0.890625 0.4937500000000002 0.9234375 0.4937500000000002
10 0.809375 0.6078125000000002 0.7296875 0.6078125000000002 0.7296875 0.7156250000000002 0.809375 0.7156250000000002
6 0.5656250000000002 0.740625 0.5421875000000002 0.740625 0.5421875000000002 0.7734375 0.5656250000000002 0.7734375
6 0.46093750000000017 0.871875 0.4187500000000002 0.871875 0.4187500000000002 0.9328125 0.46093750000000017 0.9328125
6 0.40625000000000017 0.775 0.3734375000000001 0.775 0.3734375000000001 0.8375 0.40625000000000017 0.8375
13 0.2406250000000001 0.8578125 0.2078125000000001 0.8578125 0.2078125000000001 0.9046875 0.2406250000000001 0.9046875
6 0.2093750000000001 0.903125 0.1843750000000001 0.903125 0.18437500000000012 0.93125 0.2093750000000001 0.93125
6 0.18437500000000012 0.8828125 0.17187500000000008 0.8828125 0.1718750000000001 0.909375 0.18437500000000012 0.909375
6 0.2640625000000001 0.934375 0.2390625000000001 0.934375 0.2390625000000001 0.9609375 0.2640625000000001 0.9609375
0 0.2875000000000001 0.946875 0.2718750000000001 0.946875 0.2718750000000001 0.9671875 0.2875000000000001 0.9671875
10 0.2609375000000001 0.828125 0.2312500000000001 0.828125 0.2312500000000001 0.85625 0.2609375000000001 0.85625
0 0.1625000000000001 0.815625 0.1468750000000001 0.815625 0.1468750000000001 0.8359375 0.1625000000000001 0.8359375
0 0.18281250000000013 0.9734375 0.16562500000000013 0.9734375 0.16562500000000013 0.99375 0.18281250000000013 0.99375
6 0.16093750000000012 0.8921875 0.12343750000000009 0.8921875 0.12343750000000012 0.934375 0.16093750000000012 0.934375
13 0.5859375 0.6859375 0.5578125 0.6859375 0.5578125 0.71875 0.5859375 0.71875