10 0.528125 0.6375 0.453125 0.6375 0.453125 0.7015625 0.528125 0.7015625
12 0.5625 0.5671875 0.5484375 0.5671875 0.5484375 0.5984375 0.5625 0.5984375
11 0.8640625 0.5421875000000002 0.8140625 0.5421875000000002 0.8140625 0.5750000000000002 0.8640625 0.5750000000000002
13 0.8171875 0.4281250000000002 0.79375 0.4281250000000002 0.79375 0.4546875000000002 0.8171875 0.4546875000000002
10 0.8671875 0.4703125000000002 0.8453125 0.4703125000000002 0.8453125 0.48750000000000016 0.8671875 0.48750000000000016
10 0.9046875 0.4812500000000002 0.8203125 0.4812500000000002 0.8203125 0.5453125000000002 0.9046875 0.5453125000000002
13 0.746875 0.3703125000000001 0.728125 0.3703125000000001 0.728125 0.3859375000000001 0.746875 0.3859375000000001
10 0.78125 0.2921875000000001 0.734375 0.2921875000000001 0.734375 0.3312500000000001 0.78125 0.3312500000000001
10 0.68125 0.2578125000000001 0.6640625 0.2578125000000001 0.6640625 0.2734375000000001 0.68125 0.2734375000000001
10 0.7484375 0.24375000000000008 0.68125 0.24375000000000008 0.68125 0.2796875000000001 0.7484375 0.2796875000000001
10 0.75 0.2734375000000001 0.7109375 0.2734375000000001 0.7109375 0.2953125000000001 0.75 0.2953125000000001
13 0.6640625 0.3125000000000001 0.646875 0.3125000000000001 0.646875 0.3281250000000001 0.6640625 0.3281250000000001
11 0.14531250000000004 0.3875 0.10781250000000005 0.3875 0.10781250000000005 0.4203125 0.14531250000000004 0.4203125
13 0.2906250000000001 0.7078125 0.2687500000000001 0.7078125 0.2687500000000001 0.7390625 0.2906250000000001 0.7390625
6 0.48125 0.3156250000000001 0.465625 0.3156250000000001 0.465625 0.3359375000000001 0.48125 0.3359375000000001
15 0.5546875 0.34843750000000007 0.5328125 0.34843750000000007 0.5328125 0.3687500000000001 0.5546875 0.3687500000000001
6 0.5875 0.6625 0.559375 0.6625 0.559375 0.703125 0.5875 0.703125
6 0.4734375 0.5984375 0.4453125 0.5984375 0.4453125 0.6234375 0.4734375 0.6234375
6 0.6046875 0.5078125 0.58125 0.5078125 0.58125 0.521875 0.6046875 0.521875
6 0.65625 0.671875 0.6421875 0.671875 0.6421875 0.6890625 0.65625 0.6890625
6 0.6312500000000002 0.7546875 0.6218750000000002 0.7546875 0.6218750000000002 0.7703125 0.6312500000000002 0.7703125
0 0.7671875 0.47968750000000016 0.7578125 0.47968750000000016 0.7578125 0.4906250000000002 0.7671875 0.4906250000000002
6 0.734375 0.3390625000000001 0.721875 0.3390625000000001 0.721875 0.3531250000000001 0.734375 0.3531250000000001
6 0.7109375 0.1515625000000001 0.6890625 0.1515625000000001 0.6890625 0.1687500000000001 0.7109375 0.1687500000000001
6 0.7375 0.1218750000000001 0.7234375 0.1218750000000001 0.7234375 0.1296875000000001 0.7375 0.1296875000000001
10 0.51875 0.056250000000000064 0.4890625 0.056250000000000064 0.4890625 0.07343750000000007 0.51875 0.07343750000000007
13 0.5546875 0.050000000000000065 0.54375 0.050000000000000065 0.54375 0.05937500000000007 0.5546875 0.05937500000000007
6 0.3984375 0.16250000000000003 0.3796875 0.16250000000000003 0.3796875 0.17500000000000004 0.3984375 0.17500000000000004
6 0.2984375000000001 0.415625 0.2812500000000001 0.415625 0.2812500000000001 0.4390625 0.2984375000000001 0.4390625
16 0.29375 0.11875000000000005 0.24375 0.11875000000000005 0.24375 0.13750000000000004 0.29375 0.13750000000000004
10 0.965625 0.3125000000000001 0.896875 0.3125000000000001 0.896875 0.36406250000000007 0.965625 0.36406250000000007
10 0.8609375 0.3906250000000001 0.8 0.3906250000000001 0.8 0.4390625000000002 0.8609375 0.4390625000000002
0 0.8671875 0.4000000000000002 0.8578125 0.4000000000000002 0.8578125 0.4109375000000002 0.8671875 0.4109375000000002
6 0.7078125 0.2828125000000001 0.6984375 0.2828125000000001 0.6984375 0.2968750000000001 0.7078125 0.2968750000000001
6 0.671875 0.2531250000000001 0.6625 0.2531250000000001 0.6625 0.2640625000000001 0.671875 0.2640625000000001
6 0.28593750000000007 0.9125 0.2671875000000001 0.9125 0.2671875000000001 0.9359375 0.28593750000000007 0.9359375