11 0.11562500000000009 0.7546875 0.06562500000000009 0.7546875 0.06562500000000009 0.7875 0.11562500000000009 0.7875
6 0.1281250000000001 0.7671875 0.10000000000000009 0.7671875 0.10000000000000009 0.8140625 0.1281250000000001 0.8140625
10 0.3609375000000001 0.6359375 0.28593750000000007 0.6359375 0.28593750000000007 0.725 0.3609375000000001 0.725
6 0.3109375000000001 0.590625 0.2812500000000001 0.590625 0.2812500000000001 0.625 0.3109375000000001 0.625
12 0.3296875000000001 0.5734375 0.3078125000000001 0.5734375 0.3078125000000001 0.60625 0.3296875000000001 0.60625
6 0.425 0.5625 0.3984375000000001 0.5625 0.3984375000000001 0.603125 0.425 0.603125
6 0.45 0.5578125 0.4359375 0.5578125 0.4359375 0.5765625 0.45 0.5765625
6 0.7453125 0.5250000000000001 0.7265625 0.5250000000000001 0.7265625 0.5484375000000001 0.7453125 0.5484375000000001
13 0.80625 0.5046875000000002 0.7890625 0.5046875000000002 0.7890625 0.5328125000000001 0.80625 0.5328125000000001
13 0.79375 0.4812500000000002 0.7578125 0.4812500000000002 0.7578125 0.5062500000000002 0.79375 0.5062500000000002
13 0.846875 0.4828125000000002 0.825 0.4828125000000002 0.825 0.5187500000000002 0.846875 0.5187500000000002
6 0.7765625 0.37187500000000007 0.7609375 0.37187500000000007 0.7609375 0.3859375000000001 0.7765625 0.3859375000000001
10 0.803125 0.3765625000000001 0.765625 0.3765625000000001 0.765625 0.4234375000000002 0.803125 0.4234375000000002
6 0.6625 0.3468750000000001 0.6515625 0.3468750000000001 0.6515625 0.3593750000000001 0.6625 0.3593750000000001
12 0.68125 0.3140625000000001 0.66875 0.3140625000000001 0.66875 0.3312500000000001 0.68125 0.3312500000000001
6 0.66875 0.3156250000000001 0.6609375 0.3156250000000001 0.6609375 0.32500000000000007 0.66875 0.32500000000000007
0 0.659375 0.2875000000000001 0.6515625 0.2875000000000001 0.6515625 0.2953125000000001 0.659375 0.2953125000000001
6 0.665625 0.2765625000000001 0.6515625 0.2765625000000001 0.6515625 0.2875000000000001 0.665625 0.2875000000000001
6 0.675 0.2687500000000001 0.6625 0.2687500000000001 0.6625 0.2828125000000001 0.675 0.2828125000000001
12 0.703125 0.2968750000000001 0.684375 0.2968750000000001 0.684375 0.3140625000000001 0.703125 0.3140625000000001
10 0.7296875 0.3078125000000001 0.6828125 0.3078125000000001 0.6828125 0.3453125000000001 0.7296875 0.3453125000000001
10 0.7171875 0.2296875000000001 0.68125 0.2296875000000001 0.68125 0.2718750000000001 0.7171875 0.2718750000000001
10 0.615625 0.3046875000000001 0.578125 0.3046875000000001 0.578125 0.3375000000000001 0.615625 0.3375000000000001
10 0.63125 0.3296875000000001 0.5953125 0.3296875000000001 0.5953125 0.3625000000000001 0.63125 0.3625000000000001
16 0.64375 0.18906250000000008 0.6125 0.18906250000000008 0.6125 0.23593750000000008 0.64375 0.23593750000000008
10 0.509375 0.18750000000000006 0.4609375 0.18750000000000006 0.4609375 0.21875000000000008 0.509375 0.21875000000000008
10 0.4515625 0.3187500000000001 0.4078125 0.3187500000000001 0.4078125 0.37968750000000007 0.4515625 0.37968750000000007
11 0.4390625 0.3765625000000001 0.4203125 0.3765625000000001 0.4203125 0.4078125 0.4390625 0.4078125
6 0.4125 0.3359375000000001 0.396875 0.3359375000000001 0.396875 0.3531250000000001 0.4125 0.3531250000000001
10 0.4265625 0.2765625000000001 0.384375 0.2765625000000001 0.384375 0.3156250000000001 0.4265625 0.3156250000000001
13 0.3875 0.3296875000000001 0.3671875 0.3296875000000001 0.3671875 0.3515625000000001 0.3875 0.3515625000000001
0 0.3750000000000001 0.37968750000000007 0.3656250000000001 0.37968750000000007 0.3656250000000001 0.3906250000000001 0.3750000000000001 0.3906250000000001
0 0.453125 0.2531250000000001 0.4453125 0.2531250000000001 0.4453125 0.2593750000000001 0.453125 0.2593750000000001
10 0.3234375 0.2234375 0.284375 0.2234375 0.284375 0.2484375 0.3234375 0.2484375
10 0.328125 0.2453125 0.29375 0.2453125 0.29375 0.2640625 0.328125 0.2640625
10 0.3484375 0.2609375 0.29375 0.2609375 0.29375 0.2875 0.3484375 0.2875
6 0.3265625 0.3015625 0.315625 0.3015625 0.315625 0.3140625 0.3265625 0.3140625
13 0.340625 0.3203125 0.321875 0.3203125 0.321875 0.3359375 0.340625 0.3359375
6 0.2890625 0.259375 0.2796875 0.259375 0.2796875 0.26875 0.2890625 0.26875
6 0.2765625 0.2890625 0.26875 0.2890625 0.26875 0.2984375 0.2765625 0.2984375
6 0.253125 0.17656250000000004 0.2296875 0.17656250000000004 0.2296875 0.19531250000000006 0.253125 0.19531250000000006
6 0.275 0.14375000000000004 0.2640625 0.14375000000000004 0.2640625 0.15625000000000006 0.275 0.15625000000000006
10 0.2671875 0.2640625 0.221875 0.2640625 0.221875 0.3046875 0.2671875 0.3046875
6 0.221875 0.278125 0.2109375 0.278125 0.2109375 0.2921875 0.221875 0.2921875
13 0.265625 0.3296875 0.2484375 0.3296875 0.2484375 0.346875 0.265625 0.346875
0 0.19375000000000003 0.3015625 0.18593750000000003 0.3015625 0.18593750000000003 0.3109375 0.19375000000000003 0.3109375