7 0.525 0.446875 0.421875 0.446875 0.421875 0.4765625 0.525 0.4765625
9 0.5890625 0.3968750000000001 0.553125 0.3968750000000001 0.553125 0.4109375 0.5890625 0.4109375
12 0.5171875 0.4234375 0.4890625 0.4234375 0.4890625 0.4359375 0.5171875 0.4359375
9 0.625 0.4046875 0.6109375 0.4046875 0.6109375 0.4109375 0.625 0.4109375
9 0.5046875 0.415625 0.4703125 0.415625 0.4703125 0.4265625 0.5046875 0.4265625
7 0.5734375 0.2828125000000001 0.51875 0.2828125000000001 0.51875 0.3078125000000001 0.5734375 0.3078125000000001
8 0.5546875 0.3109375000000001 0.5203125 0.3109375000000001 0.5203125 0.3187500000000001 0.5546875 0.3187500000000001
7 0.546875 0.2578125000000001 0.4953125 0.2578125000000001 0.4953125 0.2734375000000001 0.546875 0.2734375000000001
7 0.45 0.2312500000000001 0.396875 0.2312500000000001 0.396875 0.2406250000000001 0.45 0.2406250000000001
7 0.453125 0.2390625000000001 0.4015625 0.2390625000000001 0.4015625 0.2468750000000001 0.453125 0.2468750000000001
7 0.4703125 0.2484375000000001 0.3953125 0.2484375000000001 0.3953125 0.2578125000000001 0.4703125 0.2578125000000001
9 0.4078125 0.24375000000000008 0.3953125 0.24375000000000008 0.3953125 0.2468750000000001 0.4078125 0.2468750000000001
9 0.38125 0.2609375000000001 0.36875 0.2609375000000001 0.36875 0.2640625000000001 0.38125 0.2640625000000001
9 0.4484375 0.2796875000000001 0.4234375 0.2796875000000001 0.4234375 0.2843750000000001 0.4484375 0.2843750000000001
9 0.49375 0.2843750000000001 0.46875 0.2843750000000001 0.46875 0.29375000000000007 0.49375 0.29375000000000007
7 0.521875 0.2890625000000001 0.4984375 0.2890625000000001 0.4984375 0.2968750000000001 0.521875 0.2968750000000001
9 0.478125 0.3062500000000001 0.46875 0.3062500000000001 0.46875 0.3078125000000001 0.478125 0.3078125000000001
9 0.371875 0.2828125 0.3484375 0.2828125 0.3484375 0.28906250000000006 0.371875 0.2890625000000001
7 0.3890625 0.24531250000000004 0.3390625 0.2453125 0.3390625 0.25625000000000003 0.3890625 0.2562500000000001
9 0.3390625 0.2484375 0.3234375 0.2484375 0.3234375 0.253125 0.3390625 0.253125
9 0.2921875 0.2578125 0.284375 0.2578125 0.284375 0.2609375 0.2921875 0.2609375
9 0.378125 0.21250000000000005 0.35 0.2125 0.35 0.21875000000000006 0.378125 0.21875000000000008
9 0.4203125 0.20312500000000008 0.4046875 0.20312500000000008 0.4046875 0.2078125000000001 0.4203125 0.2078125000000001
7 0.759375 0.23437500000000008 0.6859375 0.23437500000000008 0.6859375 0.2484375000000001 0.759375 0.2484375000000001
7 0.759375 0.1937500000000001 0.7390625 0.1937500000000001 0.7390625 0.2000000000000001 0.759375 0.2000000000000001
7 0.809375 0.1375000000000001 0.7609375 0.1375000000000001 0.7609375 0.1453125000000001 0.809375 0.1453125000000001
7 0.7765625 0.12656250000000008 0.7515625 0.12656250000000008 0.7515625 0.1312500000000001 0.7765625 0.1312500000000001
7 0.765625 0.1140625000000001 0.753125 0.1140625000000001 0.753125 0.12031250000000009 0.765625 0.12031250000000009
7 0.4015625 0.057812500000000044 0.3640625 0.057812500000000044 0.3640625 0.06406250000000005 0.4015625 0.06406250000000005
7 0.20625 0.09843750000000002 0.1578125 0.09843750000000002 0.1578125 0.10468750000000002 0.20625 0.10468750000000004
7 0.03593750000000001 0.084375 1.0332957367805793e-17 0.084375 1.071565949253934e-17 0.090625 0.03593750000000001 0.090625
12 0.05312500000000002 0.1453125 0.04062500000000002 0.1453125 0.04062500000000002 0.1484375 0.05312500000000002 0.1484375
7 0.13750000000000004 0.184375 0.09218750000000002 0.184375 0.09218750000000002 0.190625 0.13750000000000004 0.190625
9 0.17343750000000005 0.1875 0.15625000000000006 0.1875 0.15625000000000006 0.1921875 0.17343750000000005 0.1921875
7 0.2125 0.18593750000000003 0.19375000000000003 0.18593750000000003 0.19375000000000003 0.19218750000000004 0.2125 0.19218750000000004
7 0.2578125000000001 0.4390625 0.2218750000000001 0.4390625 0.2218750000000001 0.45 0.2578125000000001 0.45
8 0.3281250000000001 0.446875 0.2906250000000001 0.446875 0.2906250000000001 0.46875 0.3281250000000001 0.46875
9 0.734375 0.45000000000000007 0.721875 0.45 0.721875 0.4546875000000001 0.734375 0.4546875000000002
7 0.80625 0.4125000000000002 0.7828125 0.4125000000000002 0.7828125 0.41718750000000016 0.80625 0.41718750000000016
7 0.8421875 0.44531250000000017 0.8234375 0.44531250000000017 0.8234375 0.4515625000000002 0.8421875 0.4515625000000002
9 0.453125 0.3296875000000001 0.428125 0.3296875000000001 0.428125 0.3359375000000001 0.453125 0.3359375000000001
7 0.19687500000000005 0.303125 0.16250000000000003 0.303125 0.16250000000000003 0.309375 0.19687500000000005 0.309375
7 0.29687500000000006 0.3453125 0.24375 0.3453125 0.24375000000000005 0.365625 0.2968750000000001 0.365625
7 0.20625000000000004 0.3609375 0.17812500000000003 0.3609375 0.17812500000000003 0.36875 0.2062500000000001 0.36875
7 0.209375 0.3296875 0.18593750000000003 0.3296875 0.18593750000000003 0.334375 0.209375 0.334375
7 0.2671875 0.3078125 0.2515625 0.3078125 0.2515625 0.3140625 0.2671875 0.3140625
7 0.65 0.6328125 0.55625 0.6328125 0.55625 0.6734375 0.65 0.6734375