6 0.490625 0.6 0.459375 0.6 0.459375 0.621875 0.490625 0.621875
10 0.540625 0.640625 0.465625 0.640625 0.465625 0.7109375 0.540625 0.7109375
6 0.6046875 0.6703125 0.578125 0.6703125 0.578125 0.7125 0.6046875 0.7125
12 0.578125 0.571875 0.5640625 0.571875 0.5640625 0.6046875 0.578125 0.6046875
6 0.678125 0.684375 0.6625 0.684375 0.6625 0.6984375 0.678125 0.6984375
6 0.6515625000000002 0.7640625 0.6406250000000002 0.7640625 0.6406250000000002 0.7796875 0.6515625000000002 0.7796875
6 0.628125 0.5140625 0.6078125 0.5140625 0.6078125 0.5265625 0.628125 0.5265625
13 0.6984375 0.3203125000000001 0.6796875 0.3203125000000001 0.6796875 0.3375000000000001 0.6984375 0.3375000000000001
6 0.709375 0.2593750000000001 0.6984375 0.2593750000000001 0.6984375 0.2718750000000001 0.709375 0.2718750000000001
10 0.7421875 0.26250000000000007 0.7046875 0.26250000000000007 0.7046875 0.2890625000000001 0.7421875 0.2890625000000001
6 0.746875 0.29375000000000007 0.7375 0.29375000000000007 0.7375 0.3031250000000001 0.746875 0.3031250000000001
6 0.7515625 0.2765625000000001 0.7453125 0.2765625000000001 0.7453125 0.28593750000000007 0.7515625 0.28593750000000007
6 0.775 0.34843750000000007 0.7625 0.34843750000000007 0.7625 0.3593750000000001 0.775 0.3593750000000001
13 0.784375 0.3781250000000001 0.765625 0.3781250000000001 0.765625 0.3937500000000001 0.784375 0.3937500000000001
10 0.7921875 0.25468750000000007 0.753125 0.25468750000000007 0.753125 0.2796875000000001 0.7921875 0.2796875000000001
10 0.79375 0.2796875000000001 0.753125 0.2796875000000001 0.753125 0.3031250000000001 0.79375 0.3031250000000001
10 0.8265625 0.3000000000000001 0.7640625 0.3000000000000001 0.7640625 0.3375000000000001 0.8265625 0.3375000000000001
6 0.7546875 0.15781250000000008 0.734375 0.15781250000000008 0.734375 0.1750000000000001 0.7546875 0.1750000000000001
6 0.7828125 0.12500000000000008 0.76875 0.12500000000000008 0.76875 0.1359375000000001 0.7828125 0.1359375000000001
6 0.7171875 0.14062500000000008 0.7 0.14062500000000008 0.7 0.16406250000000008 0.7171875 0.16406250000000008
0 0.6515625 0.2515625000000001 0.646875 0.2515625000000001 0.646875 0.2578125000000001 0.6515625 0.2578125000000001
6 0.63125 0.07343750000000007 0.6171875 0.07343750000000007 0.6171875 0.08750000000000006 0.63125 0.08750000000000006
0 0.6796875 0.07656250000000009 0.6734375 0.07656250000000009 0.6734375 0.08125000000000009 0.6796875 0.08125000000000009
10 0.54375 0.06093750000000007 0.515625 0.06093750000000007 0.515625 0.07656250000000006 0.54375 0.07656250000000006
13 0.5875 0.05468750000000007 0.5765625 0.05468750000000007 0.5765625 0.06562500000000007 0.5875 0.06562500000000007
6 0.603125 0.12500000000000008 0.5859375 0.12500000000000008 0.5859375 0.1390625000000001 0.603125 0.1390625000000001
10 0.465625 0.015625000000000052 0.40625 0.01562500000000005 0.40625 0.04218750000000005 0.465625 0.04218750000000006
6 0.503125 0.3140625000000001 0.4875 0.3140625000000001 0.4875 0.3359375000000001 0.503125 0.3359375000000001
6 0.43125 0.15625000000000006 0.415625 0.15625000000000006 0.415625 0.17187500000000006 0.43125 0.17187500000000006
16 0.3265625 0.10937500000000004 0.278125 0.10937500000000004 0.278125 0.12812500000000004 0.3265625 0.12812500000000004
6 0.3203125000000001 0.409375 0.3046875000000001 0.409375 0.3046875000000001 0.4328125 0.3203125000000001 0.4328125
11 0.18593750000000003 0.390625 0.14687500000000003 0.390625 0.14687500000000003 0.4234375 0.18593750000000003 0.4234375
10 0.484375 0.40625 0.40625 0.40625 0.40625 0.4578125 0.484375 0.4578125
13 0.4484375 0.3500000000000001 0.4328125 0.3500000000000001 0.4328125 0.36406250000000007 0.4484375 0.36406250000000007
6 0.4171875 0.36406250000000007 0.3984375000000001 0.36406250000000007 0.3984375000000001 0.3765625000000001 0.4171875 0.3765625000000001
6 0.3046875000000001 0.69375 0.2796875000000001 0.69375 0.2796875000000001 0.725 0.3046875000000001 0.725
6 0.2953125000000001 0.8984375 0.2765625000000001 0.8984375 0.2765625000000001 0.9234375 0.2953125000000001 0.9234375
0 0.9171875 0.4078125000000002 0.909375 0.4078125000000002 0.909375 0.41718750000000016 0.9171875 0.41718750000000016
10 0.9046875 0.4000000000000002 0.8484375 0.4000000000000002 0.8484375 0.44843750000000016 0.9046875 0.44843750000000016
13 0.8609375 0.4359375000000002 0.8328125 0.4359375000000002 0.8328125 0.4656250000000002 0.8609375 0.4656250000000002
10 0.9484375 0.4890625000000002 0.859375 0.4890625000000002 0.859375 0.5562500000000001 0.9484375 0.5562500000000001
11 0.903125 0.5531250000000002 0.853125 0.5531250000000002 0.853125 0.5875000000000001 0.903125 0.5875000000000001
10 1 0.32500000000000007 0.9515625 0.32500000000000007 0.9515625 0.3656250000000001 1 0.3656250000000001
6 0.971875 0.8328125 0.95 0.8328125 0.95 0.8515625 0.971875 0.8515625
6 0.96875 0.6109375000000001 0.959375 0.6109375000000001 0.959375 0.6390625000000002 0.96875 0.6390625000000002
0 0.803125 0.48750000000000016 0.79375 0.48750000000000016 0.79375 0.5000000000000002 0.803125 0.5000000000000002
15 0.5890625 0.3500000000000001 0.565625 0.3500000000000001 0.565625 0.37187500000000007 0.5890625 0.37187500000000007
15 0.5640625 0.28593750000000007 0.546875 0.28593750000000007 0.546875 0.3109375000000001 0.5640625 0.3109375000000001
6 0.5890625 0.1531250000000001 0.5734375 0.1531250000000001 0.5734375 0.17343750000000008 0.5890625 0.17343750000000008