11 0.2484375000000001 0.4859375 0.2015625000000001 0.4859375 0.2015625000000001 0.525 0.2484375000000001 0.525
6 0.403125 0.575 0.3812500000000001 0.575 0.3812500000000001 0.609375 0.403125 0.609375
6 0.4359375 0.3140625000000001 0.415625 0.3140625000000001 0.415625 0.3359375000000001 0.4359375 0.3359375000000001
10 0.6609375 0.5515625 0.584375 0.5515625 0.584375 0.61875 0.6609375 0.61875
12 0.678125 0.4796875 0.6640625 0.4796875 0.6640625 0.5125 0.678125 0.5125
6 0.6234375 0.5078125 0.5921875 0.5078125 0.5921875 0.5265625 0.6234375 0.5265625
6 0.7390625 0.5781250000000001 0.709375 0.578125 0.709375 0.6171875000000001 0.7390625 0.6171875000000002
6 0.7921875 0.5984375000000002 0.775 0.5984375000000002 0.775 0.6171875000000002 0.7921875 0.6171875000000002
6 0.7875 0.6859375000000002 0.7734375 0.6859375000000002 0.7734375 0.7015625000000002 0.7875 0.7015625000000002
6 0.7453125 0.41093750000000007 0.721875 0.4109375 0.721875 0.4234375000000001 0.7453125 0.4234375000000002
0 0.8765625 0.3828125000000001 0.865625 0.3828125000000001 0.865625 0.39531250000000007 0.8765625 0.39531250000000007
13 0.93125 0.33281250000000007 0.9015625 0.33281250000000007 0.9015625 0.3656250000000001 0.93125 0.3656250000000001
10 0.9734375 0.3781250000000001 0.95 0.3781250000000001 0.95 0.3937500000000001 0.9734375 0.3937500000000001
10 1 0.38750000000000007 0.925 0.38750000000000007 0.925 0.45312500000000017 1 0.45312500000000017
11 0.9703125 0.45312500000000017 0.9203125 0.45312500000000017 0.9203125 0.4781250000000002 0.9703125 0.4781250000000002
10 0.9890625 0.3000000000000001 0.9296875 0.3000000000000001 0.9296875 0.3500000000000001 0.9890625 0.3500000000000001
10 0.90625 0.19687500000000008 0.840625 0.19687500000000008 0.840625 0.2375000000000001 0.90625 0.2375000000000001
10 0.8859375 0.1765625000000001 0.8421875 0.1765625000000001 0.8421875 0.2000000000000001 0.8859375 0.2000000000000001
10 0.8859375 0.14843750000000008 0.840625 0.14843750000000008 0.840625 0.1765625000000001 0.8859375 0.1765625000000001
13 0.8703125 0.2750000000000001 0.8484375 0.2750000000000001 0.8484375 0.2953125000000001 0.8703125 0.2953125000000001
10 0.828125 0.1609375000000001 0.7859375 0.1609375000000001 0.7859375 0.1906250000000001 0.828125 0.1906250000000001
13 0.784375 0.2234375000000001 0.7640625 0.2234375000000001 0.7640625 0.23593750000000008 0.784375 0.23593750000000008
6 0.8359375 0.1765625000000001 0.8296875 0.1765625000000001 0.8296875 0.1843750000000001 0.8359375 0.1843750000000001
6 0.8296875 0.1921875000000001 0.8203125 0.1921875000000001 0.8203125 0.20312500000000008 0.8296875 0.20312500000000008
6 0.7828125 0.15781250000000008 0.7734375 0.15781250000000008 0.7734375 0.1703125000000001 0.7828125 0.1703125000000001
0 0.73125 0.1468750000000001 0.7234375 0.1468750000000001 0.7234375 0.1546875000000001 0.73125 0.1546875000000001
6 0.8765625 0.021875000000000106 0.8640625 0.021875000000000106 0.8640625 0.03281250000000011 0.8765625 0.03281250000000011
6 0.8421875 0.05312500000000011 0.8203125 0.05312500000000011 0.8203125 0.06562500000000011 0.8421875 0.06562500000000011
6 0.3734375000000001 0.7859375 0.3515625000000001 0.7859375 0.3515625000000001 0.8046875 0.3734375000000001 0.8046875
15 0.66875 0.24375000000000008 0.6453125 0.24375000000000008 0.6453125 0.2640625000000001 0.66875 0.2640625000000001
15 0.6484375 0.17343750000000008 0.63125 0.17343750000000008 0.63125 0.20312500000000008 0.6484375 0.20312500000000008
6 0.615625 0.20468750000000008 0.5953125 0.20468750000000008 0.5953125 0.2218750000000001 0.615625 0.2218750000000001
6 0.8625 0.2468750000000001 0.8484375 0.2468750000000001 0.8484375 0.2609375000000001 0.8625 0.2609375000000001
16 0.4171875 4.8124792185243636e-17 0.36875 4.5158850718558645e-17 0.36875 0.012500000000000048 0.4171875 0.01250000000000005
6 0.5125 0.03906250000000006 0.4984375 0.039062500000000056 0.4984375 0.05156250000000007 0.5125 0.05156250000000007
6 0.803125 0.0250000000000001 0.7734375 0.0250000000000001 0.7734375 0.05156250000000009 0.803125 0.05156250000000009
13 0.5796875 0.2515625000000001 0.5625 0.2515625000000001 0.5625 0.2609375000000001 0.5796875 0.2609375000000001
6 0.5453125 0.26250000000000007 0.528125 0.26250000000000007 0.528125 0.2734375000000001 0.5453125 0.2734375000000001
10 0.6671875 0.03437500000000008 0.6515625 0.03437500000000008 0.6515625 0.05468750000000009 0.6671875 0.05468750000000009
6 0.3640625 0.15000000000000005 0.34375 0.15000000000000005 0.34375 0.16718750000000004 0.3640625 0.16718750000000004