12 0.6328125 0.5234375 0.5875 0.5234375 0.5875 0.54375 0.6328125 0.54375
10 0.6546875 0.5625 0.4890625 0.5625 0.4890625 0.6078125 0.6546875 0.6078125
11 0.4015625 0.56875 0.3343750000000001 0.56875 0.3343750000000001 0.6078125 0.4015625 0.6078125
10 0.18750000000000008 0.5453125 0.1296875000000001 0.5453125 0.1296875000000001 0.5640625 0.18750000000000008 0.5640625
10 0.28593750000000007 0.390625 0.2015625000000001 0.390625 0.2015625000000001 0.425 0.28593750000000007 0.425
13 0.4609375 0.2984375000000001 0.4265625 0.2984375000000001 0.4265625 0.30937500000000007 0.4609375 0.30937500000000007
10 0.4515625 0.2468750000000001 0.415625 0.2468750000000001 0.415625 0.2593750000000001 0.4515625 0.2593750000000001
10 0.603125 0.2218750000000001 0.515625 0.2218750000000001 0.515625 0.2375000000000001 0.603125 0.2375000000000001
10 0.634375 0.2453125000000001 0.509375 0.2453125000000001 0.509375 0.2656250000000001 0.634375 0.2656250000000001
13 0.5921875 0.2984375000000001 0.5546875 0.2984375000000001 0.5546875 0.3062500000000001 0.5921875 0.3062500000000001
13 0.6625 0.3078125000000001 0.6234375 0.3078125000000001 0.6234375 0.3218750000000001 0.6625 0.3218750000000001
10 0.7078125 0.3187500000000001 0.66875 0.3187500000000001 0.66875 0.3265625000000001 0.7078125 0.3265625000000001
10 0.76875 0.27031250000000007 0.678125 0.27031250000000007 0.678125 0.2953125000000001 0.76875 0.2953125000000001
11 0.7578125 0.3500000000000001 0.68125 0.3500000000000001 0.68125 0.3671875000000001 0.7578125 0.3671875000000001
10 0.790625 0.3109375000000001 0.7046875 0.3109375000000001 0.7046875 0.3500000000000001 0.790625 0.3500000000000001
10 1 0.2390625000000001 0.9640625 0.2390625000000001 0.9640625 0.25468750000000007 1 0.25468750000000007
10 0.7781250000000002 0.875 0.6203125000000002 0.875 0.6203125000000002 0.9453125 0.7781250000000002 0.9453125
10 0.603125 0.23437500000000008 0.5359375 0.23437500000000008 0.5359375 0.2468750000000001 0.603125 0.2468750000000001
6 0.58125 0.37968750000000007 0.5390625 0.37968750000000007 0.5390625 0.3906250000000001 0.58125 0.3906250000000001
6 0.784375 0.4937500000000002 0.728125 0.4937500000000002 0.728125 0.5156250000000002 0.784375 0.5156250000000002
6 0.8375 0.5046875000000002 0.8109375 0.5046875000000002 0.8109375 0.5171875000000001 0.8375 0.5171875000000001
0 0.4828125 0.2656250000000001 0.459375 0.2656250000000001 0.459375 0.2750000000000001 0.4828125 0.2750000000000001
0 0.8703125 0.2656250000000001 0.853125 0.2656250000000001 0.853125 0.2718750000000001 0.8703125 0.2718750000000001
0 0.63125 0.34062500000000007 0.6171875 0.34062500000000007 0.6171875 0.3468750000000001 0.63125 0.3468750000000001
6 0.4875 0.18750000000000006 0.4421875 0.18750000000000006 0.4421875 0.2000000000000001 0.4875 0.2000000000000001
6 0.13437500000000005 0.31875 0.08281250000000004 0.31875 0.08281250000000004 0.3296875 0.13437500000000005 0.3296875
6 0.553125 0.17500000000000007 0.5265625 0.17500000000000004 0.5265625 0.18281250000000007 0.553125 0.1828125000000001