6 0.190625 0.09218750000000002 0.1671875 0.09218750000000002 0.1671875 0.11562500000000002 0.190625 0.11562500000000005
10 0.2640625 0.184375 0.17812500000000003 0.184375 0.17812500000000003 0.2515625 0.2640625 0.2515625
10 0.259375 0.2875 0.15312500000000004 0.2875 0.15312500000000004 0.4078125 0.2593750000000001 0.4078125
10 0.27812500000000007 0.4109375 0.15156250000000004 0.4109375 0.15156250000000004 0.50625 0.27812500000000007 0.50625
6 0.19375000000000003 0.49375 0.12812500000000004 0.49375 0.12812500000000004 0.540625 0.19375000000000003 0.540625
10 0.2296875000000001 0.496875 0.14062500000000006 0.496875 0.14062500000000006 0.5875 0.2296875000000001 0.5875
10 0.3765625000000001 0.484375 0.3468750000000001 0.484375 0.3468750000000001 0.553125 0.3765625000000001 0.553125
6 0.4421875 0.5109375 0.409375 0.5109375 0.409375 0.5578125 0.4421875 0.5578125
10 0.36406250000000007 0.5359375 0.19375000000000003 0.5359375 0.19375000000000006 0.625 0.36406250000000007 0.625
10 0.2890625000000001 0.68125 0.2078125000000001 0.68125 0.2078125000000001 0.7734375 0.2890625000000001 0.7734375
11 0.2484375000000001 0.628125 0.1703125000000001 0.628125 0.1703125000000001 0.6828125 0.2484375000000001 0.6828125
10 0.3500000000000001 0.61875 0.2593750000000001 0.61875 0.2593750000000001 0.7109375 0.3500000000000001 0.7109375
16 0.3859375000000001 0.4796875 0.2453125000000001 0.4796875 0.2453125000000001 0.5484375 0.3859375000000001 0.5484375
13 0.584375 0.509375 0.565625 0.509375 0.565625 0.55625 0.584375 0.55625
0 0.621875 0.5859375 0.60625 0.5859375 0.60625 0.6046875 0.621875 0.6046875
12 0.7171875 0.503125 0.68125 0.503125 0.68125 0.5515625 0.7171875 0.5515625
10 0.7921875 0.5000000000000001 0.7 0.5 0.7 0.5953125000000001 0.7921875 0.5953125000000001
12 0.803125 0.6281250000000002 0.771875 0.6281250000000002 0.771875 0.6609375000000002 0.803125 0.6609375000000002
0 0.7921875 0.4281250000000002 0.7765625 0.4281250000000002 0.7765625 0.4515625000000002 0.7921875 0.4515625000000002
10 0.875 0.5781250000000002 0.7828125 0.5781250000000002 0.7828125 0.6859375000000002 0.875 0.6859375000000002
6 0.890625 0.8234375 0.8546875 0.8234375 0.8546875 0.865625 0.890625 0.865625
6 0.546875 0.478125 0.5203125 0.478125 0.5203125 0.5125 0.546875 0.5125
6 0.3218750000000001 0.925 0.2875000000000001 0.925 0.2875000000000001 0.9671875 0.3218750000000001 0.9671875
0 0.11718750000000008 0.5484375 0.10156250000000008 0.5484375 0.10156250000000008 0.5734375 0.11718750000000008 0.5734375
6 0.14062500000000008 0.5953125 0.08750000000000006 0.5953125 0.08750000000000008 0.6453125 0.14062500000000008 0.6453125
10 0.3296875 0.13437500000000005 0.2578125 0.13437500000000005 0.2578125 0.2296875 0.3296875 0.2296875