10 0.534375 0.621875 0.4484375 0.621875 0.4484375 0.7109375 0.534375 0.7109375
10 0.4718750000000001 0.6734375 0.3984375000000001 0.6734375 0.3984375000000001 0.7609375 0.47187500000000016 0.7609375
11 0.4359375 0.6265625 0.3578125000000001 0.6265625 0.3578125000000001 0.66875 0.4359375 0.66875
13 0.3687500000000001 0.4890625 0.3125000000000001 0.4890625 0.3125000000000001 0.53125 0.3687500000000001 0.53125
10 0.4125 0.5 0.3265625000000001 0.5 0.3265625000000001 0.5796875 0.4125 0.5796875
10 0.54375 0.5390625 0.3843750000000001 0.5390625 0.3843750000000001 0.6265625 0.54375 0.6265625
10 0.553125 0.5015625 0.528125 0.5015625 0.528125 0.571875 0.553125 0.571875
16 0.565625 0.5 0.4296875 0.5 0.4296875 0.55 0.565625 0.55
13 0.7703125 0.5500000000000002 0.7515625 0.5500000000000002 0.7515625 0.6015625000000002 0.7703125 0.6015625000000002
12 0.903125 0.5562500000000001 0.86875 0.5562500000000001 0.86875 0.6062500000000002 0.903125 0.6062500000000002
10 0.9828125 0.5531250000000002 0.8890625 0.5531250000000002 0.8890625 0.6484375000000002 0.9828125 0.6484375000000002
12 0.996875 0.6828125000000002 0.9625 0.6828125000000002 0.9625 0.7187500000000002 0.996875 0.7187500000000002
10 0.440625 0.20000000000000004 0.3625 0.2 0.3625 0.26406250000000003 0.440625 0.2640625000000001
10 0.434375 0.30156250000000007 0.3328125 0.3015625 0.33281250000000007 0.4140625 0.434375 0.4140625
10 0.453125 0.4109375 0.3265625000000001 0.4109375 0.3265625000000001 0.503125 0.453125 0.503125
10 0.15000000000000008 0.4515625 0.039062500000000056 0.4515625 0.03906250000000006 0.546875 0.15000000000000008 0.546875
10 0.2015625 0.15156250000000002 0.1171875 0.1515625 0.11718750000000003 0.2484375 0.2015625 0.2484375
10 0.12656250000000002 0.16875 0.05468750000000002 0.16875 0.05468750000000002 0.221875 0.12656250000000005 0.221875
13 0.084375 0.01875000000000001 0.0578125 0.018750000000000006 0.0578125 0.039062500000000014 0.084375 0.039062500000000014
10 0.1984375 0.05312500000000002 0.15 0.05312500000000002 0.15 0.09687500000000002 0.1984375 0.09687500000000002
10 0.25 0.014062500000000028 0.2 0.014062500000000023 0.2 0.06250000000000003 0.25 0.06250000000000003
6 0.3671875 0.10937500000000004 0.3453125 0.10937500000000004 0.3453125 0.12656250000000005 0.3671875 0.12656250000000005
0 0.30156250000000007 0.540625 0.2875000000000001 0.540625 0.2875000000000001 0.5609375 0.30156250000000007 0.5609375
6 0.5187500000000002 0.9109375 0.4906250000000002 0.9109375 0.4906250000000002 0.9609375 0.5187500000000002 0.9609375
6 0.3218750000000001 0.5765625 0.2796875000000001 0.5765625 0.2796875000000001 0.6203125 0.3218750000000001 0.6203125
13 0.03437500000000003 0.25625 0.0015625000000000313 0.25625 0.0015625000000000337 0.2921875 0.03437500000000003 0.2921875
0 0.13750000000000004 0.396875 0.12187500000000004 0.396875 0.12187500000000004 0.415625 0.13750000000000004 0.415625
12 0.328125 0.00468750000000004 0.3125 0.004687500000000039 0.3125 0.032812500000000036 0.328125 0.03281250000000004