13 0.12187500000000011 0.871875 0.05625000000000011 0.871875 0.05625000000000011 0.9109375 0.12187500000000014 0.9109375
13 0.3109375000000001 0.690625 0.27031250000000007 0.690625 0.27031250000000007 0.728125 0.3109375000000001 0.728125
10 0.4828125 0.4671875 0.3578125000000001 0.4671875 0.3578125000000001 0.559375 0.4828125 0.559375
0 0.6015625 0.575 0.5859375 0.575 0.5859375 0.596875 0.6015625 0.596875
13 0.6703125 0.5375 0.6140625 0.5375 0.6140625 0.5734375 0.6703125 0.5734375
10 0.7109375 0.5546875 0.621875 0.5546875 0.621875 0.6296875 0.7109375 0.6296875
10 0.7546875 0.4671875000000001 0.6359375 0.4671875 0.6359375 0.5531250000000001 0.7546875 0.5531250000000002
10 0.75 0.3468750000000001 0.6453125 0.3468750000000001 0.6453125 0.4640625000000001 0.75 0.46406250000000016
16 0.871875 0.5625000000000002 0.7296875 0.5625000000000002 0.7296875 0.6406250000000002 0.871875 0.6406250000000002
10 0.859375 0.5921875000000002 0.8265625 0.5921875000000002 0.8265625 0.6625000000000002 0.859375 0.6625000000000002
10 0.8390625 0.6031250000000001 0.68125 0.603125 0.68125 0.7125000000000001 0.8390625 0.7125000000000001
11 0.7093750000000001 0.6875 0.646875 0.6875 0.6468750000000001 0.7265625 0.7093750000000002 0.7265625
10 0.8296875 0.7000000000000002 0.7421875 0.7000000000000002 0.7421875000000001 0.7984375000000001 0.8296875 0.7984375000000001
10 0.7625000000000002 0.7421875000000001 0.6859375000000002 0.7421875 0.6859375000000002 0.83125 0.7625000000000002 0.83125
10 0.7671875 0.2562500000000001 0.6859375 0.2562500000000001 0.6859375 0.3187500000000001 0.7671875 0.3187500000000001
6 0.9125 0.07500000000000011 0.8765625 0.07500000000000011 0.8765625 0.11406250000000011 0.9125 0.11406250000000014
6 0.7 0.1515625000000001 0.675 0.1515625000000001 0.675 0.17343750000000008 0.7 0.17343750000000008
12 0.653125 0.046875000000000076 0.634375 0.046875000000000076 0.634375 0.07187500000000008 0.653125 0.07187500000000009
10 0.5828125 0.03593750000000007 0.5375 0.03593750000000007 0.5375 0.08906250000000007 0.5828125 0.08906250000000007
10 0.5375 0.07500000000000007 0.4875 0.07500000000000007 0.4875 0.12968750000000004 0.5375 0.12968750000000004
0 0.2843750000000001 0.490625 0.27031250000000007 0.490625 0.27031250000000007 0.50625 0.2843750000000001 0.50625
13 0.3765625 0.2515625 0.3453125 0.2515625 0.3453125 0.2828125 0.3765625 0.2828125000000001
0 0.4609375 0.409375 0.4453125 0.409375 0.4453125 0.4328125 0.4609375 0.4328125
10 0.528125 0.17500000000000004 0.45625 0.17500000000000004 0.45625 0.2593750000000001 0.528125 0.2593750000000001
10 0.465625 0.16718750000000004 0.3875 0.16718750000000004 0.3875 0.2250000000000001 0.465625 0.2250000000000001
6 0.4328125 0.031250000000000056 0.409375 0.031250000000000056 0.409375 0.051562500000000046 0.4328125 0.051562500000000046
0 0.5453125 0.4140625 0.53125 0.4140625 0.53125 0.4328125 0.5453125 0.4328125
6 0.6234375 0.6140625 0.575 0.6140625 0.575 0.65625 0.6234375 0.65625