13 0.2531250000000001 0.7578125 0.21250000000000008 0.7578125 0.21250000000000008 0.80625 0.2531250000000001 0.80625
11 0.2953125000000001 0.6609375 0.2484375000000001 0.6609375 0.2484375000000001 0.7109375 0.2953125000000001 0.7109375
13 0.3671875000000001 0.64375 0.3421875000000001 0.64375 0.3421875000000001 0.671875 0.3671875000000001 0.671875
10 0.4625 0.4359375 0.40625 0.4359375 0.40625 0.4921875 0.4625 0.4921875
6 0.4796875 0.55 0.4640625 0.55 0.4640625 0.5640625 0.4796875 0.5640625
6 0.471875 0.5421875 0.4609375 0.5421875 0.4609375 0.5546875 0.471875 0.5546875
0 0.525 0.43125 0.51875 0.43125 0.51875 0.440625 0.525 0.440625
13 0.5453125 0.409375 0.525 0.409375 0.525 0.4375 0.5453125 0.4375
6 0.559375 0.440625 0.546875 0.440625 0.546875 0.4640625 0.559375 0.4640625
10 0.5921875 0.39531250000000007 0.5578125 0.39531250000000007 0.5578125 0.4390625 0.5921875 0.4390625
11 0.58125 0.4375 0.5671875 0.4375 0.5671875 0.4734375 0.58125 0.4734375
10 0.6453125 0.4171875 0.571875 0.4171875 0.571875 0.4765625 0.6453125 0.4765625
10 0.66875 0.41875 0.640625 0.41875 0.640625 0.459375 0.66875 0.459375
10 0.6640625 0.4875 0.628125 0.4875 0.628125 0.53125 0.6640625 0.53125
10 0.690625 0.459375 0.65 0.459375 0.65 0.5 0.690625 0.5
6 0.7234375 0.4109375 0.7078125 0.4109375 0.7078125 0.4296875 0.7234375 0.4296875
13 0.7453125 0.43750000000000017 0.7328125 0.43750000000000017 0.7328125 0.4578125000000002 0.7453125 0.4578125000000002
12 0.7640625 0.42500000000000016 0.7421875 0.42500000000000016 0.7421875 0.4468750000000002 0.7640625 0.4468750000000002
12 0.8 0.4828125000000002 0.7828125 0.4828125000000002 0.7828125 0.5031250000000002 0.8 0.5031250000000002
10 0.840625 0.43281250000000016 0.7796875 0.43281250000000016 0.7796875 0.48437500000000017 0.840625 0.48437500000000017
6 0.7875 0.5328125000000001 0.775 0.5328125000000001 0.775 0.5468750000000002 0.7875 0.5468750000000002
10 0.8828125 0.46093750000000017 0.84375 0.46093750000000017 0.84375 0.5109375000000002 0.8828125 0.5109375000000002
6 0.871875 0.5203125000000002 0.853125 0.5203125000000002 0.853125 0.5390625000000002 0.871875 0.5390625000000002
6 0.7109375 0.5953125 0.6984375 0.5953125 0.6984375 0.615625 0.7109375 0.615625
0 0.7625 0.4671875000000002 0.7546875 0.4671875000000002 0.7546875 0.47968750000000016 0.7625 0.47968750000000016
16 0.6515625 0.39531250000000007 0.596875 0.39531250000000007 0.596875 0.43125 0.6515625 0.43125
10 0.58125 0.3500000000000001 0.5171875 0.3500000000000001 0.5171875 0.3937500000000001 0.58125 0.3937500000000001
10 0.5703125 0.2968750000000001 0.515625 0.2968750000000001 0.515625 0.34843750000000007 0.5703125 0.34843750000000007
10 0.5671875 0.23437500000000008 0.5203125 0.23437500000000008 0.5203125 0.2656250000000001 0.5671875 0.2656250000000001
6 0.5890625 0.12656250000000008 0.575 0.12656250000000008 0.575 0.14062500000000008 0.5890625 0.14062500000000008
10 0.403125 0.17812500000000003 0.36875 0.17812500000000003 0.36875 0.2015625000000001 0.403125 0.2015625000000001
10 0.378125 0.23437500000000006 0.346875 0.234375 0.346875 0.27187500000000003 0.378125 0.2718750000000001
10 0.353125 0.2359375 0.315625 0.2359375 0.315625 0.2609375 0.353125 0.2609375
13 0.3140625 0.2859375 0.296875 0.2859375 0.296875 0.3015625 0.3140625 0.3015625
6 0.321875 0.19218750000000004 0.3125 0.19218750000000004 0.3125 0.203125 0.321875 0.203125
12 0.38125 0.2062500000000001 0.371875 0.2062500000000001 0.371875 0.21875000000000008 0.38125 0.21875000000000008
10 0.371875 0.20000000000000004 0.340625 0.2 0.340625 0.22187500000000004 0.371875 0.2218750000000001
6 0.34375 0.19062500000000004 0.3359375 0.19062500000000004 0.3359375 0.19687500000000005 0.34375 0.19687500000000005
6 0.3421875 0.2015625 0.3359375 0.2015625 0.3359375 0.209375 0.3421875 0.209375
10 0.4796875 0.029687500000000054 0.4296875 0.029687500000000054 0.4296875 0.05156250000000005 0.4796875 0.05156250000000007
6 0.6703125000000001 0.7234375 0.6546875 0.7234375 0.6546875000000001 0.7546875 0.6703125000000002 0.7546875
16 0.17500000000000004 0.190625 0.12187500000000004 0.190625 0.12187500000000004 0.203125 0.17500000000000004 0.203125
6 0.04218750000000003 0.2203125 0.02812500000000002 0.2203125 0.02812500000000003 0.23125 0.04218750000000003 0.23125
6 0.08281250000000002 0.2140625 0.07031250000000003 0.2140625 0.07031250000000003 0.2265625 0.08281250000000002 0.2265625
6 0.07343750000000002 0.2078125 0.06250000000000003 0.2078125 0.06250000000000003 0.2171875 0.07343750000000002 0.2171875
0 0.2875000000000001 0.534375 0.27812500000000007 0.534375 0.27812500000000007 0.5453125 0.2875000000000001 0.5453125