10 0.17500000000000004 0.21875 0.08750000000000002 0.21875 0.08750000000000004 0.2890625 0.17500000000000004 0.2890625
10 0.17343750000000005 0.3296875 0.06093750000000005 0.3296875 0.06093750000000005 0.45 0.17343750000000005 0.45
10 0.18906250000000008 0.446875 0.06562500000000004 0.446875 0.06562500000000006 0.546875 0.18906250000000008 0.546875
13 0.09531250000000006 0.5328125 0.03125000000000007 0.5328125 0.03125000000000007 0.590625 0.09531250000000006 0.590625
10 0.14218750000000008 0.54375 0.04375000000000007 0.54375 0.043750000000000074 0.634375 0.14218750000000008 0.634375
0 0.014062500000000075 0.6046875 7.405286113594152e-17 0.6046875 7.587069622842587e-17 0.634375 0.014062500000000078 0.634375
6 0.03593750000000008 0.640625 7.845393557037732e-17 0.640625 8.199393022416264e-17 0.6984375 0.03593750000000009 0.6984375
11 0.16562500000000008 0.6640625 0.07656250000000009 0.6640625 0.07656250000000009 0.73125 0.16562500000000008 0.73125
10 0.20468750000000008 0.73125 0.12031250000000009 0.73125 0.12031250000000009 0.8296875 0.20468750000000008 0.8296875
10 0.2656250000000001 0.64375 0.1765625000000001 0.64375 0.1765625000000001 0.753125 0.2656250000000001 0.753125
10 0.28593750000000007 0.55625 0.13281250000000008 0.55625 0.13281250000000008 0.6671875 0.28593750000000007 0.6671875
10 0.3046875000000001 0.503125 0.2750000000000001 0.503125 0.2750000000000001 0.58125 0.3046875000000001 0.58125
16 0.3187500000000001 0.503125 0.17187500000000006 0.503125 0.17187500000000006 0.58125 0.3187500000000001 0.58125
6 0.3812500000000001 0.5265625 0.3453125000000001 0.5265625 0.3453125000000001 0.575 0.3812500000000001 0.575
6 0.103125 0.1296875 0.07343750000000002 0.1296875 0.07343750000000002 0.1515625 0.103125 0.1515625
12 0.08125 0.01093750000000001 0.0609375 0.010937500000000008 0.0609375 0.04062500000000001 0.08125 0.04062500000000001
6 0.3109375 0.0031250000000000353 0.2734375 0.003125000000000033 0.2734375 0.04218750000000003 0.3109375 0.04218750000000003
10 0.24375 0.15937500000000002 0.1734375 0.159375 0.17343750000000002 0.25625 0.24375 0.25625
13 0.525 0.50625 0.50625 0.50625 0.50625 0.5546875 0.525 0.5546875
0 0.7265625 0.4078125000000001 0.7125 0.4078125 0.7125 0.42656250000000007 0.7265625 0.4265625000000002
12 0.65625 0.4890625 0.625 0.4890625 0.625 0.534375 0.65625 0.534375
10 0.73125 0.48125000000000007 0.640625 0.48125 0.640625 0.5796875000000001 0.73125 0.5796875000000001
12 0.7453125 0.6046875 0.7140625 0.6046875 0.7140625 0.6375000000000001 0.7453125 0.6375000000000002
10 0.8125 0.5578125 0.721875 0.5578125 0.721875 0.6656250000000001 0.8125 0.6656250000000001
6 0.8359375 0.7984375000000001 0.8015625 0.7984375000000001 0.8015625 0.8421875 0.8359375 0.8421875
0 0.5609375 0.58125 0.5453125 0.58125 0.5453125 0.59375 0.5609375 0.59375
6 0.4859375 0.48125 0.4609375 0.48125 0.4609375 0.51875 0.4859375 0.51875