10 0.659375 0.5515625 0.571875 0.5515625 0.571875 0.6578125 0.659375 0.6578125
10 0.5765625 0.475 0.490625 0.475 0.490625 0.575 0.5765625 0.575
12 0.50625 0.478125 0.4734375 0.478125 0.4734375 0.5234375 0.50625 0.5234375
12 0.5890625 0.6 0.5609375 0.6 0.5609375 0.63125 0.5890625 0.63125
10 0.12656250000000008 0.5609375 6.869503138967185e-17 0.5609375 7.453123879185844e-17 0.65625 0.12656250000000008 0.65625
10 0.10312500000000009 0.6609375 0.00625000000000008 0.6609375 0.006250000000000086 0.75 0.10312500000000009 0.75
10 0.045312500000000096 0.7359375 9.012635037475052e-17 0.7359375 9.424039821563617e-17 0.803125 0.0453125000000001 0.803125
10 0.14062500000000006 0.5078125 0.11406250000000004 0.5078125 0.11406250000000007 0.575 0.14062500000000008 0.575
16 0.15312500000000007 0.50625 0.004687500000000062 0.50625 0.0046875000000000675 0.5921875 0.1531250000000001 0.5921875
10 0.04531250000000006 0.4359375 5.338694640032993e-17 0.4359375 5.922315380251653e-17 0.53125 0.04531250000000007 0.53125
13 0.3671875000000001 0.5078125 0.3500000000000001 0.5078125 0.3500000000000001 0.55625 0.3671875000000001 0.55625
15 0.2218750000000001 0.521875 0.18906250000000005 0.521875 0.18906250000000008 0.571875 0.2218750000000001 0.571875
15 0.3234375000000001 0.48125 0.3000000000000001 0.48125 0.3000000000000001 0.5234375 0.3234375000000001 0.5234375
0 0.3984375000000001 0.5765625 0.3843750000000001 0.5765625 0.3843750000000001 0.5984375 0.3984375000000001 0.5984375
0 0.5765625 0.39531250000000007 0.5625 0.39531250000000007 0.5625 0.4203125 0.5765625 0.4203125
6 0.6765625000000002 0.8 0.6484375000000002 0.8 0.6484375000000002 0.846875 0.6765625000000002 0.846875