11 0.1515625000000001 0.58125 0.09218750000000006 0.58125 0.09218750000000006 0.6234375 0.1515625000000001 0.6234375
13 0.58125 0.5421875 0.55 0.5421875 0.55 0.565625 0.58125 0.565625
10 0.6953125000000002 0.803125 0.5812500000000002 0.803125 0.5812500000000002 0.8921875 0.6953125000000002 0.8921875
0 0.6703125000000002 0.74375 0.6593750000000002 0.74375 0.6593750000000002 0.7609375 0.6703125000000002 0.7609375
10 0.6734375 0.475 0.6078125 0.475 0.6078125 0.5203125 0.6734375 0.5203125
10 0.73125 0.4828125000000001 0.6671875 0.4828125 0.6671875 0.5562500000000001 0.73125 0.5562500000000001
10 0.7421875 0.38750000000000007 0.6921875 0.38750000000000007 0.6921875 0.4312500000000001 0.7421875 0.4312500000000002
10 0.7890625 0.3593750000000001 0.740625 0.3593750000000001 0.740625 0.4046875000000002 0.7890625 0.4046875000000002
12 0.84375 0.3781250000000001 0.8234375 0.3781250000000001 0.8234375 0.4031250000000002 0.84375 0.4031250000000002
6 0.9296875 0.4828125000000002 0.909375 0.4828125000000002 0.909375 0.5000000000000002 0.9296875 0.5000000000000002
10 1 0.5921875000000002 0.9203125 0.5921875000000002 0.9203125 0.6671875000000002 1 0.6671875000000002
10 0.9859375 0.6875000000000002 0.871875 0.6875000000000002 0.871875 0.815625 0.9859375 0.815625
10 0.9921875 0.815625 0.8609375 0.815625 0.8609375 0.90625 0.9921875 0.90625
13 0.903125 0.884375 0.84375 0.884375 0.84375 0.934375 0.903125 0.934375
10 0.9578125 0.9078125 0.859375 0.9078125 0.859375 0.990625 0.9578125 0.990625
0 0.834375 0.9265625 0.8203125 0.9265625 0.8203125 0.9453125 0.834375 0.9453125
6 0.8640625 0.971875 0.8171875 0.971875 0.8171875 1 0.8640625 1
13 0.7671875000000001 0.7453125000000002 0.7546875000000002 0.7453125000000002 0.7546875000000002 0.7671875000000001 0.7671875000000001 0.7671875000000001
6 0.7828125000000001 0.8828125 0.7625000000000002 0.8828125 0.7625000000000002 0.9046875 0.7828125000000001 0.9046875
0 0.46093750000000017 0.7984375 0.4468750000000002 0.7984375 0.4468750000000002 0.815625 0.46093750000000017 0.815625
6 0.496875 0.5046875 0.475 0.5046875 0.475 0.525 0.496875 0.525
6 0.4796875 0.5234375 0.4625 0.5234375 0.4625 0.546875 0.4796875 0.546875
13 0.6453125 0.3390625000000001 0.6203125 0.3390625000000001 0.6203125 0.3593750000000001 0.6453125 0.3593750000000001
16 0.84375 0.0484375000000001 0.80625 0.0484375000000001 0.80625 0.0875000000000001 0.84375 0.0875000000000001
10 0.65 0.2484375000000001 0.590625 0.2484375000000001 0.590625 0.3046875000000001 0.65 0.3046875000000001
16 0.478125 0.21093750000000008 0.4015625 0.21093750000000008 0.4015625 0.2453125000000001 0.478125 0.2453125000000001
10 0.5140625 0.06250000000000007 0.4703125 0.06250000000000007 0.4703125 0.09218750000000006 0.5140625 0.09218750000000006
6 0.3968750000000001 0.6609375 0.3781250000000001 0.6609375 0.3781250000000001 0.68125 0.3968750000000001 0.68125
6 0.37968750000000007 0.78125 0.36406250000000007 0.78125 0.36406250000000007 0.7984375 0.37968750000000007 0.7984375
6 0.590625 0.2515625000000001 0.5671875 0.2515625000000001 0.5671875 0.2765625000000001 0.590625 0.2765625000000001