0 0.44375 0.5484375 0.428125 0.5484375 0.428125 0.5671875 0.44375 0.5671875
10 0.5625 0.515625 0.4734375 0.515625 0.4734375 0.590625 0.5625 0.590625
10 0.6046875 0.41875 0.4859375 0.41875 0.4859375 0.5203125 0.6046875 0.5203125
10 0.5953125 0.30156250000000007 0.4875 0.30156250000000007 0.4875 0.4296875 0.5953125 0.4296875
10 0.7078125 0.5265625 0.6796875 0.5265625 0.6796875 0.5984375 0.7078125 0.5984375
16 0.7203125 0.5171875 0.58125 0.5171875 0.58125 0.56875 0.7203125 0.56875
10 0.6140625000000001 0.696875 0.5390625 0.696875 0.5390625000000001 0.778125 0.6140625000000002 0.778125
10 0.6796875000000001 0.6484375 0.596875 0.6484375 0.596875 0.740625 0.6796875000000002 0.740625
10 0.69375 0.54375 0.528125 0.54375 0.528125 0.6515625 0.69375 0.6515625
11 0.5640625 0.646875 0.496875 0.646875 0.496875 0.684375 0.5640625 0.684375
6 0.6609375000000002 0.9484375 0.6296875000000002 0.9484375 0.6296875000000002 0.9859375 0.6609375000000002 0.9859375
13 0.928125 0.5906250000000002 0.9109375 0.5906250000000002 0.9109375 0.6390625000000002 0.928125 0.6390625000000002
0 0.9734375 0.6718750000000002 0.9578125 0.6718750000000002 0.9578125 0.7000000000000002 0.9734375 0.7000000000000002
10 0.6125 0.2093750000000001 0.525 0.2093750000000001 0.525 0.2671875000000001 0.6125 0.2671875000000001
6 0.7359375 0.01250000000000009 0.703125 0.01250000000000009 0.703125 0.04687500000000009 0.7359375 0.04687500000000009
10 0.3578125 0.14687500000000003 0.275 0.14687500000000003 0.275 0.2375 0.3578125 0.2375
10 0.278125 0.15000000000000005 0.2046875 0.15000000000000005 0.2046875 0.2109375 0.278125 0.2109375
10 0.2921875000000001 0.45625 0.16562500000000005 0.45625 0.16562500000000008 0.5484375 0.2921875000000001 0.5484375
10 0.365625 0.040625000000000036 0.3125 0.040625000000000036 0.3125 0.09531250000000005 0.365625 0.09531250000000005
10 0.3953125 0.001562500000000047 0.365625 0.0015625000000000452 0.365625 0.034375000000000044 0.3953125 0.034375000000000044
12 0.4859375 0.003125000000000059 0.4703125 0.0031250000000000583 0.4703125 0.029687500000000054 0.4859375 0.029687500000000054
6 0.5328125 0.10781250000000005 0.5140625 0.10781250000000005 0.5140625 0.12500000000000006 0.5328125 0.12500000000000006
13 0.246875 0.006250000000000029 0.221875 0.006250000000000028 0.221875 0.026562500000000027 0.246875 0.026562500000000034
13 0.17656250000000004 0.24375 0.14687500000000003 0.24375 0.14687500000000003 0.271875 0.17656250000000004 0.271875
13 0.10312500000000009 0.7046875 0.06093750000000009 0.7046875 0.06093750000000009 0.746875 0.10312500000000009 0.746875