11 0.10000000000000009 0.596875 0.037500000000000075 0.596875 0.037500000000000075 0.634375 0.10000000000000009 0.634375
13 0.5671875 0.5546875 0.5375 0.5546875 0.5375 0.578125 0.5671875 0.578125
10 0.6625 0.4875 0.596875 0.4875 0.596875 0.5375 0.6625 0.5375
13 0.63125 0.3593750000000001 0.60625 0.3593750000000001 0.60625 0.3781250000000001 0.63125 0.3781250000000001
10 0.746875 0.4062500000000001 0.684375 0.40625 0.684375 0.4671875000000001 0.746875 0.4671875000000002
10 0.7921875 0.3765625000000001 0.7390625 0.3765625000000001 0.7390625 0.4281250000000002 0.7921875 0.4281250000000002
10 0.7328125 0.4984375000000001 0.659375 0.4984375 0.659375 0.5765625000000001 0.7328125 0.5765625000000002
12 0.8546875 0.3968750000000001 0.834375 0.3968750000000001 0.834375 0.42500000000000016 0.8546875 0.42500000000000016
10 1 0.6968750000000001 0.8890625 0.6968750000000001 0.8890625 0.8265625 1 0.8265625
10 1 0.6046875000000002 0.9296875 0.6046875000000002 0.9296875 0.6812500000000001 1 0.6812500000000001
10 1 0.828125 0.88125 0.828125 0.88125 0.9234375 1 0.9234375
13 0.9203125 0.896875 0.8578125 0.896875 0.8578125 0.946875 0.9203125 0.946875
10 0.975 0.9171875 0.878125 0.9171875 0.878125 1 0.975 1
0 0.8484375 0.93125 0.8328125 0.93125 0.8328125 0.9546875 0.8484375 0.9546875
10 0.6937500000000002 0.8 0.5781250000000002 0.8 0.5781250000000002 0.9 0.6937500000000002 0.9
0 0.6703125000000002 0.746875 0.6562500000000002 0.746875 0.6562500000000002 0.76875 0.6703125000000002 0.76875
16 0.85625 0.0640625000000001 0.815625 0.06406250000000009 0.815625 0.10468750000000009 0.85625 0.10468750000000009
6 0.784375 0.4265625000000002 0.7578125 0.4265625000000002 0.7578125 0.4546875000000002 0.784375 0.4546875000000002
16 0.453125 0.21875000000000008 0.3765625 0.21875000000000008 0.3765625 0.2578125000000001 0.453125 0.2578125000000001
10 0.6390625 0.2656250000000001 0.571875 0.2656250000000001 0.571875 0.3218750000000001 0.6390625 0.3218750000000001
10 0.49375 0.08125000000000006 0.4484375 0.08125000000000004 0.4484375 0.10312500000000005 0.49375 0.10312500000000005
0 0.4500000000000002 0.8015625 0.43750000000000017 0.8015625 0.43750000000000017 0.81875 0.4500000000000002 0.81875
6 0.4828125 0.5078125 0.4609375 0.5078125 0.4609375 0.53125 0.4828125 0.53125
6 0.4640625 0.5296875 0.446875 0.5296875 0.446875 0.55 0.4640625 0.55