13 0.44375 0.5109375 0.428125 0.5109375 0.428125 0.5578125 0.44375 0.5578125
0 0.478125 0.5828125 0.4640625 0.5828125 0.4640625 0.6046875 0.478125 0.6046875
12 0.5734375 0.4875 0.54375 0.4875 0.54375 0.5296875 0.5734375 0.5296875
10 0.646875 0.48125 0.5609375 0.48125 0.5609375 0.5765625 0.646875 0.5765625
0 0.6421875 0.4078125 0.6296875 0.4078125 0.6296875 0.4265625 0.6421875 0.4265625
12 0.659375 0.60625 0.63125 0.60625 0.63125 0.6375 0.659375 0.6375
10 0.7265625 0.5593750000000001 0.6390625 0.559375 0.6390625 0.6656250000000001 0.7265625 0.6656250000000001
6 0.7500000000000002 0.803125 0.7187500000000002 0.803125 0.7187500000000002 0.8421875 0.7500000000000002 0.8421875
6 0.4046875 0.484375 0.3812500000000001 0.484375 0.3812500000000001 0.51875 0.4046875 0.51875
10 0.2375000000000001 0.5078125 0.20468750000000008 0.5078125 0.20468750000000008 0.5796875 0.2375000000000001 0.5796875
10 0.10625000000000004 0.3265625 3.999237203465575e-17 0.3265625 4.77420900605101e-17 0.453125 0.10625000000000004 0.453125
10 0.12656250000000008 0.4484375 5.4917754899264124e-17 0.4484375 6.142369101973443e-17 0.5546875 0.12656250000000008 0.5546875
13 0.032812500000000064 0.5359375 6.563341439180346e-17 0.5359375 6.869503138967185e-17 0.5859375 0.032812500000000064 0.5859375
10 0.07812500000000008 0.546875 0.0015625000000000673 0.546875 0.0015625000000000732 0.64375 0.07812500000000008 0.64375
10 0.21875000000000008 0.565625 0.05156250000000007 0.565625 0.05156250000000008 0.6765625 0.21875000000000008 0.6765625
11 0.1062500000000001 0.66875 0.017187500000000085 0.66875 0.017187500000000085 0.7390625 0.1062500000000001 0.7390625
10 0.20312500000000008 0.6609375 0.10937500000000008 0.6609375 0.10937500000000008 0.7578125 0.20312500000000008 0.7578125
6 0.14218750000000008 0.734375 0.05625000000000009 0.734375 0.0562500000000001 0.83125 0.14218750000000008 0.83125
16 0.24375000000000008 0.5046875 0.10000000000000005 0.5046875 0.10000000000000006 0.5890625 0.24375000000000008 0.5890625
10 0.10625000000000004 0.2203125 0.012500000000000028 0.2203125 0.012500000000000034 0.296875 0.10625000000000004 0.296875