11 0.2953125000000001 0.6359375 0.2453125000000001 0.6359375 0.2453125000000001 0.671875 0.2953125000000001 0.671875
13 0.2828125000000001 0.721875 0.2406250000000001 0.721875 0.2406250000000001 0.765625 0.2828125000000001 0.765625
6 0.3937500000000001 0.640625 0.3578125000000001 0.640625 0.3578125000000001 0.6765625 0.3937500000000001 0.6765625
6 0.3593750000000001 0.6515625 0.3359375000000001 0.6515625 0.3359375000000001 0.678125 0.3593750000000001 0.678125
10 0.653125 0.515625 0.6140625 0.515625 0.6140625 0.5640625 0.653125 0.5640625
6 0.69375 0.6265625 0.6765625 0.6265625 0.6765625 0.6515625 0.69375 0.6515625
10 0.6828125 0.4890625 0.6390625 0.4890625 0.6390625 0.5328125 0.6828125 0.5328125
11 0.5734375 0.4578125 0.55625 0.4578125 0.55625 0.5 0.5734375 0.5
10 0.6625 0.4453125 0.6328125 0.4453125 0.6328125 0.4796875 0.6625 0.4796875
16 0.6453125 0.421875 0.5875 0.421875 0.5875 0.4625 0.6453125 0.4625
10 0.6375 0.4421875 0.559375 0.4421875 0.559375 0.503125 0.6375 0.503125
10 0.584375 0.415625 0.55 0.415625 0.55 0.4609375 0.584375 0.4609375
6 0.5515625 0.459375 0.5375 0.459375 0.5375 0.4859375 0.5515625 0.4859375
0 0.5140625 0.45 0.50625 0.45 0.50625 0.4609375 0.5140625 0.4609375
13 0.5359375 0.428125 0.5140625 0.428125 0.5140625 0.4578125 0.5359375 0.4578125
10 0.5765625 0.3671875000000001 0.5125 0.3671875000000001 0.5125 0.4140625 0.5765625 0.4140625
10 0.5671875 0.31718750000000007 0.5078125 0.31718750000000007 0.5078125 0.3656250000000001 0.5671875 0.3656250000000001
10 0.5703125 0.2500000000000001 0.5203125 0.2500000000000001 0.5203125 0.2812500000000001 0.5703125 0.2812500000000001
6 0.5421875 0.2078125000000001 0.525 0.2078125000000001 0.525 0.21875000000000008 0.5421875 0.21875000000000008
6 0.59375 0.1437500000000001 0.5796875 0.1437500000000001 0.5796875 0.15781250000000008 0.59375 0.15781250000000008
6 0.6203125 0.11093750000000009 0.6109375 0.11093750000000009 0.6109375 0.12343750000000009 0.6203125 0.12343750000000009
10 0.8265625 0.4671875000000002 0.76875 0.4671875000000002 0.76875 0.5171875000000001 0.8265625 0.5171875000000001
10 0.875 0.4984375000000002 0.8328125 0.4984375000000002 0.8328125 0.5546875000000002 0.875 0.5546875000000002
6 0.8578125 0.5562500000000001 0.8390625 0.5562500000000001 0.8390625 0.5781250000000002 0.8578125 0.5781250000000002
12 0.790625 0.5187500000000002 0.7765625 0.5187500000000002 0.7765625 0.5390625000000002 0.790625 0.5390625000000002
6 0.76875 0.5625000000000002 0.75625 0.5625000000000002 0.75625 0.5765625000000002 0.76875 0.5765625000000002
0 0.7546875 0.4984375000000002 0.746875 0.4984375000000002 0.746875 0.5109375000000002 0.7546875 0.5109375000000002
13 0.7375 0.46875000000000017 0.7265625 0.46875000000000017 0.7265625 0.49218750000000017 0.7375 0.49218750000000017
12 0.7578125 0.4593750000000002 0.7375 0.4593750000000002 0.7375 0.4828125000000002 0.7578125 0.4828125000000002
0 0.415625 0.403125 0.4078125 0.403125 0.4078125 0.4140625 0.415625 0.4140625
10 0.4484375 0.45 0.3906250000000001 0.45 0.3906250000000001 0.5109375 0.4484375 0.5109375
10 0.3984375 0.18750000000000006 0.3671875 0.18750000000000006 0.3671875 0.2156250000000001 0.3984375 0.2156250000000001
10 0.375 0.20937500000000003 0.3328125 0.209375 0.3328125 0.24062500000000003 0.375 0.2406250000000001
12 0.3734375 0.2171875000000001 0.3640625 0.2171875000000001 0.3640625 0.2312500000000001 0.3734375 0.2312500000000001
13 0.3171875 0.19531250000000006 0.3078125 0.19531250000000006 0.3078125 0.20625 0.3171875 0.20625
10 0.3703125 0.24218750000000006 0.3359375 0.2421875 0.3359375 0.28125000000000006 0.3703125 0.2812500000000001
10 0.34375 0.2390625 0.30625 0.2390625 0.30625 0.2640625 0.34375 0.2640625
13 0.303125 0.2890625 0.2859375 0.2890625 0.2859375 0.303125 0.303125 0.303125
10 0.2703125 0.17968750000000006 0.2328125 0.17968750000000006 0.2328125 0.20625 0.2703125 0.20625
16 0.17500000000000002 0.18125 0.1234375 0.18125 0.12343750000000002 0.196875 0.17500000000000004 0.196875
0 0.2906250000000001 0.5359375 0.2812500000000001 0.5359375 0.2812500000000001 0.546875 0.2906250000000001 0.546875
6 0.24375000000000008 0.49375 0.2296875000000001 0.49375 0.2296875000000001 0.509375 0.24375000000000008 0.509375
6 0.25 0.3140625 0.2359375 0.3140625 0.2359375 0.3265625 0.25 0.3265625
6 0.2109375 0.14218750000000005 0.2015625 0.14218750000000005 0.2015625 0.15156250000000004 0.2109375 0.15156250000000004
6 0.2484375 0.14218750000000005 0.2390625 0.14218750000000005 0.2390625 0.15000000000000005 0.2484375 0.15000000000000005
6 0.6546875000000002 0.7703125 0.6375000000000002 0.7703125 0.6375000000000002 0.8 0.6546875000000002 0.8