11 0.3421875000000001 0.6234375 0.2687500000000001 0.6234375 0.2687500000000001 0.66875 0.3421875000000001 0.66875
10 0.3859375000000001 0.671875 0.3109375000000001 0.671875 0.3109375000000001 0.7578125 0.3859375000000001 0.7578125
10 0.440625 0.6125 0.3546875000000001 0.6125 0.3546875000000001 0.703125 0.440625 0.703125
10 0.4609375 0.5296875 0.3000000000000001 0.5296875 0.3000000000000001 0.615625 0.4609375 0.615625
13 0.28593750000000007 0.4875 0.2296875000000001 0.4875 0.2296875000000001 0.53125 0.28593750000000007 0.53125
6 0.2375000000000001 0.5796875 0.1937500000000001 0.5796875 0.1937500000000001 0.6234375 0.2375000000000001 0.6234375
0 0.2171875000000001 0.5359375 0.2015625000000001 0.5359375 0.2015625000000001 0.5609375 0.2171875000000001 0.5609375
10 0.3703125000000001 0.40625 0.2468750000000001 0.40625 0.2468750000000001 0.496875 0.3703125000000001 0.496875
10 0.35000000000000003 0.2859375 0.246875 0.2859375 0.24687500000000004 0.40625 0.3500000000000001 0.40625
10 0.3578125 0.19062500000000004 0.2734375 0.19062500000000004 0.2734375 0.253125 0.3578125 0.253125
6 0.2859375 0.09843750000000004 0.259375 0.09843750000000002 0.259375 0.11875000000000005 0.2859375 0.11875000000000005
10 0.12031250000000002 0.1546875 0.03281250000000002 0.1546875 0.03281250000000003 0.2515625 0.12031250000000004 0.2515625
10 0.045312500000000026 0.1671875 2.0474563673244812e-17 0.1671875 2.430158492058029e-17 0.2296875 0.04531250000000003 0.2296875
10 0.06406250000000006 0.4671875 5.72139676476654e-17 0.4671875 6.285882398748523e-17 0.559375 0.06406250000000006 0.559375
10 0.1234375 0.046875000000000014 0.0640625 0.046875000000000014 0.06406250000000001 0.1109375 0.1234375 0.1109375
10 0.171875 0.006250000000000018 0.1140625 0.006250000000000014 0.1140625 0.06406250000000002 0.171875 0.06406250000000002
0 0.05312500000000005 0.4015625 0.03750000000000005 0.4015625 0.03750000000000005 0.4234375 0.05312500000000005 0.4234375
13 0.14531250000000004 0.3890625 0.12812500000000004 0.3890625 0.12812500000000004 0.4109375 0.14531250000000004 0.4109375
6 0.16718750000000004 0.5140625 0.14531250000000004 0.5140625 0.14531250000000004 0.540625 0.16718750000000004 0.540625
6 0.4312500000000002 0.9109375 0.3968750000000001 0.9109375 0.3968750000000001 0.9484375 0.4312500000000002 0.9484375
6 0.534375 0.5171875 0.5015625 0.5171875 0.5015625 0.5625 0.534375 0.5625
6 0.6375 0.4875 0.609375 0.4875 0.609375 0.5265625 0.6375 0.5265625
13 0.6734375 0.521875 0.65625 0.521875 0.65625 0.5734375 0.6734375 0.5734375
0 0.7125 0.596875 0.6984375 0.596875 0.6984375 0.6203125 0.7125 0.6203125
12 0.8078125 0.5218750000000002 0.7671875 0.5218750000000002 0.7671875 0.5687500000000002 0.8078125 0.5687500000000002
10 0.8828125 0.5187500000000002 0.7890625 0.5187500000000002 0.7890625 0.6140625000000002 0.8828125 0.6140625000000002
0 0.8796875 0.4500000000000002 0.8640625 0.4500000000000002 0.8640625 0.4750000000000002 0.8796875 0.4750000000000002
6 0.9859375 0.8421875 0.95 0.8421875 0.95 0.884375 0.9859375 0.884375
12 0.89375 0.6468750000000002 0.8578125 0.6468750000000002 0.8578125 0.6812500000000001 0.89375 0.6812500000000001
10 0.9625 0.6015625000000002 0.86875 0.6015625000000002 0.86875 0.7109375000000002 0.9625 0.7109375000000002
6 0.5125 0.13750000000000004 0.503125 0.13750000000000004 0.503125 0.15625000000000006 0.5125 0.15625000000000006
10 0.3296875000000001 0.490625 0.2406250000000001 0.490625 0.2406250000000001 0.58125 0.3296875000000001 0.58125
10 0.4703125 0.4859375 0.4359375 0.4859375 0.4359375 0.5578125 0.4703125 0.5578125
16 0.478125 0.4796875 0.3359375000000001 0.4796875 0.3359375000000001 0.54375 0.478125 0.54375
6 0.2921875000000001 0.946875 0.2640625000000001 0.946875 0.2640625000000001 0.996875 0.2921875000000001 0.996875