11 0.06250000000000008 0.71875 8.802148868871601e-17 0.71875 9.060472803066747e-17 0.7609375 0.06250000000000008 0.7609375
16 0.4109375 0.3375 0.334375 0.3375 0.33437500000000003 0.37031250000000004 0.4109375 0.3703125000000001
6 0.44375 0.6140625 0.4203125 0.6140625 0.4203125 0.6359375 0.44375 0.6359375
6 0.3812500000000001 0.6546875 0.3656250000000001 0.6546875 0.3656250000000001 0.671875 0.3812500000000001 0.671875
6 0.34062500000000007 0.75 0.3218750000000001 0.75 0.3218750000000001 0.778125 0.34062500000000007 0.778125
0 0.4203125000000002 0.896875 0.4046875000000002 0.896875 0.4046875000000002 0.91875 0.4203125000000002 0.91875
13 0.509375 0.6703125 0.4765625 0.6703125 0.4765625 0.6984375 0.509375 0.6984375
10 0.6234375000000002 0.8953125 0.5046875000000002 0.8953125 0.5046875000000002 1 0.6234375000000002 1
10 0.6 0.6 0.525 0.6 0.525 0.6515625 0.6 0.6515625
10 0.66875 0.6125 0.59375 0.6125 0.59375 0.6828125 0.66875 0.6828125
10 0.68125 0.5171875 0.625 0.5171875 0.625 0.5765625 0.68125 0.5765625
10 0.725 0.48125 0.678125 0.48125 0.678125 0.528125 0.725 0.528125
12 0.79375 0.49531250000000016 0.7734375 0.49531250000000016 0.7734375 0.5281250000000002 0.79375 0.5281250000000002
6 0.85625 0.5968750000000002 0.83125 0.5968750000000002 0.83125 0.6234375000000002 0.85625 0.6234375000000002
13 0.6968750000000001 0.853125 0.6843750000000002 0.853125 0.6843750000000002 0.8734375 0.6968750000000001 0.8734375
10 0.934375 0.7062500000000002 0.846875 0.7062500000000002 0.846875 0.7796875000000002 0.934375 0.7796875000000002
10 0.9171875 0.7937500000000002 0.80625 0.7937500000000002 0.80625 0.9234375 0.9171875 0.9234375
10 0.925 0.9234375 0.7968750000000002 0.9234375 0.7968750000000002 1 0.925 1
16 0.790625 0.1765625000000001 0.7515625 0.1765625000000001 0.7515625 0.2171875000000001 0.790625 0.2171875000000001
10 0.675 0.12343750000000009 0.6 0.12343750000000009 0.6 0.15625000000000008 0.675 0.15625000000000008
10 0.4453125 0.2000000000000001 0.3984375 0.2000000000000001 0.3984375 0.22812500000000008 0.4453125 0.22812500000000008
13 0.5703125 0.471875 0.546875 0.471875 0.546875 0.4875 0.5703125 0.4875
10 0.5875 0.3781250000000001 0.5265625 0.3781250000000001 0.5265625 0.4265625 0.5875 0.4265625