16 0.428125 0.31718750000000007 0.35 0.3171875 0.35 0.34218750000000003 0.428125 0.3421875000000001
10 0.4609375 0.17031250000000003 0.415625 0.17031250000000003 0.415625 0.19531250000000006 0.4609375 0.19531250000000006
10 0.6 0.3437500000000001 0.5421875 0.3437500000000001 0.5421875 0.3937500000000001 0.6 0.3937500000000001
13 0.590625 0.4359375 0.5671875 0.4359375 0.5671875 0.453125 0.590625 0.453125
10 0.696875 0.4828125 0.6390625 0.4828125 0.6390625 0.5375 0.696875 0.5375
10 0.7375 0.4468750000000001 0.6890625 0.446875 0.6890625 0.4937500000000001 0.7375 0.4937500000000002
16 0.7734375 0.1390625000000001 0.7390625 0.1390625000000001 0.7390625 0.18125000000000008 0.7734375 0.18125000000000008
12 0.790625 0.4625000000000002 0.771875 0.4625000000000002 0.771875 0.48750000000000016 0.790625 0.48750000000000016
10 0.9390625 0.6734375000000001 0.85625 0.6734375000000001 0.85625 0.7390625000000002 0.9390625 0.7390625000000002
10 0.928125 0.7703125000000002 0.81875 0.7703125000000002 0.81875 0.8953125 0.928125 0.8953125
10 0.9421875 0.896875 0.8109375 0.896875 0.8109375 0.9875 0.9421875 0.9875
13 0.8546875 0.965625 0.7953125000000002 0.965625 0.7953125000000002 1 0.8546875 1
10 0.6609375000000002 0.8890625 0.5328125000000001 0.8890625 0.5328125000000001 1 0.6609375000000002 1
0 0.6296875000000002 0.8296875 0.6156250000000002 0.8296875 0.6156250000000002 0.85 0.6296875000000002 0.85
13 0.5375 0.65 0.509375 0.65 0.509375 0.671875 0.5375 0.671875
10 0.6265625 0.56875 0.5546875 0.56875 0.5546875 0.6265625 0.6265625 0.6265625
10 0.684375 0.5796875 0.61875 0.5796875 0.61875 0.6578125 0.684375 0.6578125
0 0.43750000000000017 0.9015625 0.42500000000000016 0.9015625 0.42500000000000016 0.9171875 0.43750000000000017 0.9171875
6 0.4640625 0.6 0.4421875 0.6 0.4421875 0.61875 0.4640625 0.61875
6 0.4453125 0.6234375 0.43125 0.6234375 0.43125 0.64375 0.4453125 0.64375