10 0.5859375 0.546875 0.49375 0.546875 0.49375 0.6546875 0.5859375 0.6546875
12 0.515625 0.596875 0.4859375 0.596875 0.4859375 0.6296875 0.515625 0.6296875
12 0.4328125 0.4765625 0.4015625 0.4765625 0.4015625 0.5203125 0.4328125 0.5203125
10 0.5046875 0.471875 0.4171875 0.471875 0.4171875 0.5703125 0.5046875 0.5703125
6 0.6078125000000002 0.8046875 0.5765625000000002 0.8046875 0.5765625000000002 0.846875 0.6078125000000002 0.846875
0 0.5015625 0.3921875000000001 0.4890625 0.3921875000000001 0.4890625 0.409375 0.5015625 0.409375
13 0.2906250000000001 0.5203125 0.2750000000000001 0.5203125 0.2750000000000001 0.56875 0.2906250000000001 0.56875
0 0.3234375000000001 0.590625 0.3078125000000001 0.590625 0.3078125000000001 0.6109375 0.3234375000000001 0.6109375
10 0.05468750000000007 0.5421875 0.023437500000000066 0.5421875 0.023437500000000073 0.6140625 0.05468750000000007 0.6140625
16 0.06250000000000007 0.534375 6.544206332943669e-17 0.534375 6.946043563913895e-17 0.6 0.06250000000000007 0.6
10 0.042187500000000086 0.61875 7.577502069724248e-17 0.61875 7.998474406931151e-17 0.6875 0.042187500000000086 0.6875
15 0.14062500000000008 0.5453125 0.10937500000000008 0.5453125 0.10937500000000008 0.5984375 0.14062500000000008 0.5984375
15 0.2500000000000001 0.49375 0.2250000000000001 0.49375 0.2250000000000001 0.5375 0.2500000000000001 0.5375