11 0.69375 0.06875000000000009 0.6515625 0.06875000000000009 0.6515625 0.10000000000000009 0.69375 0.10000000000000009
13 0.6421875 0.07187500000000008 0.621875 0.07187500000000006 0.621875 0.10781250000000009 0.6421875 0.10781250000000009
12 0.6828125 0.017187500000000085 0.6671875 0.017187500000000085 0.6671875 0.03906250000000008 0.6828125 0.03906250000000009
6 0.665625 0.01875000000000008 0.6515625 0.01875000000000008 0.6515625 0.031250000000000076 0.665625 0.031250000000000076
6 0.7546875 0.14062500000000008 0.7390625 0.14062500000000008 0.7390625 0.1609375000000001 0.7546875 0.1609375000000001
11 0.7890625 0.006250000000000094 0.74375 0.006250000000000091 0.74375 0.0671875000000001 0.7890625 0.0671875000000001
11 0.8328125 0.0312500000000001 0.796875 0.0312500000000001 0.796875 0.0656250000000001 0.8328125 0.06562500000000011
10 0.871875 0.06093750000000011 0.8203125 0.06093750000000011 0.8203125 0.10156250000000008 0.871875 0.10156250000000008
3 0.8578125 0.0375000000000001 0.8296875 0.0375000000000001 0.8296875 0.0718750000000001 0.8578125 0.0718750000000001
10 0.896875 0.014062500000000108 0.8578125 0.014062500000000106 0.8578125 0.06875000000000012 0.896875 0.06875000000000012
6 0.9546875 0.09375000000000011 0.91875 0.09375000000000011 0.91875 0.11406250000000014 0.9546875 0.11406250000000014
6 0.9046875 0.2531250000000001 0.8875 0.2531250000000001 0.8875 0.2734375000000001 0.9046875 0.2734375000000001
13 0.9578125 0.04687500000000012 0.93125 0.04687500000000011 0.93125 0.07343750000000011 0.9578125 0.07343750000000011
11 0.584375 0.1062500000000001 0.5703125 0.1062500000000001 0.5703125 0.1453125000000001 0.584375 0.1453125000000001
11 0.5515625 0.056250000000000064 0.5140625 0.056250000000000064 0.5140625 0.14375000000000007 0.5515625 0.1437500000000001
11 0.571875 0.05937500000000007 0.553125 0.05937500000000007 0.553125 0.10156250000000008 0.571875 0.10156250000000008
6 0.503125 0.2062500000000001 0.4890625 0.2062500000000001 0.4890625 0.2234375000000001 0.503125 0.2234375000000001
11 0.46875 0.3375000000000001 0.4375 0.3375000000000001 0.4375 0.4125 0.46875 0.4125
11 0.38750000000000007 0.31250000000000006 0.3125 0.3125 0.31250000000000006 0.37812500000000004 0.38750000000000007 0.3781250000000001
10 0.2968750000000001 0.4421875 0.2156250000000001 0.4421875 0.2156250000000001 0.5328125 0.2968750000000001 0.5328125
16 0.04531250000000008 0.640625 0.0015625000000000784 0.640625 0.001562500000000085 0.746875 0.04531250000000009 0.746875
6 0.10312500000000009 0.6375 0.04375000000000008 0.6375 0.04375000000000008 0.7203125 0.10312500000000009 0.7203125
6 0.3734375000000001 0.83125 0.3343750000000001 0.83125 0.3343750000000001 0.8875 0.3734375000000001 0.8875