6 0.4078125000000002 0.8125 0.3734375000000001 0.8125 0.3734375000000001 0.859375 0.4078125000000002 0.859375
16 0.1140625000000001 0.5890625 0.06250000000000007 0.5890625 0.06250000000000008 0.675 0.1140625000000001 0.675
6 0.1625000000000001 0.596875 0.10781250000000009 0.596875 0.10781250000000009 0.6734375 0.1625000000000001 0.6734375
10 0.3515625000000001 0.4265625 0.2765625000000001 0.4265625 0.2765625000000001 0.5125 0.3515625000000001 0.5125
11 0.44375 0.30156250000000007 0.371875 0.30156250000000007 0.371875 0.3625000000000001 0.44375 0.3625000000000001
11 0.515625 0.3343750000000001 0.4765625 0.3343750000000001 0.4765625 0.4 0.515625 0.4
12 0.5640625 0.2000000000000001 0.55 0.2000000000000001 0.55 0.2171875000000001 0.5640625 0.2171875000000001
6 0.596875 0.05312500000000007 0.5859375 0.05312500000000007 0.5859375 0.06562500000000007 0.596875 0.06562500000000007
11 0.6203125 0.05468750000000007 0.58125 0.05468750000000007 0.58125 0.1281250000000001 0.6203125 0.1281250000000001
11 0.6390625 0.05937500000000008 0.61875 0.05937500000000007 0.61875 0.09531250000000008 0.6390625 0.09531250000000009
11 0.646875 0.10468750000000009 0.63125 0.10468750000000009 0.63125 0.1515625000000001 0.646875 0.1515625000000001
13 0.7109375 0.07968750000000009 0.690625 0.07968750000000009 0.690625 0.11093750000000009 0.7109375 0.11093750000000009
6 0.678125 0.025000000000000078 0.6671875 0.025000000000000078 0.6671875 0.04218750000000008 0.678125 0.04218750000000008
6 0.7390625 0.02343750000000009 0.725 0.02343750000000009 0.725 0.034375000000000086 0.7390625 0.034375000000000086
12 0.75625 0.021875000000000092 0.740625 0.02187500000000009 0.740625 0.042187500000000086 0.75625 0.042187500000000086
11 0.765625 0.07343750000000009 0.7234375 0.07343750000000009 0.7234375 0.10312500000000009 0.765625 0.10312500000000009
6 0.83125 0.1546875000000001 0.8140625 0.1546875000000001 0.8140625 0.1703125000000001 0.83125 0.1703125000000001
6 0.8390625 0.07343750000000011 0.8203125 0.07343750000000011 0.8203125 0.08125000000000011 0.8390625 0.08125000000000011
11 0.8734375 0.010937500000000103 0.8265625 0.0109375000000001 0.8265625 0.07031250000000011 0.8734375 0.07031250000000011
11 0.921875 0.04843750000000011 0.8796875 0.04843750000000011 0.8796875 0.07656250000000012 0.921875 0.07656250000000012
10 0.953125 0.07343750000000011 0.903125 0.07343750000000011 0.903125 0.11406250000000011 0.953125 0.11406250000000014
3 0.946875 0.05156250000000011 0.915625 0.05156250000000011 0.915625 0.08437500000000012 0.946875 0.08437500000000012
10 0.9828125 0.028125000000000115 0.940625 0.02812500000000011 0.940625 0.08281250000000011 0.9828125 0.08281250000000011