10 0.22031250000000008 0.546875 0.13281250000000008 0.546875 0.13281250000000008 0.6453125 0.22031250000000008 0.6453125
11 0.3234375000000001 0.3859375 0.2453125000000001 0.3859375 0.2453125000000001 0.4609375 0.3234375000000001 0.4609375
11 0.4078125 0.40625 0.3765625000000001 0.40625 0.3765625000000001 0.4765625 0.4078125 0.4765625
6 0.4328125 0.27031250000000007 0.41875 0.27031250000000007 0.41875 0.28593750000000007 0.4328125 0.28593750000000007
6 0.6875 0.2078125000000001 0.671875 0.2078125000000001 0.671875 0.22656250000000008 0.6875 0.22656250000000008
11 0.7421875 0.050000000000000086 0.6921875 0.050000000000000086 0.6921875 0.11562500000000009 0.7421875 0.11562500000000009
13 0.571875 0.14062500000000008 0.5484375 0.14062500000000008 0.5484375 0.1781250000000001 0.571875 0.1781250000000001
11 0.5015625 0.17343750000000005 0.4828125 0.17343750000000005 0.4828125 0.21250000000000008 0.5015625 0.21250000000000008
11 0.484375 0.12031250000000004 0.453125 0.12031250000000004 0.453125 0.17968750000000006 0.484375 0.17968750000000006
11 0.503125 0.12812500000000004 0.4828125 0.12812500000000004 0.4828125 0.16718750000000004 0.503125 0.16718750000000004
11 0.6234375 0.1281250000000001 0.5828125 0.1281250000000001 0.5828125 0.1671875000000001 0.6234375 0.1671875000000001
12 0.6109375 0.08906250000000007 0.59375 0.08906250000000007 0.59375 0.10781250000000009 0.6109375 0.10781250000000009
6 0.5953125 0.08906250000000007 0.5828125 0.08906250000000007 0.5828125 0.10312500000000009 0.5953125 0.10312500000000009
10 0.78125 0.12031250000000009 0.74375 0.12031250000000009 0.74375 0.1609375000000001 0.78125 0.1609375000000001
11 0.775 0.10156250000000008 0.7375 0.10156250000000008 0.7375 0.12500000000000008 0.775 0.12500000000000008
10 0.8109375 0.07031250000000008 0.7734375 0.07031250000000008 0.7734375 0.11250000000000009 0.8109375 0.11250000000000009
3 0.803125 0.10000000000000009 0.7765625 0.10000000000000009 0.7765625 0.1296875000000001 0.803125 0.1296875000000001
13 0.8671875 0.09843750000000011 0.8421875 0.09843750000000011 0.8421875 0.1218750000000001 0.8671875 0.1218750000000001
6 0.9359375 0.03906250000000011 0.89375 0.03906250000000011 0.89375 0.06875000000000012 0.9359375 0.06875000000000012
12 0.484375 0.05156250000000007 0.4703125 0.05156250000000007 0.4703125 0.06875000000000006 0.484375 0.06875000000000006
6 0.2593750000000001 0.9296875 0.22031250000000008 0.9296875 0.22031250000000008 0.984375 0.2593750000000001 0.984375