13 0.2609375000000001 0.9328125 0.2156250000000001 0.9328125 0.2156250000000001 0.971875 0.2609375000000001 0.971875
13 0.2843750000000001 0.6015625 0.2406250000000001 0.6015625 0.2406250000000001 0.6359375 0.2843750000000001 0.6359375
6 0.153125 0.1671875 0.09531250000000002 0.1671875 0.09531250000000002 0.2 0.15312500000000004 0.2
11 0.1609375 0.103125 0.146875 0.103125 0.146875 0.13125 0.1609375 0.13125
11 0.2015625 0.11875000000000005 0.184375 0.11875000000000005 0.184375 0.15625000000000006 0.2015625 0.15625000000000006
11 0.3828125 0.12656250000000005 0.3515625 0.12656250000000005 0.3515625 0.18437500000000004 0.3828125 0.18437500000000004
11 0.4140625 0.11875000000000005 0.3890625 0.11875000000000005 0.3890625 0.15781250000000005 0.4140625 0.15781250000000005
11 0.4625 0.11875000000000005 0.4125 0.11875000000000005 0.4125 0.15312500000000004 0.4625 0.15312500000000004
13 0.484375 0.13750000000000004 0.465625 0.13750000000000004 0.465625 0.15312500000000004 0.484375 0.15312500000000004
11 0.5046875 0.13281250000000006 0.49375 0.13281250000000006 0.49375 0.15781250000000005 0.5046875 0.15781250000000005
12 0.5140625 0.13437500000000005 0.503125 0.13437500000000005 0.503125 0.15468750000000003 0.5140625 0.15468750000000003
6 0.490625 0.2171875000000001 0.4671875 0.2171875000000001 0.4671875 0.23593750000000008 0.490625 0.23593750000000008
1 0.5203125 0.16250000000000003 0.4921875 0.16250000000000003 0.4921875 0.18437500000000004 0.5203125 0.18437500000000004
11 0.5359375 0.10312500000000005 0.5125 0.10312500000000005 0.5125 0.13593750000000004 0.5359375 0.13593750000000004
6 0.528125 0.08281250000000007 0.51875 0.08281250000000007 0.51875 0.09843750000000007 0.528125 0.09843750000000007
6 0.4984375 0.09375000000000007 0.4875 0.09375000000000007 0.4875 0.10781250000000005 0.4984375 0.10781250000000005
11 0.6203125 0.14062500000000008 0.6 0.14062500000000008 0.6 0.1828125000000001 0.6203125 0.1828125000000001
16 0.7 0.1296875000000001 0.6453125 0.1296875000000001 0.6453125 0.16562500000000008 0.7 0.16562500000000008
6 0.8625 0.2062500000000001 0.8484375 0.2062500000000001 0.8484375 0.2218750000000001 0.8625 0.2218750000000001
13 0.984375 0.2875000000000001 0.946875 0.2875000000000001 0.946875 0.3156250000000001 0.984375 0.3156250000000001
6 0.11562500000000009 0.80625 0.0828125000000001 0.80625 0.0828125000000001 0.8265625 0.11562500000000009 0.8265625