16 0.17031250000000006 0.5390625 0.11875000000000005 0.5390625 0.11875000000000006 0.621875 0.1703125000000001 0.621875
6 0.2140625000000001 0.553125 0.1593750000000001 0.553125 0.1593750000000001 0.628125 0.2140625000000001 0.628125
10 0.4 0.4046875 0.3234375000000001 0.4046875 0.3234375000000001 0.490625 0.4 0.490625
11 0.5 0.2875000000000001 0.421875 0.2875000000000001 0.421875 0.34843750000000007 0.5 0.34843750000000007
11 0.5671875 0.3218750000000001 0.528125 0.3218750000000001 0.528125 0.3921875000000001 0.5671875 0.3921875000000001
6 0.61875 0.19531250000000008 0.603125 0.19531250000000008 0.603125 0.2140625000000001 0.61875 0.2140625000000001
11 0.68125 0.05156250000000009 0.64375 0.05156250000000009 0.64375 0.11875000000000009 0.68125 0.11875000000000009
11 0.7015625 0.057812500000000086 0.6796875 0.057812500000000086 0.6796875 0.0984375000000001 0.7015625 0.0984375000000001
11 0.703125 0.10312500000000009 0.6890625 0.10312500000000009 0.6890625 0.1531250000000001 0.703125 0.1531250000000001
13 0.7765625 0.08125000000000009 0.753125 0.08125000000000009 0.753125 0.1140625000000001 0.7765625 0.1140625000000001
11 0.8359375 0.0781250000000001 0.7890625 0.07812500000000008 0.7890625 0.11250000000000009 0.8359375 0.11250000000000009
12 0.825 0.0281250000000001 0.80625 0.0281250000000001 0.80625 0.0500000000000001 0.825 0.050000000000000114
6 0.8078125 0.0281250000000001 0.7921875 0.0281250000000001 0.7921875 0.0406250000000001 0.8078125 0.0406250000000001
6 0.9 0.1703125000000001 0.8828125 0.1703125000000001 0.8828125 0.18750000000000008 0.9 0.18750000000000008
11 0.9578125 0.017187500000000112 0.9046875 0.017187500000000112 0.9046875 0.08281250000000011 0.9578125 0.08281250000000011
11 1 0.06718750000000012 0.959375 0.06718750000000011 0.959375 0.09531250000000012 1 0.09531250000000013
10 1 0.09062500000000012 0.978125 0.09062500000000011 0.978125 0.13281250000000014 1 0.13281250000000014
6 0.9109375 0.08593750000000011 0.8921875 0.08593750000000011 0.8921875 0.09687500000000011 0.9109375 0.09687500000000011
6 0.7421875 0.02968750000000009 0.7296875 0.02968750000000009 0.7296875 0.04843750000000009 0.7421875 0.04843750000000009
6 0.4390625000000002 0.784375 0.4000000000000002 0.784375 0.4000000000000002 0.8359375 0.4390625000000002 0.8359375