11 0.390625 0.3125000000000001 0.3640625 0.3125000000000001 0.3640625 0.3515625000000001 0.390625 0.3515625000000001
1 0.2296875 0.3203125 0.203125 0.3203125 0.203125 0.34375 0.2296875 0.34375
11 0.2671875 0.253125 0.228125 0.253125 0.228125 0.284375 0.2671875 0.284375
13 0.19843750000000004 0.2765625 0.17812500000000003 0.2765625 0.17812500000000003 0.2953125 0.19843750000000004 0.2953125
11 0.20625 0.284375 0.19375000000000003 0.284375 0.19375000000000003 0.30625 0.20625 0.30625
12 0.2140625 0.2859375 0.203125 0.2859375 0.203125 0.3046875 0.2140625 0.3046875
11 0.14375000000000004 0.2734375 0.09531250000000005 0.2734375 0.09531250000000005 0.30625 0.14375000000000004 0.30625
11 0.09687500000000004 0.275 0.06562500000000004 0.275 0.06562500000000004 0.30625 0.09687500000000004 0.30625
11 0.06562500000000003 0.271875 0.03437500000000003 0.271875 0.03437500000000004 0.321875 0.06562500000000004 0.321875
11 0.16562500000000005 0.2265625 0.15312500000000004 0.2265625 0.15312500000000004 0.253125 0.16562500000000005 0.253125
10 0.7328125 0.37968750000000007 0.6671875 0.37968750000000007 0.6671875 0.44218750000000007 0.7328125 0.4421875000000002
10 0.6453125 0.4578125 0.6046875 0.4578125 0.6046875 0.490625 0.6453125 0.490625