6 0.4187500000000002 0.8078125 0.3843750000000001 0.8078125 0.3843750000000001 0.853125 0.4187500000000002 0.853125
16 0.1359375000000001 0.575 0.08437500000000006 0.575 0.08437500000000007 0.6578125 0.1359375000000001 0.6578125
6 0.1828125000000001 0.58125 0.1281250000000001 0.58125 0.1281250000000001 0.6578125 0.1828125000000001 0.6578125
10 0.37187500000000007 0.4203125 0.2968750000000001 0.4203125 0.2968750000000001 0.50625 0.37187500000000007 0.50625
11 0.46875 0.30156250000000007 0.39375 0.30156250000000007 0.39375 0.3593750000000001 0.46875 0.3593750000000001
11 0.5359375 0.3296875000000001 0.4953125 0.3296875000000001 0.4953125 0.3984375000000001 0.5359375 0.3984375000000001
12 0.5875 0.2000000000000001 0.575 0.2000000000000001 0.575 0.2156250000000001 0.5875 0.2156250000000001
11 0.646875 0.05156250000000008 0.6046875 0.05156250000000007 0.6046875 0.1281250000000001 0.646875 0.1281250000000001
11 0.665625 0.05625000000000009 0.6453125 0.05625000000000009 0.6453125 0.09375000000000008 0.665625 0.09375000000000008
11 0.6703125 0.10156250000000008 0.65625 0.10156250000000008 0.65625 0.1515625000000001 0.6703125 0.1515625000000001
6 0.70625 0.023437500000000087 0.69375 0.023437500000000083 0.69375 0.04375000000000009 0.70625 0.04375000000000009
13 0.7390625 0.07656250000000009 0.71875 0.07656250000000009 0.71875 0.10781250000000009 0.7390625 0.10781250000000009
6 0.7671875 0.023437500000000094 0.753125 0.023437500000000094 0.753125 0.03593750000000009 0.7671875 0.03593750000000009
12 0.784375 0.025000000000000095 0.7671875 0.025000000000000088 0.7671875 0.043750000000000094 0.784375 0.0437500000000001
11 0.79375 0.0750000000000001 0.7515625 0.0750000000000001 0.7515625 0.10156250000000008 0.79375 0.10156250000000008
6 0.859375 0.1609375000000001 0.84375 0.1609375000000001 0.84375 0.1765625000000001 0.859375 0.1765625000000001
6 0.8703125 0.07812500000000011 0.85 0.07812500000000011 0.85 0.0875000000000001 0.8703125 0.0875000000000001
11 0.909375 0.012500000000000108 0.859375 0.012500000000000105 0.859375 0.07656250000000012 0.909375 0.07656250000000012
11 0.95625 0.05625000000000011 0.9140625 0.05625000000000011 0.9140625 0.0875000000000001 0.95625 0.0875000000000001
10 0.9875 0.07812500000000011 0.9328125 0.07812500000000011 0.9328125 0.12500000000000014 0.9875 0.12500000000000014
3 0.9828125 0.05937500000000011 0.9515625 0.05937500000000011 0.9515625 0.09218750000000012 0.9828125 0.09218750000000012
10 1 0.039062500000000125 0.971875 0.039062500000000125 0.971875 0.08906250000000013 1 0.08906250000000013