16 0.95625 0.19375000000000012 0.9 0.1937500000000001 0.9 0.23593750000000008 0.95625 0.23593750000000008
11 0.8953125 0.2140625000000001 0.8578125 0.2140625000000001 0.8578125 0.2562500000000001 0.8953125 0.2562500000000001
11 0.7921875 0.1546875000000001 0.75625 0.1546875000000001 0.75625 0.1843750000000001 0.7921875 0.1843750000000001
1 0.76875 0.2171875000000001 0.7421875 0.2171875000000001 0.7421875 0.2406250000000001 0.76875 0.2406250000000001
11 0.68125 0.1750000000000001 0.63125 0.1750000000000001 0.63125 0.2093750000000001 0.68125 0.2093750000000001
11 0.6328125 0.1687500000000001 0.6125 0.1687500000000001 0.6125 0.2078125000000001 0.6328125 0.2078125000000001
11 0.746875 0.1843750000000001 0.7328125 0.1843750000000001 0.7328125 0.2078125000000001 0.746875 0.2078125000000001
12 0.753125 0.1843750000000001 0.74375 0.1843750000000001 0.74375 0.2062500000000001 0.753125 0.2062500000000001
6 0.40625 0.19687500000000005 0.353125 0.19687500000000005 0.353125 0.23281250000000003 0.40625 0.2328125000000001
11 0.453125 0.15625000000000006 0.4375 0.15625000000000006 0.4375 0.18437500000000004 0.453125 0.18437500000000004
11 0.4203125 0.14062500000000006 0.40625 0.14062500000000006 0.40625 0.16718750000000004 0.4203125 0.16718750000000004
13 0.4765625 0.634375 0.4328125 0.634375 0.4328125 0.6625 0.4765625 0.6625
13 0.4203125000000002 0.9140625 0.3750000000000001 0.9140625 0.3750000000000001 0.9484375 0.4203125000000002 0.9484375