16 0.15625000000000008 0.5609375 0.09687500000000007 0.5609375 0.09687500000000007 0.6390625 0.15625000000000008 0.6390625
6 0.19531250000000008 0.56875 0.14062500000000008 0.56875 0.14062500000000008 0.64375 0.19531250000000008 0.64375
16 0.11875000000000009 0.696875 0.09375000000000008 0.696875 0.09375000000000008 0.75625 0.11875000000000009 0.75625
10 0.3843750000000001 0.41875 0.30937500000000007 0.41875 0.30937500000000007 0.5 0.3843750000000001 0.5
10 0.4156250000000002 0.790625 0.3812500000000001 0.790625 0.3812500000000001 0.84375 0.4156250000000002 0.84375
11 0.484375 0.29375000000000007 0.4125 0.29375000000000007 0.4125 0.3546875000000001 0.484375 0.3546875000000001
11 0.5546875 0.3265625000000001 0.525 0.3265625000000001 0.525 0.3968750000000001 0.5546875 0.3968750000000001
6 0.603125 0.19687500000000008 0.590625 0.19687500000000008 0.590625 0.21093750000000008 0.603125 0.21093750000000008
11 0.6859375 0.10468750000000009 0.6703125 0.10468750000000009 0.6703125 0.1515625000000001 0.6859375 0.1515625000000001
11 0.6671875 0.053125000000000075 0.621875 0.05312500000000007 0.621875 0.1375000000000001 0.6671875 0.1375000000000001
11 0.6859375 0.06093750000000009 0.6640625 0.06093750000000009 0.6640625 0.10000000000000009 0.6859375 0.10000000000000009
6 0.640625 0.054687500000000076 0.6296875 0.05468750000000007 0.6296875 0.06562500000000007 0.640625 0.06562500000000009
13 0.7609375 0.08437500000000009 0.7390625 0.08437500000000009 0.7390625 0.11562500000000009 0.7609375 0.11562500000000009
6 0.7921875 0.0296875000000001 0.7765625 0.0296875000000001 0.7765625 0.0421875000000001 0.7921875 0.0421875000000001
12 0.8078125 0.0296875000000001 0.790625 0.0296875000000001 0.790625 0.05156250000000009 0.8078125 0.05156250000000009
11 0.81875 0.0750000000000001 0.7703125 0.0750000000000001 0.7703125 0.10781250000000009 0.81875 0.10781250000000009
11 0.9484375 0.010937500000000112 0.89375 0.010937500000000109 0.89375 0.07812500000000011 0.9484375 0.07812500000000011
6 0.8953125 0.08125000000000011 0.8765625 0.08125000000000011 0.8765625 0.09375000000000011 0.8953125 0.09375000000000011
6 0.965625 0.04531250000000012 0.9375 0.04531250000000011 0.9375 0.07656250000000012 0.965625 0.07656250000000012
11 0.9921875 0.06562500000000011 0.9453125 0.06562500000000011 0.9453125 0.09218750000000012 0.9921875 0.09218750000000012
10 1 0.08437500000000012 0.9625 0.08437500000000012 0.9625 0.12968750000000012 1 0.12968750000000012
3 1 0.06718750000000012 0.9859375 0.06718750000000011 0.9859375 0.09687500000000013 1 0.09687500000000013
6 0.884375 0.1687500000000001 0.865625 0.1687500000000001 0.865625 0.1859375000000001 0.884375 0.1859375000000001