16 0.08281250000000008 0.60625 0.02656250000000008 0.60625 0.026562500000000083 0.6953125 0.0828125000000001 0.6953125
6 0.13437500000000008 0.6109375 0.07656250000000006 0.6109375 0.07656250000000007 0.6875 0.13437500000000008 0.6875
10 0.32500000000000007 0.428125 0.2484375000000001 0.428125 0.2484375000000001 0.515625 0.32500000000000007 0.515625
11 0.41875 0.30000000000000004 0.34375 0.3 0.34375 0.3609375 0.41875 0.3609375000000001
11 0.49375 0.3312500000000001 0.453125 0.3312500000000001 0.453125 0.3984375000000001 0.49375 0.3984375000000001
11 0.5890625 0.042187500000000065 0.55 0.042187500000000065 0.55 0.1218750000000001 0.5890625 0.1218750000000001
11 0.609375 0.04843750000000007 0.5875 0.048437500000000064 0.5875 0.08750000000000006 0.609375 0.08750000000000006
11 0.61875 0.09218750000000006 0.6046875 0.09218750000000006 0.6046875 0.14062500000000008 0.61875 0.14062500000000008
13 0.6796875 0.06250000000000008 0.659375 0.06250000000000008 0.659375 0.09687500000000009 0.6796875 0.09687500000000009
6 0.6453125 0.012500000000000077 0.634375 0.012500000000000077 0.634375 0.02968750000000008 0.6453125 0.02968750000000008
11 0.73125 0.05937500000000009 0.690625 0.05937500000000009 0.690625 0.08906250000000009 0.73125 0.08906250000000009
12 0.7203125 0.009375000000000088 0.70625 0.009375000000000086 0.70625 0.02968750000000009 0.7203125 0.02968750000000009
6 0.7953125 0.1375000000000001 0.778125 0.1375000000000001 0.778125 0.1546875000000001 0.7953125 0.1546875000000001
6 0.803125 0.05937500000000009 0.784375 0.05937500000000009 0.784375 0.07031250000000008 0.803125 0.07031250000000008
11 0.834375 0.0015625000000000992 0.7875 0.0015625000000000964 0.7875 0.0609375000000001 0.834375 0.06093750000000011
11 0.88125 0.032812500000000105 0.840625 0.0328125000000001 0.840625 0.0640625000000001 0.88125 0.0640625000000001
3 0.90625 0.034375000000000114 0.8765625 0.034375000000000114 0.8765625 0.06875000000000012 0.90625 0.06875000000000012
10 0.915625 0.057812500000000114 0.8671875 0.057812500000000114 0.8671875 0.09687500000000011 0.915625 0.09687500000000011
10 0.94375 0.012500000000000113 0.9015625 0.012500000000000112 0.9015625 0.06562500000000011 0.94375 0.06562500000000011
13 1 0.04375000000000012 0.978125 0.04375000000000012 0.978125 0.07031250000000012 1 0.07031250000000014
6 1 0.09687500000000013 0.965625 0.09687500000000011 0.965625 0.11562500000000013 1 0.11562500000000013
6 0.3890625000000001 0.815625 0.3546875000000001 0.815625 0.3546875000000001 0.8625 0.3890625000000001 0.8625
12 0.534375 0.19218750000000004 0.521875 0.19218750000000004 0.521875 0.2093750000000001 0.534375 0.2093750000000001