6 0.0468750000000001 0.684375 8.381176531664698e-17 0.684375 8.974364825001696e-17 0.78125 0.0468750000000001 0.78125
6 0.3421875000000001 0.8671875 0.3000000000000001 0.8671875 0.3000000000000001 0.928125 0.3421875000000001 0.928125
10 0.2484375000000001 0.4734375 0.16093750000000004 0.4734375 0.16093750000000007 0.571875 0.2484375000000001 0.571875
11 0.3453125 0.3515625 0.2703125 0.3515625 0.27031250000000007 0.4328125 0.3453125000000001 0.4328125
11 0.43125 0.3671875000000001 0.403125 0.3671875000000001 0.403125 0.4484375 0.43125 0.4484375
6 0.45625 0.2250000000000001 0.440625 0.2250000000000001 0.440625 0.2531250000000001 0.45625 0.2531250000000001
11 0.5 0.07187500000000006 0.4703125 0.07187500000000006 0.4703125 0.15937500000000004 0.5 0.15937500000000004
11 0.525 0.07812500000000007 0.5015625 0.07812500000000007 0.5015625 0.12343750000000005 0.525 0.12343750000000005
11 0.5390625 0.12343750000000005 0.5203125 0.12343750000000005 0.5203125 0.15937500000000004 0.5390625 0.15937500000000004
13 0.5890625 0.08906250000000007 0.56875 0.08906250000000007 0.56875 0.1218750000000001 0.5890625 0.1218750000000001
11 0.6390625 0.08437500000000007 0.6 0.08437500000000006 0.6 0.1140625000000001 0.6390625 0.1140625000000001
12 0.6265625 0.03437500000000008 0.6125 0.03437500000000008 0.6125 0.056250000000000064 0.6265625 0.056250000000000064
6 0.6109375 0.037500000000000075 0.596875 0.037500000000000075 0.596875 0.050000000000000065 0.6109375 0.050000000000000065
11 0.7265625 0.023437500000000087 0.684375 0.023437500000000083 0.684375 0.08125000000000009 0.7265625 0.08125000000000009
6 0.703125 0.07968750000000009 0.6859375 0.07968750000000009 0.6859375 0.0906250000000001 0.703125 0.0906250000000001
6 0.696875 0.1515625000000001 0.68125 0.1515625000000001 0.68125 0.17343750000000008 0.696875 0.17343750000000008
11 0.7671875 0.042187500000000086 0.7328125 0.042187500000000086 0.7328125 0.07656250000000009 0.7671875 0.07656250000000009
3 0.790625 0.0468750000000001 0.7625 0.04687500000000009 0.7625 0.08125000000000009 0.790625 0.08125000000000009
10 0.8078125 0.07187500000000009 0.759375 0.07187500000000009 0.759375 0.11250000000000009 0.8078125 0.11250000000000009
10 0.8328125 0.0281250000000001 0.79375 0.0281250000000001 0.79375 0.0781250000000001 0.8328125 0.07812500000000011
6 0.8859375 0.10468750000000009 0.8515625 0.10468750000000009 0.8515625 0.12500000000000008 0.8859375 0.12500000000000008
13 0.8890625 0.057812500000000114 0.8640625 0.057812500000000114 0.8640625 0.08281250000000011 0.8890625 0.08281250000000011
12 0.9234375 1.1184469595337938e-16 0.903125 1.1060091404799533e-16 0.903125 0.02031250000000011 0.9234375 0.02031250000000011