11 0.35 0.2484375 0.315625 0.2484375 0.315625 0.2828125 0.35 0.2828125
11 0.3859375 0.24843750000000003 0.3453125 0.2484375 0.3453125 0.28750000000000003 0.3859375 0.2875000000000001
13 0.4453125 0.2531250000000001 0.428125 0.2531250000000001 0.428125 0.2734375000000001 0.4453125 0.2734375000000001
1 0.48125 0.2921875000000001 0.4546875 0.2921875000000001 0.4546875 0.3109375000000001 0.48125 0.3109375000000001
11 0.51875 0.22812500000000008 0.4890625 0.22812500000000008 0.4890625 0.25468750000000007 0.51875 0.25468750000000007
11 0.6453125 0.2843750000000001 0.61875 0.2843750000000001 0.61875 0.32500000000000007 0.6453125 0.32500000000000007
10 0.8875 0.4359375000000002 0.8484375 0.4359375000000002 0.8484375 0.4750000000000002 0.8875 0.4750000000000002
10 0.9859375 0.3531250000000001 0.9265625 0.3531250000000001 0.9265625 0.40937500000000016 0.9859375 0.40937500000000016
11 0.12031250000000004 0.2390625 0.10312500000000005 0.2390625 0.10312500000000005 0.26875 0.12031250000000004 0.26875
11 0.15312500000000004 0.2484375 0.13750000000000004 0.2484375 0.13750000000000004 0.275 0.15312500000000004 0.275
11 0.2000000000000001 0.5421875 0.17187500000000006 0.5421875 0.17187500000000006 0.5671875 0.2000000000000001 0.5671875