6 0.2250000000000001 0.540625 0.17031250000000003 0.540625 0.17031250000000006 0.6140625 0.2250000000000001 0.6140625
16 0.18437500000000007 0.5296875 0.13125000000000003 0.5296875 0.13125000000000006 0.6078125 0.1843750000000001 0.6078125
10 0.4125 0.39843750000000006 0.3390625000000001 0.3984375 0.3390625000000001 0.4828125 0.4125 0.4828125
11 0.5125 0.27812500000000007 0.4390625 0.27812500000000007 0.4390625 0.3390625000000001 0.5125 0.3390625000000001
11 0.58125 0.3140625000000001 0.5484375 0.3140625000000001 0.5484375 0.3843750000000001 0.58125 0.3843750000000001
12 0.6328125 0.17968750000000008 0.6203125 0.17968750000000008 0.6203125 0.19687500000000008 0.6328125 0.19687500000000008
11 0.696875 0.034375000000000086 0.659375 0.03437500000000008 0.659375 0.11093750000000009 0.696875 0.11093750000000009
11 0.715625 0.042187500000000086 0.69375 0.042187500000000086 0.69375 0.08750000000000009 0.715625 0.08750000000000009
11 0.71875 0.0906250000000001 0.703125 0.0906250000000001 0.703125 0.13437500000000008 0.71875 0.13437500000000008
13 0.79375 0.06875000000000009 0.7703125 0.06875000000000009 0.7703125 0.10312500000000009 0.79375 0.10312500000000009
6 0.825 0.0171875000000001 0.8109375 0.0171875000000001 0.8109375 0.0296875000000001 0.825 0.0296875000000001
12 0.84375 0.018750000000000103 0.8234375 0.0187500000000001 0.8234375 0.0390625000000001 0.84375 0.0390625000000001
11 0.853125 0.0656250000000001 0.8078125 0.06562500000000009 0.8078125 0.0984375000000001 0.853125 0.09843750000000011
11 0.9859375 0.004687500000000117 0.928125 0.0046875000000001135 0.928125 0.07343750000000011 0.9859375 0.07343750000000011
6 0.9203125 0.1593750000000001 0.9015625 0.1593750000000001 0.9015625 0.1796875000000001 0.9203125 0.17968750000000014
6 0.4437500000000002 0.7703125 0.40937500000000016 0.7703125 0.40937500000000016 0.81875 0.4437500000000002 0.81875