10 0.1906250000000001 0.56875 0.09843750000000007 0.56875 0.09843750000000008 0.6703125 0.1906250000000001 0.6703125
6 0.1437500000000001 0.740625 0.11562500000000009 0.740625 0.11562500000000009 0.7875 0.1437500000000001 0.7875
6 0.2312500000000001 0.9546875 0.19062500000000013 0.9546875 0.19062500000000013 1 0.2312500000000001 1
11 0.2953125000000001 0.4 0.2171875000000001 0.4 0.2171875000000001 0.478125 0.2953125000000001 0.478125
11 0.3921875000000001 0.415625 0.3531250000000001 0.415625 0.3531250000000001 0.4796875 0.3921875000000001 0.4796875
11 0.46875 0.17968750000000006 0.4546875 0.17968750000000006 0.4546875 0.2218750000000001 0.46875 0.2218750000000001
11 0.453125 0.12812500000000004 0.4203125 0.12812500000000004 0.4203125 0.18750000000000006 0.453125 0.18750000000000006
11 0.4734375 0.13593750000000004 0.4515625 0.13593750000000004 0.4515625 0.17656250000000004 0.4734375 0.17656250000000004
13 0.540625 0.15156250000000004 0.5203125 0.15156250000000004 0.5203125 0.18125000000000005 0.540625 0.18125000000000005
6 0.5640625 0.10000000000000009 0.5515625 0.10000000000000009 0.5515625 0.10937500000000008 0.5640625 0.10937500000000008
12 0.5796875 0.09843750000000007 0.5625 0.09843750000000007 0.5625 0.11562500000000009 0.5796875 0.11562500000000009
11 0.5921875 0.13281250000000008 0.553125 0.13281250000000008 0.553125 0.1703125000000001 0.5921875 0.1703125000000001
6 0.659375 0.12656250000000008 0.64375 0.12656250000000008 0.64375 0.1375000000000001 0.659375 0.1375000000000001
6 0.6578125 0.21093750000000008 0.6421875 0.21093750000000008 0.6421875 0.2250000000000001 0.6578125 0.2250000000000001
11 0.709375 0.05312500000000009 0.6625 0.05312500000000009 0.6625 0.11875000000000009 0.709375 0.11875000000000009
11 0.7421875 0.1062500000000001 0.70625 0.1062500000000001 0.70625 0.1296875000000001 0.7421875 0.1296875000000001
10 0.759375 0.12343750000000009 0.7125 0.12343750000000009 0.7125 0.1625000000000001 0.759375 0.1625000000000001
10 0.775 0.0750000000000001 0.7390625 0.0750000000000001 0.7390625 0.11718750000000008 0.775 0.11718750000000008
3 0.771875 0.10468750000000009 0.7453125 0.10468750000000009 0.7453125 0.13437500000000008 0.771875 0.13437500000000008
6 0.840625 0.1453125000000001 0.80625 0.1453125000000001 0.80625 0.1625000000000001 0.840625 0.1625000000000001
6 0.809375 0.06250000000000008 0.796875 0.06250000000000008 0.796875 0.07812500000000008 0.809375 0.07812500000000008
13 0.83125 0.10156250000000008 0.8078125 0.10156250000000008 0.8078125 0.12343750000000009 0.83125 0.12343750000000009
12 0.8796875 0.04218750000000011 0.85625 0.0421875000000001 0.85625 0.06093750000000011 0.8796875 0.06093750000000011
11 0.9875 0.028125000000000115 0.95 0.02812500000000011 0.95 0.057812500000000114 0.9875 0.057812500000000114