13 0.5265625 0.6046875 0.4859375 0.6046875 0.4859375 0.63125 0.5265625 0.63125
13 0.4734375000000002 0.890625 0.4312500000000002 0.890625 0.4312500000000002 0.9296875 0.4734375000000002 0.9296875
6 0.45625 0.16562500000000005 0.4109375 0.16562500000000005 0.4109375 0.20312500000000008 0.45625 0.20312500000000008
11 0.4671875 0.11093750000000005 0.453125 0.11093750000000005 0.453125 0.13750000000000004 0.4671875 0.13750000000000004
11 0.4984375 0.12812500000000004 0.484375 0.12812500000000004 0.484375 0.15625000000000006 0.4984375 0.15625000000000006
11 0.684375 0.1375000000000001 0.6640625 0.1375000000000001 0.6640625 0.1781250000000001 0.684375 0.1781250000000001
11 0.73125 0.1437500000000001 0.6796875 0.1437500000000001 0.6796875 0.17968750000000008 0.73125 0.17968750000000008
11 0.796875 0.1531250000000001 0.784375 0.1531250000000001 0.784375 0.1765625000000001 0.796875 0.1765625000000001
12 0.8046875 0.1546875000000001 0.7953125 0.1546875000000001 0.7953125 0.1750000000000001 0.8046875 0.1750000000000001
1 0.8171875 0.18750000000000008 0.7921875 0.18750000000000008 0.7921875 0.2093750000000001 0.8171875 0.2093750000000001
11 0.840625 0.1218750000000001 0.809375 0.1218750000000001 0.809375 0.1515625000000001 0.840625 0.1515625000000001
6 0.79375 0.11875000000000009 0.7828125 0.11875000000000009 0.7828125 0.13281250000000008 0.79375 0.13281250000000008
6 0.825 0.1140625000000001 0.815625 0.1140625000000001 0.815625 0.12656250000000008 0.825 0.12656250000000008
11 0.940625 0.17968750000000014 0.9078125 0.17968750000000014 0.9078125 0.2218750000000001 0.940625 0.2218750000000001
16 1 0.16250000000000014 0.95 0.16250000000000014 0.95 0.2078125000000001 1 0.2078125000000001
13 0.784375 0.14843750000000008 0.765625 0.14843750000000008 0.765625 0.16562500000000008 0.784375 0.16562500000000008