13 0.19531250000000014 0.928125 0.14687500000000014 0.928125 0.14687500000000014 0.965625 0.19531250000000014 0.965625
13 0.2093750000000001 0.5953125 0.17187500000000008 0.5953125 0.17187500000000008 0.625 0.2093750000000001 0.625
6 0.06406250000000002 0.1625 0.007812500000000019 0.1625 0.007812500000000023 0.196875 0.06406250000000002 0.196875
11 0.07343750000000002 0.0984375 0.059375000000000025 0.0984375 0.059375000000000025 0.125 0.07343750000000002 0.125
11 0.1109375 0.1140625 0.09531250000000002 0.1140625 0.09531250000000002 0.15 0.1109375 0.15
11 0.3015625 0.11406250000000004 0.2703125 0.11406250000000004 0.2703125 0.16250000000000003 0.3015625 0.16250000000000003
11 0.3390625 0.10781250000000005 0.315625 0.10781250000000005 0.315625 0.14843750000000006 0.3390625 0.14843750000000006
11 0.38125 0.10312500000000005 0.3390625 0.10312500000000005 0.3390625 0.13906250000000003 0.38125 0.13906250000000003
13 0.4015625 0.12812500000000004 0.38125 0.12812500000000004 0.38125 0.15156250000000004 0.4015625 0.15156250000000004
1 0.434375 0.15625000000000006 0.40625 0.15625000000000006 0.40625 0.17656250000000004 0.434375 0.17656250000000004
11 0.4234375 0.12343750000000005 0.409375 0.12343750000000005 0.409375 0.14843750000000006 0.4234375 0.14843750000000006
12 0.4296875 0.12343750000000005 0.4203125 0.12343750000000005 0.4203125 0.14375000000000004 0.4296875 0.14375000000000004
11 0.4515625 0.09531250000000005 0.428125 0.09531250000000005 0.428125 0.12968750000000004 0.4515625 0.12968750000000004
6 0.4015625 0.2078125000000001 0.384375 0.2078125000000001 0.384375 0.2234375000000001 0.4015625 0.2234375000000001
11 0.5390625 0.12968750000000004 0.5125 0.12968750000000004 0.5125 0.17031250000000003 0.5390625 0.17031250000000003
16 0.615625 0.11718750000000008 0.559375 0.11718750000000008 0.559375 0.1531250000000001 0.615625 0.1531250000000001
13 0.903125 0.2656250000000001 0.8625 0.2656250000000001 0.8625 0.2984375000000001 0.903125 0.2984375000000001