6 0.06875000000000009 0.6671875 0.004687500000000082 0.6671875 0.004687500000000087 0.75625 0.06875000000000009 0.75625
10 0.2656250000000001 0.4578125 0.18437500000000004 0.4578125 0.18437500000000007 0.5515625 0.2656250000000001 0.5515625
6 0.3531250000000001 0.85625 0.31718750000000007 0.85625 0.31718750000000007 0.9078125 0.3531250000000001 0.9078125
11 0.35781250000000003 0.3296875 0.2828125 0.3296875 0.2828125 0.3984375 0.3578125000000001 0.3984375
11 0.44375 0.3500000000000001 0.4234375 0.3500000000000001 0.4234375 0.425 0.44375 0.425
6 0.4734375 0.2156250000000001 0.459375 0.2156250000000001 0.459375 0.2328125000000001 0.4734375 0.2328125000000001
11 0.51875 0.06718750000000007 0.4859375 0.06718750000000007 0.4859375 0.15000000000000005 0.51875 0.15000000000000005
11 0.5421875 0.07031250000000007 0.5203125 0.07031250000000007 0.5203125 0.10937500000000004 0.5421875 0.10937500000000004
11 0.553125 0.11406250000000007 0.5390625 0.11406250000000004 0.5390625 0.15468750000000006 0.553125 0.1546875000000001
6 0.5734375 0.029687500000000068 0.5625 0.029687500000000068 0.5625 0.048437500000000064 0.5734375 0.048437500000000064
13 0.6078125 0.07968750000000006 0.5875 0.07968750000000006 0.5875 0.11093750000000009 0.6078125 0.11093750000000009
6 0.6296875 0.025000000000000078 0.6171875 0.025000000000000078 0.6171875 0.037500000000000075 0.6296875 0.037500000000000075
12 0.6453125 0.025000000000000078 0.63125 0.025000000000000078 0.63125 0.04375000000000008 0.6453125 0.04375000000000008
11 0.6578125 0.07343750000000007 0.6171875 0.07343750000000007 0.6171875 0.10000000000000009 0.6578125 0.10000000000000009
6 0.71875 0.14218750000000008 0.7015625 0.14218750000000008 0.7015625 0.1593750000000001 0.71875 0.1593750000000001
11 0.7484375 0.012500000000000091 0.7046875 0.01250000000000009 0.7046875 0.06875000000000009 0.7484375 0.06875000000000009
6 0.721875 0.07031250000000008 0.70625 0.07031250000000008 0.70625 0.07968750000000009 0.721875 0.07968750000000009
11 0.790625 0.03281250000000009 0.7546875 0.03281250000000009 0.7546875 0.0671875000000001 0.790625 0.0671875000000001
10 0.8296875 0.0625000000000001 0.7796875 0.06250000000000008 0.7796875 0.10312500000000009 0.8296875 0.10312500000000009
3 0.8140625 0.0390625000000001 0.7859375 0.0390625000000001 0.7859375 0.07187500000000009 0.8140625 0.07187500000000009
10 0.853125 0.018750000000000103 0.815625 0.0187500000000001 0.815625 0.0687500000000001 0.853125 0.06875000000000012
6 0.9109375 0.09375000000000011 0.8765625 0.09375000000000011 0.8765625 0.1109375000000001 0.9109375 0.11093750000000013
13 0.9125 0.04843750000000011 0.8890625 0.04843750000000011 0.8890625 0.07343750000000011 0.9125 0.07343750000000011