6 0.0671875000000001 0.690625 0.004687500000000085 0.690625 0.00468750000000009 0.784375 0.0671875000000001 0.784375
10 0.2640625000000001 0.4796875 0.17812500000000003 0.4796875 0.17812500000000006 0.575 0.2640625000000001 0.575
11 0.36406250000000007 0.36250000000000004 0.2921875 0.3625 0.29218750000000004 0.45625 0.36406250000000007 0.45625
11 0.440625 0.3781250000000001 0.4140625 0.3781250000000001 0.4140625 0.453125 0.440625 0.453125
6 0.4671875 0.2375000000000001 0.453125 0.2375000000000001 0.453125 0.2562500000000001 0.4671875 0.2562500000000001
11 0.5109375 0.08593750000000007 0.478125 0.08593750000000007 0.478125 0.17500000000000004 0.5109375 0.17500000000000004
11 0.534375 0.08750000000000006 0.5109375 0.08750000000000006 0.5109375 0.13437500000000005 0.534375 0.13437500000000005
11 0.55 0.13593750000000007 0.534375 0.13593750000000004 0.534375 0.17656250000000007 0.55 0.1765625000000001
13 0.6 0.09843750000000007 0.578125 0.09843750000000007 0.578125 0.1312500000000001 0.6 0.1312500000000001
6 0.6203125 0.04375000000000008 0.6078125 0.04375000000000008 0.6078125 0.056250000000000064 0.6203125 0.056250000000000064
12 0.6375 0.04218750000000008 0.6234375 0.04218750000000008 0.6234375 0.06250000000000008 0.6375 0.06250000000000008
11 0.6484375 0.09375000000000008 0.6078125 0.09375000000000007 0.6078125 0.12031250000000009 0.6484375 0.12031250000000009
11 0.7375 0.03281250000000009 0.69375 0.03281250000000009 0.69375 0.0906250000000001 0.7375 0.0906250000000001
6 0.7078125 0.1609375000000001 0.6921875 0.1609375000000001 0.6921875 0.1781250000000001 0.7078125 0.1781250000000001
11 0.7765625 0.050000000000000086 0.74375 0.050000000000000086 0.74375 0.0828125000000001 0.7765625 0.0828125000000001
3 0.8 0.05625000000000009 0.771875 0.05625000000000009 0.771875 0.08906250000000009 0.8 0.08906250000000009
10 0.81875 0.0796875000000001 0.771875 0.07968750000000009 0.771875 0.11875000000000009 0.81875 0.11875000000000009
10 0.84375 0.0359375000000001 0.80625 0.0359375000000001 0.80625 0.0859375000000001 0.84375 0.08593750000000011
6 0.896875 0.11093750000000009 0.8625 0.11093750000000009 0.8625 0.1312500000000001 0.896875 0.1312500000000001
13 0.9 0.06562500000000011 0.8765625 0.06562500000000011 0.8765625 0.09062500000000011 0.9 0.09062500000000011
12 0.9375 0.006250000000000112 0.915625 0.006250000000000111 0.915625 0.02812500000000011 0.9375 0.02812500000000011
6 0.3593750000000001 0.88125 0.3234375000000001 0.88125 0.3234375000000001 0.93125 0.3593750000000001 0.93125
13 0.58125 0.07343750000000007 0.559375 0.07343750000000007 0.559375 0.09218750000000006 0.58125 0.09218750000000006