16 0.12656250000000008 0.596875 0.06718750000000007 0.596875 0.06718750000000008 0.6734375 0.12656250000000008 0.6734375
6 0.16562500000000008 0.6015625 0.10937500000000008 0.6015625 0.10937500000000008 0.6796875 0.16562500000000008 0.6796875
10 0.3593750000000001 0.4375 0.2843750000000001 0.4375 0.2843750000000001 0.5265625 0.3593750000000001 0.5265625
11 0.459375 0.3109375000000001 0.3859375 0.3109375000000001 0.38593750000000004 0.3765625000000001 0.459375 0.3765625000000001
11 0.5296875 0.34062500000000007 0.503125 0.34062500000000007 0.503125 0.4140625 0.5296875 0.4140625
12 0.5765625 0.21093750000000008 0.5625 0.21093750000000008 0.5625 0.22656250000000008 0.5765625 0.22656250000000008
11 0.6359375 0.06718750000000008 0.5953125 0.06718750000000007 0.5953125 0.1390625000000001 0.6359375 0.1390625000000001
11 0.6546875 0.07500000000000008 0.634375 0.07500000000000007 0.634375 0.11875000000000009 0.6546875 0.11875000000000009
11 0.6546875 0.11875000000000009 0.6390625 0.11875000000000009 0.6390625 0.16406250000000008 0.6546875 0.16406250000000008
6 0.6921875 0.04531250000000008 0.6796875 0.045312500000000075 0.6796875 0.06093750000000009 0.6921875 0.06093750000000009
13 0.7265625 0.09687500000000009 0.70625 0.09687500000000009 0.70625 0.1281250000000001 0.7265625 0.1281250000000001
6 0.75625 0.04375000000000009 0.7421875 0.04375000000000009 0.7421875 0.05625000000000009 0.75625 0.05625000000000009
12 0.7734375 0.045312500000000096 0.7546875 0.04531250000000009 0.7546875 0.06406250000000009 0.7734375 0.06406250000000009
11 0.7828125 0.0906250000000001 0.740625 0.0906250000000001 0.740625 0.12343750000000009 0.7828125 0.12343750000000009
6 0.85 0.18125000000000008 0.8328125 0.18125000000000008 0.8328125 0.1984375000000001 0.85 0.1984375000000001
6 0.859375 0.0953125000000001 0.840625 0.0953125000000001 0.840625 0.1062500000000001 0.859375 0.1062500000000001
11 0.9109375 0.023437500000000108 0.8578125 0.023437500000000104 0.8578125 0.09062500000000011 0.9109375 0.09062500000000011
11 0.953125 0.07812500000000011 0.909375 0.07812500000000011 0.909375 0.10312500000000013 0.953125 0.10312500000000013
10 0.9765625 0.10000000000000013 0.925 0.10000000000000013 0.925 0.14531250000000012 0.9765625 0.14531250000000012
3 0.9796875 0.08125000000000011 0.9484375 0.08125000000000011 0.9484375 0.11250000000000013 0.9796875 0.11250000000000013
10 1 0.053125000000000124 0.959375 0.05312500000000011 0.959375 0.10625000000000014 1 0.10625000000000014
6 0.3906250000000001 0.815625 0.35625000000000007 0.815625 0.35625000000000007 0.859375 0.3906250000000001 0.859375