10 0.3812500000000001 0.415625 0.3125000000000001 0.415625 0.3125000000000001 0.4734375 0.3812500000000001 0.4734375
10 0.4515625 0.30156250000000007 0.4078125 0.30156250000000007 0.4078125 0.3671875000000001 0.4515625 0.3671875000000001
10 0.4828125 0.3703125000000001 0.4453125 0.3703125000000001 0.4453125 0.3937500000000001 0.4828125 0.3937500000000001
11 0.4765625 0.27812500000000007 0.4453125 0.27812500000000007 0.4453125 0.3296875000000001 0.4765625 0.3296875000000001
13 0.4890625 0.3109375000000001 0.465625 0.3109375000000001 0.465625 0.3390625000000001 0.4890625 0.3390625000000001
3 0.5140625 0.3046875000000001 0.484375 0.3046875000000001 0.484375 0.3390625000000001 0.5140625 0.3390625000000001
11 0.4875 0.2000000000000001 0.4359375 0.2000000000000001 0.4359375 0.2687500000000001 0.4875 0.2687500000000001
10 0.5265625 0.2093750000000001 0.484375 0.2093750000000001 0.484375 0.23437500000000008 0.5265625 0.23437500000000008
11 0.5875 0.45 0.5484375 0.45 0.5484375 0.4828125 0.5875 0.4828125
12 0.040625000000000064 0.5015625 0.012500000000000061 0.5015625 0.012500000000000063 0.528125 0.040625000000000064 0.528125
11 0.06875000000000006 0.4859375 0.045312500000000054 0.4859375 0.04531250000000006 0.5578125 0.06875000000000006 0.5578125
11 0.09218750000000006 0.4609375 0.06406250000000006 0.4609375 0.06406250000000006 0.5734375 0.09218750000000006 0.5734375
13 0.03593750000000008 0.5953125 7.290475476174086e-17 0.5953125 7.63490738843428e-17 0.6515625 0.03593750000000008 0.6515625
11 0.10781250000000009 0.5734375 0.04531250000000007 0.5734375 0.045312500000000075 0.6421875 0.10781250000000009 0.6421875
13 0.5125 0.22656250000000008 0.4828125 0.22656250000000008 0.4828125 0.2593750000000001 0.5125 0.2593750000000001