11 0.3312500000000001 0.46875 0.2796875000000001 0.46875 0.2796875000000001 0.5109375 0.3312500000000001 0.5109375
6 0.3203125 0.3203125 0.3078125 0.3203125 0.3078125 0.3375 0.3203125 0.3375
11 0.2093750000000001 0.453125 0.12500000000000006 0.453125 0.12500000000000006 0.5328125 0.2093750000000001 0.5328125
10 0.09531250000000009 0.653125 0.0015625000000000799 0.653125 0.0015625000000000868 0.765625 0.09531250000000009 0.765625
11 0.3859375 0.21875000000000008 0.36875 0.21875000000000008 0.36875 0.2640625000000001 0.3859375 0.2640625000000001
11 0.3703125 0.17031250000000003 0.340625 0.17031250000000003 0.340625 0.22656250000000006 0.3703125 0.22656250000000008
11 0.3875 0.17812500000000003 0.36875 0.17812500000000003 0.36875 0.21250000000000008 0.3875 0.21250000000000008
13 0.459375 0.18750000000000006 0.4390625 0.18750000000000006 0.4390625 0.2171875000000001 0.459375 0.2171875000000001
6 0.48125 0.13281250000000006 0.46875 0.13281250000000006 0.46875 0.14531250000000004 0.48125 0.14531250000000004
12 0.496875 0.13281250000000006 0.4796875 0.13281250000000006 0.4796875 0.14843750000000006 0.496875 0.14843750000000006
11 0.5078125 0.16718750000000004 0.4734375 0.16718750000000004 0.4734375 0.20468750000000008 0.5078125 0.20468750000000008
6 0.575 0.15781250000000008 0.5609375 0.15781250000000008 0.5609375 0.1703125000000001 0.575 0.1703125000000001
6 0.5765625 0.24375000000000008 0.5609375 0.24375000000000008 0.5609375 0.2593750000000001 0.5765625 0.2593750000000001
11 0.625 0.08125000000000007 0.58125 0.08125000000000007 0.58125 0.1468750000000001 0.625 0.1468750000000001
11 0.6578125 0.1359375000000001 0.621875 0.1359375000000001 0.621875 0.15625000000000008 0.6578125 0.15625000000000008
10 0.671875 0.1531250000000001 0.625 0.1531250000000001 0.625 0.1906250000000001 0.671875 0.1906250000000001
10 0.6828125 0.10312500000000009 0.6515625 0.10312500000000009 0.6515625 0.1468750000000001 0.6828125 0.1468750000000001
3 0.6859375 0.1359375000000001 0.6609375 0.1359375000000001 0.6609375 0.16562500000000008 0.6859375 0.16562500000000008
13 0.734375 0.12656250000000008 0.7140625 0.12656250000000008 0.7140625 0.14843750000000008 0.734375 0.14843750000000008
6 0.746875 0.17187500000000008 0.715625 0.17187500000000008 0.715625 0.1859375000000001 0.746875 0.1859375000000001
12 0.7796875 0.06562500000000009 0.759375 0.06562500000000009 0.759375 0.08593750000000008 0.7796875 0.08593750000000008
11 0.875 0.05156250000000011 0.84375 0.05156250000000011 0.84375 0.08593750000000011 0.875 0.08593750000000011
10 0.928125 0.04687500000000011 0.896875 0.04687500000000011 0.896875 0.10468750000000011 0.928125 0.10468750000000013
11 0.9421875 0.13750000000000012 0.93125 0.13750000000000012 0.93125 0.16406250000000014 0.9421875 0.16406250000000014
11 0.9546875 0.13281250000000014 0.940625 0.13281250000000014 0.940625 0.16562500000000013 0.9546875 0.16562500000000013
6 0.039062500000000104 0.840625 0.009375000000000102 0.840625 0.009375000000000105 0.88125 0.03906250000000011 0.88125