13 0.7812500000000002 0.84375 0.6890625000000001 0.84375 0.6890625000000001 0.9859375 0.7812500000000002 0.9859375
12 0.875 0.3703125000000001 0.85625 0.3703125000000001 0.85625 0.39531250000000007 0.875 0.39531250000000007
0 0.8546875 0.3546875000000001 0.84375 0.3546875000000001 0.84375 0.3687500000000001 0.8546875 0.3687500000000001
0 0.8953125 0.3515625000000001 0.8828125 0.3515625000000001 0.8828125 0.3671875000000001 0.8953125 0.3671875000000001
0 0.953125 0.2921875000000001 0.94375 0.2921875000000001 0.94375 0.3046875000000001 0.953125 0.3046875000000001
16 0.928125 0.3390625000000001 0.890625 0.3390625000000001 0.890625 0.3906250000000001 0.928125 0.3906250000000001
13 0.9328125 0.20312500000000008 0.9140625 0.20312500000000008 0.9140625 0.23437500000000008 0.9328125 0.23437500000000008
11 0.9671875 0.2296875000000001 0.940625 0.2296875000000001 0.940625 0.2890625000000001 0.9671875 0.2890625000000001
11 1 0.4812500000000002 0.9671875 0.4812500000000002 0.9671875 0.5265625000000002 1 0.5265625000000002
15 0.9546875 0.3750000000000001 0.89375 0.3750000000000001 0.89375 0.4437500000000002 0.9546875 0.4437500000000002
6 0.940625 0.3515625000000001 0.9328125 0.3515625000000001 0.9328125 0.37187500000000007 0.940625 0.37187500000000007
6 0.95625 0.3531250000000001 0.9390625 0.3531250000000001 0.9390625 0.3703125000000001 0.95625 0.3703125000000001
6 0.9578125 0.3687500000000001 0.946875 0.3687500000000001 0.946875 0.37968750000000007 0.9578125 0.37968750000000007