10 0.3984375000000001 0.8375 0.33281250000000007 0.8375 0.33281250000000007 0.9484375 0.3984375000000001 0.9484375
11 0.290625 0.325 0.2671875 0.325 0.2671875 0.396875 0.2906250000000001 0.396875
11 0.3140625 0.3078125 0.2859375 0.3078125 0.28593750000000007 0.40625 0.3140625000000001 0.40625
11 0.3546875000000001 0.39375 0.29375000000000007 0.39375 0.29375000000000007 0.4390625 0.3546875000000001 0.4390625
13 0.3000000000000001 0.4015625 0.2687500000000001 0.4015625 0.2687500000000001 0.4578125 0.3000000000000001 0.4578125
11 0.05937500000000005 0.3890625 0.01250000000000005 0.3890625 0.012500000000000056 0.5171875 0.05937500000000007 0.5171875
11 0.05937500000000005 0.4484375 0.03593750000000005 0.4484375 0.03593750000000006 0.5078125 0.05937500000000007 0.5078125
11 0.09218750000000005 0.3640625 0.059375000000000046 0.3640625 0.059375000000000046 0.425 0.09218750000000005 0.425
12 0.08906250000000007 0.4640625 0.06875000000000006 0.4640625 0.06875000000000006 0.4984375 0.08906250000000007 0.4984375
6 0.06718750000000007 0.5625 0.03593750000000007 0.5625 0.035937500000000074 0.6109375 0.06718750000000007 0.6109375
10 0.6453125 0.3140625000000001 0.575 0.3140625000000001 0.575 0.3734375000000001 0.6453125 0.3734375000000001
10 0.70625 0.2296875000000001 0.6640625 0.2296875000000001 0.6640625 0.2890625000000001 0.70625 0.2890625000000001
10 0.7515625 0.3062500000000001 0.70625 0.3062500000000001 0.70625 0.3281250000000001 0.7515625 0.3281250000000001
11 0.73125 0.22812500000000008 0.7046875 0.22812500000000008 0.7046875 0.2828125000000001 0.73125 0.2828125000000001
13 0.7484375 0.2468750000000001 0.7234375 0.2468750000000001 0.7234375 0.2750000000000001 0.7484375 0.2750000000000001
3 0.7765625 0.21875000000000008 0.74375 0.21875000000000008 0.74375 0.2531250000000001 0.7765625 0.2531250000000001
13 0.7359375 0.1765625000000001 0.7046875 0.1765625000000001 0.7046875 0.2171875000000001 0.7359375 0.2171875000000001
11 0.7078125 0.1437500000000001 0.6484375 0.1437500000000001 0.6484375 0.22656250000000008 0.7078125 0.22656250000000008
10 0.80625 0.13437500000000008 0.765625 0.13437500000000008 0.765625 0.1703125000000001 0.80625 0.1703125000000001
11 0.8671875 0.3500000000000001 0.846875 0.3500000000000001 0.846875 0.3843750000000001 0.8671875 0.3843750000000001