11 0.09218750000000006 0.3625 0.04687500000000004 0.3625 0.04687500000000005 0.4828125 0.09218750000000006 0.4828125
11 0.08906250000000006 0.425 0.06562500000000004 0.425 0.06562500000000006 0.478125 0.08906250000000007 0.478125
6 0.08593750000000007 0.5703125 0.05937500000000007 0.5703125 0.05937500000000007 0.6046875 0.08593750000000007 0.6046875
11 0.12500000000000006 0.353125 0.09375000000000004 0.353125 0.09375000000000004 0.4046875 0.12500000000000006 0.4046875
11 0.31093750000000003 0.315625 0.2765625 0.315625 0.27656250000000004 0.3859375 0.3109375000000001 0.3859375
11 0.33593750000000006 0.3078125 0.2859375 0.3078125 0.28593750000000007 0.4046875 0.3359375000000001 0.4046875
13 0.32500000000000007 0.3984375 0.2921875000000001 0.3984375 0.2921875000000001 0.4453125 0.32500000000000007 0.4453125
11 0.3781250000000001 0.384375 0.3218750000000001 0.384375 0.3218750000000001 0.4234375 0.3781250000000001 0.4234375
10 0.671875 0.3187500000000001 0.6015625 0.3187500000000001 0.6015625 0.3734375000000001 0.671875 0.3734375000000001
13 0.7484375 0.1859375000000001 0.7203125 0.1859375000000001 0.7203125 0.22812500000000008 0.7484375 0.22812500000000008
3 0.79375 0.22812500000000008 0.7640625 0.22812500000000008 0.7640625 0.2718750000000001 0.79375 0.2718750000000001
11 0.7234375 0.1609375000000001 0.6640625 0.1609375000000001 0.6640625 0.2453125000000001 0.7234375 0.2453125000000001
10 0.7296875 0.2375000000000001 0.6859375 0.2375000000000001 0.6859375 0.3000000000000001 0.7296875 0.3000000000000001
11 0.7453125 0.2375000000000001 0.728125 0.2375000000000001 0.728125 0.2953125000000001 0.7453125 0.2953125000000001
13 0.76875 0.2562500000000001 0.7421875 0.2562500000000001 0.7421875 0.28593750000000007 0.76875 0.28593750000000007
15 0.24843750000000003 0.3578125 0.215625 0.3578125 0.21562500000000004 0.3859375 0.2484375000000001 0.3859375
10 0.4984375000000002 0.8015625 0.4437500000000002 0.8015625 0.4437500000000002 0.9 0.4984375000000002 0.9
11 0.9 0.34843750000000007 0.875 0.34843750000000007 0.875 0.3843750000000001 0.9 0.3843750000000001