10 0.5203125 0.2984375000000001 0.478125 0.2984375000000001 0.478125 0.3625000000000001 0.5203125 0.3625000000000001
10 0.45 0.4046875 0.3828125000000001 0.4046875 0.3828125000000001 0.4625 0.45 0.4625
11 0.5515625 0.19375000000000006 0.4984375 0.19375000000000003 0.4984375 0.2656250000000001 0.5515625 0.2656250000000001
11 0.546875 0.2765625000000001 0.5171875 0.2765625000000001 0.5171875 0.33281250000000007 0.546875 0.33281250000000007
10 0.5625 0.3671875000000001 0.5125 0.3671875000000001 0.5125 0.3937500000000001 0.5625 0.3937500000000001
13 0.5578125 0.3078125000000001 0.5359375 0.3078125000000001 0.5359375 0.3375000000000001 0.5578125 0.3375000000000001
3 0.584375 0.2984375000000001 0.553125 0.2984375000000001 0.553125 0.3390625000000001 0.584375 0.3390625000000001
13 0.575 0.22656250000000008 0.5484375 0.22656250000000008 0.5484375 0.26250000000000007 0.575 0.26250000000000007
10 0.590625 0.2062500000000001 0.5546875 0.2062500000000001 0.5546875 0.2296875000000001 0.590625 0.2296875000000001
11 0.6578125 0.4390625 0.621875 0.4390625 0.621875 0.475 0.6578125 0.475
12 0.07031250000000007 0.496875 0.05312500000000007 0.496875 0.05312500000000007 0.521875 0.07031250000000007 0.521875
12 0.11875000000000005 0.4796875 0.09531250000000006 0.4796875 0.09531250000000006 0.50625 0.11875000000000005 0.50625
13 0.1140625000000001 0.575 0.06718750000000007 0.575 0.06718750000000007 0.628125 0.1140625000000001 0.628125
11 0.17968750000000008 0.553125 0.12031250000000009 0.553125 0.12031250000000009 0.61875 0.17968750000000008 0.61875
11 0.13437500000000008 0.471875 0.10937500000000004 0.471875 0.10937500000000007 0.5453125 0.13437500000000008 0.5453125
11 0.16093750000000007 0.4546875 0.12500000000000006 0.4546875 0.12500000000000006 0.559375 0.1609375000000001 0.559375