6 0.14218750000000008 0.525 0.12500000000000006 0.525 0.12500000000000006 0.5484375 0.14218750000000008 0.5484375
6 0.12812500000000004 0.425 0.11250000000000004 0.425 0.11250000000000004 0.4421875 0.12812500000000004 0.4421875
11 0.02812500000000006 0.4734375 0.0015625000000000582 0.4734375 0.0015625000000000615 0.525 0.028125000000000067 0.525
12 0.012500000000000056 0.453125 5.5491808086364444e-17 0.453125 5.65442389293817e-17 0.4703125 0.012500000000000056 0.4703125
11 0.18906250000000005 0.3140625 0.14843750000000006 0.3140625 0.14843750000000006 0.3859375 0.18906250000000005 0.3859375
10 0.23750000000000004 0.33125 0.2046875 0.33125 0.20468750000000005 0.3703125 0.2375000000000001 0.3703125
11 0.2390625000000001 0.3671875 0.2015625000000001 0.3671875 0.2015625000000001 0.390625 0.2390625000000001 0.390625
10 0.2390625000000001 0.3890625 0.18750000000000006 0.3890625 0.18750000000000006 0.4328125 0.2390625000000001 0.4328125
6 0.3109375000000001 0.3703125 0.2812500000000001 0.3703125 0.2812500000000001 0.390625 0.3109375000000001 0.390625
3 0.27812500000000007 0.3546875 0.2515625 0.3546875 0.2515625 0.3859375 0.27812500000000007 0.3859375
13 0.284375 0.334375 0.26875 0.334375 0.26875 0.3578125 0.284375 0.3578125
6 0.271875 0.30625 0.2609375 0.30625 0.2609375 0.325 0.271875 0.325
12 0.328125 0.259375 0.3078125 0.259375 0.3078125 0.278125 0.328125 0.278125
11 0.3953125 0.2468750000000001 0.38125 0.2468750000000001 0.38125 0.2671875000000001 0.3953125 0.2671875000000001
10 0.475 0.2843750000000001 0.453125 0.2843750000000001 0.453125 0.3265625000000001 0.475 0.3265625000000001
11 0.4875 0.3109375000000001 0.4578125 0.3109375000000001 0.4578125 0.3312500000000001 0.4875 0.3312500000000001
11 0.4859375 0.3234375000000001 0.465625 0.3234375000000001 0.465625 0.34062500000000007 0.4859375 0.34062500000000007