11 0.07343750000000006 0.428125 0.02343750000000005 0.428125 0.02343750000000006 0.5609375 0.07343750000000007 0.5609375
11 0.07656250000000006 0.4828125 0.05468750000000007 0.4828125 0.05468750000000007 0.54375 0.07656250000000006 0.54375
11 0.10468750000000004 0.3828125 0.07187500000000005 0.3828125 0.07187500000000005 0.446875 0.10468750000000004 0.446875
6 0.10468750000000009 0.55 0.07812500000000007 0.55 0.07812500000000007 0.5796875 0.10468750000000009 0.5796875
12 0.11718750000000004 0.4890625 0.10156250000000004 0.4890625 0.10156250000000004 0.5125 0.11718750000000004 0.5125
12 0.2921875 0.3359375 0.275 0.3359375 0.275 0.359375 0.2921875 0.359375
12 0.33125 0.328125 0.309375 0.328125 0.309375 0.35 0.33125 0.35
11 0.33125000000000004 0.3296875 0.3015625 0.3296875 0.30156250000000007 0.3984375 0.3312500000000001 0.3984375
11 0.35625000000000007 0.3140625 0.3140625 0.3140625 0.3140625 0.415625 0.35625000000000007 0.415625
13 0.32500000000000007 0.4140625 0.2843750000000001 0.4140625 0.2843750000000001 0.4640625 0.32500000000000007 0.4640625
11 0.3828125000000001 0.4078125 0.3234375000000001 0.4078125 0.3234375000000001 0.4546875 0.3828125000000001 0.4546875
10 0.3187500000000001 0.746875 0.2656250000000001 0.746875 0.2656250000000001 0.865625 0.3187500000000001 0.865625
10 0.6578125 0.2921875000000001 0.5890625 0.2921875000000001 0.5890625 0.34843750000000007 0.6578125 0.34843750000000007
10 0.725 0.18750000000000008 0.6828125 0.18750000000000008 0.6828125 0.2578125000000001 0.725 0.2578125000000001
10 0.7609375 0.2671875000000001 0.7171875 0.2671875000000001 0.7171875 0.2875000000000001 0.7609375 0.2875000000000001
13 0.775 0.12500000000000008 0.74375 0.12500000000000008 0.74375 0.16406250000000008 0.775 0.16406250000000008
3 0.7859375 0.1937500000000001 0.7546875 0.1937500000000001 0.7546875 0.23437500000000008 0.7859375 0.23437500000000008
13 0.765625 0.2062500000000001 0.740625 0.2062500000000001 0.740625 0.2375000000000001 0.765625 0.2375000000000001
11 0.746875 0.18125000000000008 0.721875 0.18125000000000008 0.721875 0.23437500000000008 0.746875 0.23437500000000008
11 0.7515625 0.08125000000000009 0.69375 0.08125000000000009 0.69375 0.1671875000000001 0.7515625 0.1671875000000001
10 0.809375 0.0984375000000001 0.7703125 0.0984375000000001 0.7703125 0.12500000000000008 0.809375 0.12500000000000008
11 0.8734375 0.3296875000000001 0.846875 0.3296875000000001 0.846875 0.3656250000000001 0.8734375 0.3656250000000001