11 0.4171875 0.5125 0.3812500000000001 0.5125 0.3812500000000001 0.5328125 0.4171875 0.5328125
11 0.4109375 0.528125 0.3890625000000001 0.528125 0.3890625000000001 0.5421875 0.4109375 0.5421875
10 0.3312500000000001 0.5125 0.3046875000000001 0.5125 0.3046875000000001 0.559375 0.3312500000000001 0.559375
11 0.26250000000000007 0.38125 0.2515625000000001 0.38125 0.2515625000000001 0.4 0.26250000000000007 0.4
3 0.15625000000000006 0.4640625 0.12968750000000004 0.4640625 0.12968750000000004 0.496875 0.15625000000000006 0.496875
11 0.057812500000000065 0.46875 0.004687500000000057 0.46875 0.004687500000000061 0.5359375 0.057812500000000065 0.5359375
10 0.09375000000000007 0.475 0.06093750000000007 0.475 0.06093750000000007 0.521875 0.09375000000000007 0.521875
11 0.10781250000000005 0.484375 0.07656250000000006 0.484375 0.07656250000000006 0.528125 0.10781250000000005 0.528125
13 0.13437500000000005 0.4734375 0.12187500000000004 0.4734375 0.12187500000000004 0.4953125 0.13437500000000005 0.4953125
10 0.19062500000000004 0.375 0.16875000000000004 0.375 0.16875000000000004 0.39375 0.19062500000000004 0.39375
10 0.08906250000000007 0.540625 0.032812500000000064 0.540625 0.03281250000000007 0.596875 0.08906250000000007 0.596875