0 0.465625 0.646875 0.4484375 0.646875 0.4484375 0.675 0.465625 0.675
12 0.5328125 0.5859375 0.49375 0.5859375 0.49375 0.6546875 0.5328125 0.6546875
0 0.5796875 0.5015625 0.5578125 0.5015625 0.5578125 0.534375 0.5796875 0.534375
16 0.6234375 0.4375 0.565625 0.4375 0.565625 0.6078125 0.6234375 0.6078125
16 0.640625 0.56875 0.60625 0.56875 0.60625 0.5984375 0.640625 0.5984375
15 0.7 0.5109375 0.5765625 0.5109375 0.5765625 0.6875 0.7 0.6875
6 0.659375 0.515625 0.6421875 0.515625 0.6421875 0.540625 0.659375 0.540625
6 0.6890625 0.4625 0.6546875 0.4625 0.6546875 0.49375 0.6890625 0.49375
6 0.6828125 0.45 0.6625 0.45 0.6625 0.4671875 0.6828125 0.4671875
6 0.71875 0.434375 0.6796875 0.434375 0.6796875 0.478125 0.71875 0.478125
0 0.7 0.2593750000000001 0.6796875 0.2593750000000001 0.6796875 0.28593750000000007 0.7 0.28593750000000007
11 0.746875 0.09687500000000009 0.696875 0.09687500000000009 0.696875 0.24218750000000008 0.746875 0.24218750000000008
13 0.6171875 0.04218750000000007 0.578125 0.042187500000000065 0.578125 0.11093750000000009 0.6171875 0.11093750000000009