11 0.5109375 0.2656250000000001 0.496875 0.2656250000000001 0.496875 0.28593750000000007 0.5109375 0.28593750000000007
10 0.5796875 0.28593750000000007 0.5578125 0.28593750000000007 0.5578125 0.33281250000000007 0.5796875 0.33281250000000007
11 0.6 0.3218750000000001 0.5703125 0.3218750000000001 0.5703125 0.3468750000000001 0.6 0.3468750000000001
11 0.590625 0.3343750000000001 0.571875 0.3343750000000001 0.571875 0.3500000000000001 0.590625 0.3500000000000001
12 0.44375 0.2796875000000001 0.4265625 0.2796875000000001 0.4265625 0.29375000000000007 0.44375 0.29375000000000007
6 0.421875 0.3781250000000001 0.3937500000000001 0.3781250000000001 0.3937500000000001 0.3921875000000001 0.421875 0.3921875000000001
13 0.403125 0.3421875000000001 0.3875 0.3421875000000001 0.3875 0.3609375000000001 0.403125 0.3609375000000001
3 0.384375 0.36250000000000004 0.3609375 0.3625 0.3609375 0.38750000000000007 0.3843750000000001 0.38750000000000007
10 0.35468750000000004 0.33125 0.3265625 0.33125 0.32656250000000003 0.36875 0.3546875000000001 0.36875
10 0.3515625000000001 0.3875 0.3078125000000001 0.3875 0.3078125000000001 0.4234375 0.3515625000000001 0.4234375
11 0.3500000000000001 0.3671875 0.31718750000000007 0.3671875 0.31718750000000007 0.3859375 0.3500000000000001 0.3859375
11 0.31718750000000007 0.3125 0.275 0.3125 0.275 0.3765625 0.31718750000000007 0.3765625
6 0.25468750000000007 0.403125 0.2406250000000001 0.403125 0.2406250000000001 0.4171875 0.25468750000000007 0.4171875
6 0.26250000000000007 0.496875 0.2468750000000001 0.496875 0.2468750000000001 0.5140625 0.26250000000000007 0.5140625
12 0.15625000000000006 0.409375 0.13750000000000004 0.409375 0.13750000000000004 0.425 0.15625000000000006 0.425
6 0.13593750000000004 0.4109375 0.12031250000000004 0.4109375 0.12031250000000004 0.421875 0.13593750000000004 0.421875
11 0.16875000000000004 0.43125 0.12968750000000004 0.43125 0.12968750000000004 0.48125 0.16875000000000004 0.48125
13 0.10781250000000005 0.4796875 0.08281250000000007 0.4796875 0.08281250000000007 0.5140625 0.10781250000000005 0.5140625
6 0.04843750000000006 0.4484375 0.028125000000000056 0.4484375 0.028125000000000056 0.4671875 0.04843750000000006 0.4671875
11 0.012500000000000063 0.4921875 6.027558464553379e-17 0.4921875 6.31458505810354e-17 0.5390625 0.012500000000000067 0.5390625