10 0.4890625000000002 0.8125 0.4281250000000002 0.8125 0.4281250000000002 0.9203125 0.4890625000000002 0.9203125
13 0.3656250000000001 0.38125000000000003 0.3312500000000001 0.38125 0.3312500000000001 0.4328125 0.3656250000000001 0.4328125
11 0.35625000000000007 0.3015625 0.33125 0.3015625 0.33125000000000004 0.3671875 0.35625000000000007 0.3671875
11 0.37968750000000007 0.28437500000000004 0.346875 0.284375 0.34687500000000004 0.38281250000000006 0.37968750000000007 0.3828125000000001
11 0.41875 0.37500000000000006 0.3625000000000001 0.375 0.3625000000000001 0.409375 0.41875 0.409375
10 0.7140625 0.30937500000000007 0.6421875 0.30937500000000007 0.6421875 0.3656250000000001 0.7140625 0.3656250000000001
11 0.778125 0.1437500000000001 0.7171875 0.1437500000000001 0.7171875 0.22812500000000008 0.778125 0.22812500000000008
13 0.80625 0.1750000000000001 0.775 0.1750000000000001 0.775 0.21875000000000008 0.80625 0.21875000000000008
10 0.7796875 0.2296875000000001 0.7328125 0.2296875000000001 0.7328125 0.2921875000000001 0.7796875 0.2921875000000001
11 0.8 0.2296875000000001 0.7765625 0.2296875000000001 0.7765625 0.28593750000000007 0.8 0.28593750000000007
10 0.8234375 0.3125000000000001 0.7796875 0.3125000000000001 0.7796875 0.3359375000000001 0.8234375 0.3359375000000001
13 0.8203125 0.2500000000000001 0.79375 0.2500000000000001 0.79375 0.2796875000000001 0.8203125 0.2796875000000001
3 0.85 0.2218750000000001 0.815625 0.2218750000000001 0.815625 0.2609375000000001 0.85 0.2609375000000001
10 0.8859375 0.1453125000000001 0.8453125 0.1453125000000001 0.8453125 0.17187500000000008 0.8859375 0.17187500000000008
11 0.946875 0.3625000000000001 0.9265625 0.3625000000000001 0.9265625 0.4000000000000002 0.946875 0.4000000000000002
11 0.13437500000000005 0.3453125 0.08593750000000004 0.3453125 0.08593750000000006 0.4671875 0.13437500000000005 0.4671875
11 0.16562500000000005 0.3234375 0.13437500000000005 0.3234375 0.13437500000000005 0.371875 0.16562500000000005 0.371875
11 0.13281250000000006 0.4015625 0.11093750000000005 0.4015625 0.11093750000000005 0.4546875 0.13281250000000006 0.4546875
6 0.13437500000000008 0.5265625 0.10625000000000004 0.5265625 0.10625000000000007 0.5703125 0.13437500000000008 0.5703125
12 0.15937500000000004 0.425 0.14062500000000006 0.425 0.14062500000000006 0.453125 0.15937500000000004 0.453125