10 0.3968750000000001 0.6875 0.3437500000000001 0.6875 0.3437500000000001 0.8171875 0.3968750000000001 0.8171875
13 0.4046875 0.33906250000000004 0.3625 0.3390625 0.36250000000000004 0.39531250000000007 0.4046875 0.39531250000000007
12 0.371875 0.26875000000000004 0.3546875 0.26875 0.3546875 0.290625 0.371875 0.2906250000000001
12 0.4078125 0.2593750000000001 0.384375 0.2593750000000001 0.384375 0.2750000000000001 0.4078125 0.2750000000000001
11 0.403125 0.2640625000000001 0.378125 0.2640625000000001 0.378125 0.3296875000000001 0.403125 0.3296875000000001
11 0.428125 0.2515625000000001 0.3921875 0.2515625000000001 0.3921875 0.3468750000000001 0.428125 0.3468750000000001
11 0.4578125 0.3421875000000001 0.403125 0.3421875000000001 0.403125 0.3828125000000001 0.4578125 0.3828125000000001
10 0.7390625 0.2328125000000001 0.6671875 0.2328125000000001 0.6671875 0.2921875000000001 0.7390625 0.2921875000000001
10 0.8515625 0.21250000000000008 0.803125 0.21250000000000008 0.803125 0.2375000000000001 0.8515625 0.2375000000000001
3 0.875 0.1375000000000001 0.8421875 0.1375000000000001 0.8421875 0.1765625000000001 0.875 0.1765625000000001
13 0.853125 0.14843750000000008 0.8265625 0.14843750000000008 0.8265625 0.18125000000000008 0.853125 0.18125000000000008
11 0.83125 0.12500000000000008 0.809375 0.12500000000000008 0.809375 0.18125000000000008 0.83125 0.18125000000000008
13 0.8609375 0.07031250000000011 0.828125 0.07031250000000011 0.828125 0.10937500000000008 0.8609375 0.10937500000000008
10 0.896875 0.0375000000000001 0.8609375 0.0375000000000001 0.8609375 0.0640625000000001 0.896875 0.0640625000000001
11 0.8359375 0.021875000000000096 0.775 0.021875000000000096 0.775 0.11093750000000009 0.8359375 0.11093750000000009
10 0.809375 0.13437500000000008 0.765625 0.13437500000000008 0.765625 0.2000000000000001 0.809375 0.2000000000000001
11 0.18750000000000006 0.315625 0.15781250000000005 0.315625 0.15781250000000005 0.3609375 0.18750000000000006 0.3609375
11 0.16250000000000003 0.4078125 0.14375000000000004 0.4078125 0.14375000000000004 0.459375 0.16250000000000003 0.459375
11 0.15937500000000004 0.353125 0.11250000000000004 0.353125 0.11250000000000004 0.475 0.15937500000000004 0.475
6 0.18593750000000003 0.4765625 0.16250000000000003 0.4765625 0.16250000000000003 0.5109375 0.18593750000000003 0.5109375
12 0.2015625000000001 0.415625 0.18437500000000004 0.415625 0.18437500000000004 0.4375 0.2015625000000001 0.4375
11 0.9703125 0.2812500000000001 0.9421875 0.2812500000000001 0.9421875 0.3140625000000001 0.9703125 0.3140625000000001