10 0.15468750000000012 0.8953125 0.09218750000000012 0.8953125 0.09218750000000012 1 0.15468750000000014 1
13 0.07031250000000007 0.5140625 0.03750000000000007 0.5140625 0.03750000000000007 0.55 0.07031250000000007 0.55
12 0.11875000000000005 0.471875 0.10000000000000005 0.471875 0.10000000000000005 0.496875 0.11875000000000005 0.496875
13 0.15781250000000008 0.546875 0.11093750000000009 0.546875 0.11093750000000009 0.6015625 0.15781250000000008 0.6015625
12 0.16093750000000004 0.45625 0.13906250000000003 0.45625 0.13906250000000003 0.484375 0.16093750000000004 0.484375
11 0.2218750000000001 0.528125 0.16250000000000003 0.528125 0.16250000000000006 0.59375 0.2218750000000001 0.59375
11 0.17187500000000006 0.4546875 0.14062500000000006 0.4546875 0.14062500000000006 0.528125 0.17187500000000006 0.528125
11 0.19843750000000004 0.440625 0.15468750000000003 0.440625 0.15468750000000003 0.5421875 0.19843750000000004 0.5421875
10 0.49375 0.3906250000000001 0.425 0.3906250000000001 0.425 0.4546875 0.49375 0.4546875
10 0.5609375 0.2890625000000001 0.5203125 0.2890625000000001 0.5203125 0.3515625000000001 0.5609375 0.3515625000000001
10 0.603125 0.3531250000000001 0.5578125 0.3531250000000001 0.5578125 0.3890625000000001 0.603125 0.3890625000000001
11 0.5921875 0.17656250000000007 0.5359375 0.17656250000000004 0.5359375 0.2578125000000001 0.5921875 0.2578125000000001
13 0.6140625 0.2218750000000001 0.584375 0.2218750000000001 0.584375 0.2562500000000001 0.6140625 0.2562500000000001
11 0.5875 0.2734375000000001 0.5578125 0.2734375000000001 0.5578125 0.32500000000000007 0.5875 0.32500000000000007
13 0.5984375 0.30156250000000007 0.578125 0.30156250000000007 0.578125 0.3281250000000001 0.5984375 0.3281250000000001
3 0.6203125 0.2921875000000001 0.5921875 0.2921875000000001 0.5921875 0.3281250000000001 0.6203125 0.3281250000000001
10 0.6296875 0.19531250000000008 0.5984375 0.19531250000000008 0.5984375 0.22031250000000008 0.6296875 0.22031250000000008
11 0.703125 0.425 0.66875 0.425 0.66875 0.4578125 0.703125 0.4578125