11 0.12812500000000004 0.334375 0.08125000000000004 0.334375 0.08125000000000006 0.4578125 0.12812500000000004 0.4578125
11 0.12656250000000005 0.3984375 0.10156250000000004 0.3984375 0.10156250000000004 0.4390625 0.12656250000000005 0.4390625
11 0.15625000000000006 0.3078125 0.12500000000000006 0.3078125 0.12500000000000006 0.3609375 0.15625000000000006 0.3609375
6 0.13437500000000005 0.5046875 0.10781250000000005 0.5046875 0.10781250000000005 0.5390625 0.13437500000000005 0.5390625
12 0.15468750000000003 0.4125 0.13750000000000004 0.4125 0.13750000000000004 0.4359375 0.15468750000000003 0.4359375
11 0.353125 0.2796875 0.328125 0.2796875 0.328125 0.3515625 0.353125 0.3515625
11 0.3734375 0.26093750000000004 0.3484375 0.2609375 0.3484375 0.36250000000000004 0.3734375 0.3625000000000001
13 0.35781250000000003 0.35625 0.328125 0.35625 0.32812500000000006 0.40625 0.3578125000000001 0.40625
11 0.4140625 0.353125 0.3578125 0.353125 0.35781250000000003 0.39062500000000006 0.4140625 0.3906250000000001
10 0.703125 0.27031250000000007 0.634375 0.27031250000000007 0.634375 0.33281250000000007 0.703125 0.33281250000000007
10 0.771875 0.1921875000000001 0.728125 0.1921875000000001 0.728125 0.2609375000000001 0.771875 0.2609375000000001
10 0.8125 0.27031250000000007 0.76875 0.27031250000000007 0.76875 0.2968750000000001 0.8125 0.2968750000000001
11 0.796875 0.1906250000000001 0.76875 0.1906250000000001 0.76875 0.2500000000000001 0.796875 0.2500000000000001
13 0.815625 0.21093750000000008 0.7890625 0.21093750000000008 0.7890625 0.2406250000000001 0.815625 0.2406250000000001
3 0.84375 0.1828125000000001 0.8078125 0.1828125000000001 0.8078125 0.2312500000000001 0.84375 0.2312500000000001
13 0.8046875 0.1375000000000001 0.771875 0.1375000000000001 0.771875 0.1781250000000001 0.8046875 0.1781250000000001
10 0.8734375 0.10468750000000009 0.834375 0.10468750000000009 0.834375 0.13281250000000008 0.8734375 0.13281250000000008
11 0.7765625 0.10312500000000009 0.715625 0.10312500000000009 0.715625 0.18906250000000008 0.7765625 0.18906250000000008
11 0.934375 0.3234375000000001 0.9140625 0.3234375000000001 0.9140625 0.35625000000000007 0.934375 0.35625000000000007
10 0.4281250000000002 0.7828125 0.3687500000000001 0.7828125 0.3687500000000001 0.9015625 0.4281250000000002 0.9015625
3 0.2828125 0.3109375 0.25 0.3109375 0.25 0.35 0.2828125 0.35