10 0.315625 0.2765625 0.2671875 0.2765625 0.2671875 0.303125 0.315625 0.303125
11 0.271875 0.2765625 0.228125 0.2765625 0.228125 0.34375 0.271875 0.34375
11 0.26562500000000006 0.35 0.2296875 0.35 0.22968750000000004 0.396875 0.2656250000000001 0.396875
13 0.27812500000000007 0.38125 0.2562500000000001 0.38125 0.2562500000000001 0.4078125 0.27812500000000007 0.4078125
3 0.30937500000000007 0.3890625 0.2750000000000001 0.3890625 0.2750000000000001 0.4203125 0.30937500000000007 0.4203125
6 0.2718750000000001 0.4421875 0.2328125000000001 0.4421875 0.2328125000000001 0.46875 0.2718750000000001 0.46875
10 0.2390625000000001 0.3796875 0.19375000000000003 0.3796875 0.19375000000000003 0.440625 0.2390625000000001 0.440625
10 0.16875000000000007 0.5125 0.09375000000000007 0.5125 0.09375000000000007 0.571875 0.1687500000000001 0.571875
6 0.07187500000000006 0.5328125 0.06093750000000007 0.5328125 0.06093750000000007 0.5546875 0.07187500000000006 0.5546875
6 0.06093750000000009 0.753125 0.03750000000000009 0.753125 0.037500000000000096 0.7828125 0.06093750000000009 0.7828125
11 0.3703125000000001 0.534375 0.34843750000000007 0.534375 0.34843750000000007 0.5640625 0.3703125000000001 0.5640625
12 0.9828125 0.8609375 0.95625 0.8609375 0.95625 0.896875 0.9828125 0.896875