6 0.05156250000000007 0.546875 0.03593750000000007 0.546875 0.03593750000000007 0.5671875 0.05156250000000007 0.5671875
11 0.12031250000000004 0.4328125 0.10000000000000005 0.4328125 0.10000000000000005 0.4796875 0.12031250000000004 0.4796875
11 0.10937500000000004 0.3734375 0.07500000000000004 0.3734375 0.07500000000000004 0.4421875 0.10937500000000004 0.4421875
11 0.12968750000000004 0.3859375 0.10468750000000004 0.3859375 0.10468750000000004 0.428125 0.12968750000000004 0.428125
11 0.07187500000000004 0.2625 0.048437500000000036 0.2625 0.048437500000000036 0.3015625 0.07187500000000005 0.3015625
10 0.050000000000000024 0.2296875 0.021875000000000026 0.2296875 0.021875000000000026 0.246875 0.050000000000000024 0.246875
13 0.05625000000000002 0.240625 0.040625000000000036 0.240625 0.040625000000000036 0.2671875 0.05625000000000002 0.2671875
12 0.10312500000000005 0.309375 0.08750000000000005 0.309375 0.08750000000000005 0.328125 0.10312500000000005 0.328125
6 0.16562500000000005 0.35 0.14843750000000006 0.35 0.14843750000000006 0.3625 0.16562500000000005 0.3625
6 0.2015625 0.340625 0.16718750000000004 0.340625 0.16718750000000004 0.3609375 0.2015625 0.3609375
13 0.2171875000000001 0.3875 0.19375000000000003 0.3875 0.19375000000000003 0.41875 0.2171875000000001 0.41875
12 0.259375 0.3234375 0.2421875 0.3234375 0.2421875 0.3390625 0.259375 0.3390625
6 0.2421875 0.3234375 0.228125 0.3234375 0.228125 0.3359375 0.2421875 0.3359375
11 0.27187500000000003 0.35 0.2359375 0.35 0.23593750000000005 0.3953125 0.2718750000000001 0.3953125
6 0.3453125 0.3296875 0.3328125 0.3296875 0.3328125 0.34375 0.3453125 0.34375
6 0.3531250000000001 0.4203125 0.3390625000000001 0.4203125 0.3390625000000001 0.4375 0.3531250000000001 0.4375
6 0.478125 0.4734375 0.465625 0.4734375 0.465625 0.490625 0.478125 0.490625
6 0.5109375 0.32500000000000007 0.4828125 0.32500000000000007 0.4828125 0.34062500000000007 0.5109375 0.34062500000000007
13 0.49375 0.2843750000000001 0.475 0.2843750000000001 0.475 0.3062500000000001 0.49375 0.3062500000000001
3 0.4671875 0.3031250000000001 0.4421875 0.3031250000000001 0.4421875 0.3343750000000001 0.4671875 0.3343750000000001
11 0.4046875 0.25000000000000006 0.3609375 0.25 0.3609375 0.31250000000000006 0.4046875 0.3125000000000001
10 0.4453125 0.2671875000000001 0.415625 0.2671875000000001 0.415625 0.3109375000000001 0.4453125 0.3109375000000001
11 0.434375 0.3031250000000001 0.4015625 0.3031250000000001 0.4015625 0.3281250000000001 0.434375 0.3281250000000001
10 0.440625 0.31718750000000007 0.3984375 0.31718750000000007 0.3984375 0.35625000000000007 0.440625 0.35625000000000007
11 0.6046875 0.22031250000000008 0.590625 0.22031250000000008 0.590625 0.2390625000000001 0.6046875 0.2390625000000001
10 0.6609375 0.22656250000000008 0.6390625 0.22656250000000008 0.6390625 0.2687500000000001 0.6609375 0.2687500000000001
11 0.6921875 0.2750000000000001 0.6671875 0.2750000000000001 0.6671875 0.3062500000000001 0.6921875 0.3062500000000001
11 0.68125 0.28593750000000007 0.665625 0.28593750000000007 0.665625 0.3078125000000001 0.68125 0.3078125000000001
12 0.5328125 0.22812500000000008 0.515625 0.22812500000000008 0.515625 0.24375000000000008 0.5328125 0.24375000000000008
11 0.0984375000000001 0.7328125 0.028125000000000087 0.7328125 0.028125000000000094 0.790625 0.0984375000000001 0.790625