11 0.053125000000000054 0.3984375 0.01093750000000005 0.3984375 0.010937500000000055 0.471875 0.05312500000000007 0.471875
10 0.10625000000000004 0.40625 0.07031250000000004 0.40625 0.07031250000000006 0.45625 0.10625000000000004 0.45625
11 0.11875000000000005 0.4375 0.07968750000000005 0.4375 0.07968750000000005 0.4609375 0.11875000000000005 0.4609375
10 0.10468750000000004 0.465625 0.050000000000000065 0.465625 0.050000000000000065 0.5203125 0.10468750000000004 0.5203125
6 0.14375000000000004 0.3734375 0.13281250000000006 0.3734375 0.13281250000000006 0.390625 0.14375000000000004 0.390625
13 0.15625000000000006 0.403125 0.14062500000000006 0.403125 0.14062500000000006 0.4265625 0.15625000000000006 0.4265625
3 0.16250000000000003 0.41875 0.13437500000000005 0.41875 0.13437500000000005 0.4453125 0.16250000000000003 0.4453125
12 0.2046875 0.3171875 0.18437500000000004 0.3171875 0.18437500000000004 0.334375 0.2046875 0.334375
11 0.2796875 0.3015625 0.2640625 0.3015625 0.2640625 0.3203125 0.2796875 0.3203125
10 0.35468750000000004 0.3546875 0.3296875 0.3546875 0.3296875 0.4015625 0.3546875000000001 0.4015625
11 0.3812500000000001 0.36718750000000006 0.3546875000000001 0.3671875 0.3546875000000001 0.403125 0.3812500000000001 0.403125
11 0.3828125000000001 0.3812500000000001 0.3656250000000001 0.3812500000000001 0.3656250000000001 0.4046875 0.3828125000000001 0.4046875
11 0.8984375 0.2828125000000001 0.8859375 0.2828125000000001 0.8859375 0.3109375000000001 0.8984375 0.3109375000000001
10 0.9046875 0.3125000000000001 0.878125 0.3125000000000001 0.878125 0.3500000000000001 0.9046875 0.3500000000000001
11 0.928125 0.27812500000000007 0.903125 0.27812500000000007 0.903125 0.3140625000000001 0.928125 0.3140625000000001
6 0.1703125000000001 0.61875 0.15625000000000008 0.61875 0.15625000000000008 0.640625 0.1703125000000001 0.640625