0 0.440625 0.6609375 0.421875 0.6609375 0.421875 0.6890625 0.440625 0.6890625
0 0.5453125 0.53125 0.5234375 0.53125 0.5234375 0.56875 0.5453125 0.56875
12 0.51875 0.60625 0.478125 0.60625 0.478125 0.6671875 0.51875 0.6671875
16 0.5921875 0.44375 0.5390625 0.44375 0.5390625 0.6203125 0.5921875 0.6203125
15 0.66875 0.51875 0.5515625 0.51875 0.5515625 0.696875 0.66875 0.696875
6 0.6421875 0.4734375 0.6109375 0.4734375 0.6109375 0.503125 0.6421875 0.503125
6 0.653125 0.465625 0.628125 0.465625 0.628125 0.4875 0.653125 0.4875
6 0.65 0.503125 0.628125 0.503125 0.628125 0.5484375 0.65 0.5484375
6 0.678125 0.41875 0.6421875 0.41875 0.6421875 0.465625 0.678125 0.465625
0 0.646875 0.24375000000000008 0.628125 0.24375000000000008 0.628125 0.27031250000000007 0.646875 0.27031250000000007
11 0.69375 0.08125000000000007 0.6265625 0.08125000000000007 0.6265625 0.2531250000000001 0.69375 0.2531250000000001
10 0.709375 0.017187500000000085 0.6859375 0.017187500000000085 0.6859375 0.05625000000000009 0.709375 0.05625000000000009
13 0.5640625 0.034375000000000065 0.528125 0.034375000000000065 0.528125 0.10625000000000007 0.5640625 0.1062500000000001