11 0.546875 0.4625 0.5109375 0.4625 0.5109375 0.496875 0.546875 0.496875
11 0.446875 0.2234375000000001 0.3921875 0.2234375000000001 0.3921875 0.28593750000000007 0.446875 0.28593750000000007
3 0.4765625 0.3218750000000001 0.44375 0.3218750000000001 0.44375 0.3609375000000001 0.4765625 0.3609375000000001
10 0.4109375 0.3187500000000001 0.3671875 0.3187500000000001 0.36718750000000006 0.3843750000000001 0.4109375 0.3843750000000001
11 0.4359375 0.29375000000000007 0.4046875 0.29375000000000007 0.4046875 0.34843750000000007 0.4359375 0.34843750000000007
13 0.4484375 0.32500000000000007 0.4265625 0.32500000000000007 0.4265625 0.35625000000000007 0.4484375 0.35625000000000007
10 0.44375 0.3859375000000001 0.40625 0.3859375000000001 0.40625 0.4140625 0.44375 0.4140625
10 0.478125 0.2218750000000001 0.4453125 0.2218750000000001 0.4453125 0.2812500000000001 0.478125 0.2812500000000001
10 0.34062500000000007 0.4390625 0.27031250000000007 0.4390625 0.27031250000000007 0.5 0.34062500000000007 0.5
11 0.060937500000000075 0.6109375 7.481826538540861e-17 0.6109375 7.93150153510278e-17 0.684375 0.06093750000000009 0.684375
11 0.026562500000000072 0.515625 0.003125000000000064 0.515625 0.003125000000000068 0.59375 0.02656250000000008 0.59375
11 0.05312500000000007 0.4953125 0.02031250000000006 0.4953125 0.020312500000000067 0.6015625 0.05312500000000007 0.6015625