13 0.2171875000000001 0.4921875 0.17187500000000006 0.4921875 0.17187500000000006 0.54375 0.2171875000000001 0.54375
12 0.18125000000000005 0.4140625 0.16406250000000006 0.4140625 0.16406250000000006 0.4375 0.18125000000000005 0.4375
12 0.2171875000000001 0.403125 0.2000000000000001 0.403125 0.2000000000000001 0.4265625 0.2171875000000001 0.4265625
11 0.2234375000000001 0.4 0.19531250000000006 0.4 0.19531250000000006 0.4734375 0.2234375000000001 0.4734375
11 0.2515625000000001 0.3890625 0.2078125000000001 0.3890625 0.2078125000000001 0.4890625 0.2515625000000001 0.4890625
11 0.27812500000000007 0.4796875 0.22031250000000008 0.4796875 0.22031250000000008 0.5296875 0.27812500000000007 0.5296875
10 0.55 0.34843750000000007 0.484375 0.34843750000000007 0.484375 0.40625 0.55 0.40625
10 0.6203125 0.24375000000000008 0.5796875 0.24375000000000008 0.5796875 0.3109375000000001 0.6203125 0.3109375000000001
10 0.665625 0.3140625000000001 0.615625 0.3140625000000001 0.615625 0.34062500000000007 0.665625 0.34062500000000007
13 0.6734375 0.1781250000000001 0.640625 0.1781250000000001 0.640625 0.2156250000000001 0.6734375 0.2156250000000001
3 0.6796875 0.24218750000000008 0.6515625 0.24218750000000008 0.6515625 0.2828125000000001 0.6796875 0.2828125000000001
13 0.6609375 0.25468750000000007 0.6375 0.25468750000000007 0.6375 0.2875000000000001 0.6609375 0.2875000000000001
11 0.64375 0.22812500000000008 0.61875 0.22812500000000008 0.61875 0.2812500000000001 0.64375 0.2812500000000001
10 0.7015625 0.1468750000000001 0.659375 0.1468750000000001 0.659375 0.1765625000000001 0.7015625 0.1765625000000001
11 0.65 0.1359375000000001 0.59375 0.1359375000000001 0.59375 0.2156250000000001 0.65 0.2156250000000001
11 0.7640625 0.3765625000000001 0.73125 0.3765625000000001 0.73125 0.4156250000000002 0.7640625 0.4156250000000002
10 0.21250000000000008 0.828125 0.1515625000000001 0.828125 0.1515625000000001 0.9625 0.21250000000000008 0.9625