13 0.5984375 0.12500000000000008 0.5609375 0.12500000000000008 0.5609375 0.2015625000000001 0.5984375 0.2015625000000001
11 0.721875 0.18906250000000008 0.6734375 0.18906250000000008 0.6734375 0.33281250000000007 0.721875 0.33281250000000007
0 0.6796875 0.3359375000000001 0.6609375 0.3359375000000001 0.6609375 0.3656250000000001 0.6796875 0.3656250000000001
6 0.6765625 0.5640625 0.64375 0.5640625 0.64375 0.5859375 0.6765625 0.5859375
6 0.684375 0.5484375 0.659375 0.5484375 0.659375 0.5765625 0.684375 0.5765625
6 0.7125 0.5171875 0.6703125 0.5171875 0.6703125 0.5671875 0.7125 0.5671875
0 0.58125 0.6015625 0.559375 0.6015625 0.559375 0.6359375 0.58125 0.6359375
16 0.6203125 0.5328125 0.571875 0.5328125 0.571875 0.7125 0.6203125 0.7125
0 0.46093750000000017 0.7421875 0.44531250000000017 0.7421875 0.44531250000000017 0.7671875 0.46093750000000017 0.7671875
12 0.5406250000000001 0.7015625 0.5015625 0.7015625 0.5015625000000001 0.7640625 0.5406250000000001 0.7640625
6 0.6828125 0.6 0.65 0.6 0.65 0.640625 0.6828125 0.640625
15 0.6968750000000001 0.603125 0.56875 0.603125 0.5687500000000001 0.771875 0.6968750000000001 0.771875