12 0.07968750000000006 0.5015625 0.05468750000000007 0.5015625 0.05468750000000007 0.53125 0.07968750000000006 0.53125
13 0.07500000000000008 0.5984375 0.02656250000000008 0.5984375 0.02656250000000008 0.65625 0.0750000000000001 0.65625
11 0.1453125000000001 0.5734375 0.08281250000000007 0.5734375 0.08281250000000008 0.6421875 0.1453125000000001 0.6421875
11 0.09843750000000007 0.4890625 0.07656250000000006 0.4890625 0.07656250000000006 0.5640625 0.09843750000000007 0.5640625
11 0.12656250000000008 0.4734375 0.09531250000000006 0.4734375 0.09531250000000006 0.578125 0.12656250000000008 0.578125
10 0.4171875 0.41875 0.34843750000000007 0.41875 0.34843750000000007 0.4765625 0.4171875 0.4765625
10 0.484375 0.3078125000000001 0.4421875 0.3078125000000001 0.4421875 0.3734375000000001 0.484375 0.3734375000000001
10 0.521875 0.37187500000000007 0.478125 0.37187500000000007 0.478125 0.4 0.521875 0.4
11 0.515625 0.20312500000000008 0.4671875 0.20312500000000008 0.4671875 0.2734375000000001 0.515625 0.2734375000000001
11 0.5125 0.28593750000000007 0.48125 0.28593750000000007 0.48125 0.3375000000000001 0.5125 0.3375000000000001
13 0.521875 0.31718750000000007 0.5015625 0.31718750000000007 0.5015625 0.3468750000000001 0.521875 0.3468750000000001
3 0.5484375 0.30937500000000007 0.51875 0.30937500000000007 0.51875 0.3453125000000001 0.5484375 0.3453125000000001
11 0.6234375 0.4484375 0.5875 0.4484375 0.5875 0.48125 0.6234375 0.48125
10 0.5578125 0.21093750000000008 0.5171875 0.21093750000000008 0.5171875 0.24375000000000008 0.5578125 0.24375000000000008
13 0.5421875 0.2328125000000001 0.5140625 0.2328125000000001 0.5140625 0.27031250000000007 0.5421875 0.27031250000000007