11 0.048437500000000036 0.2640625 0.023437500000000035 0.2640625 0.023437500000000035 0.303125 0.048437500000000036 0.303125
13 0.03437500000000003 0.2453125 0.015625000000000028 0.2453125 0.01562500000000003 0.26875 0.03437500000000003 0.26875
10 0.026562500000000034 0.2296875 2.812860616791577e-17 0.2296875 2.93723880732998e-17 0.25 0.026562500000000034 0.25
12 0.07968750000000005 0.3140625 0.06250000000000004 0.3140625 0.06250000000000004 0.3328125 0.07968750000000005 0.3328125
11 0.08593750000000004 0.3796875 0.050000000000000044 0.3796875 0.050000000000000044 0.4453125 0.08593750000000004 0.4453125
11 0.10625000000000004 0.39375 0.08281250000000004 0.39375 0.08281250000000004 0.4359375 0.10625000000000004 0.4359375
11 0.09687500000000006 0.4453125 0.07656250000000005 0.4453125 0.07656250000000006 0.4828125 0.09687500000000007 0.4828125
12 0.028125000000000067 0.5609375 0.009375000000000069 0.5609375 0.00937500000000007 0.5796875 0.028125000000000067 0.5796875
11 0.0750000000000001 0.74375 0.0031250000000000917 0.74375 0.003125000000000095 0.803125 0.0750000000000001 0.803125
13 0.19531250000000006 0.390625 0.17500000000000004 0.390625 0.17500000000000004 0.421875 0.19531250000000006 0.421875
6 0.14375000000000004 0.35625 0.12656250000000005 0.35625 0.12656250000000005 0.3703125 0.14375000000000004 0.3703125
6 0.221875 0.328125 0.2078125 0.328125 0.2078125 0.3375 0.221875 0.3375
12 0.2390625 0.3265625 0.2203125 0.3265625 0.2203125 0.340625 0.2390625 0.340625
11 0.25312500000000004 0.353125 0.2171875 0.353125 0.21718750000000003 0.396875 0.2531250000000001 0.396875
6 0.3343750000000001 0.421875 0.3203125000000001 0.421875 0.3203125000000001 0.4375 0.3343750000000001 0.4375
6 0.328125 0.3328125 0.315625 0.3328125 0.315625 0.34375 0.328125 0.34375
10 0.4234375 0.3187500000000001 0.38125 0.3187500000000001 0.38125 0.3578125000000001 0.4234375 0.3578125000000001
11 0.415625 0.3046875000000001 0.384375 0.3046875000000001 0.384375 0.32500000000000007 0.415625 0.32500000000000007
11 0.3875 0.2515625 0.34375 0.2515625 0.34375 0.31093750000000003 0.3875 0.3109375000000001
10 0.4265625 0.2687500000000001 0.3984375 0.2687500000000001 0.3984375 0.3078125000000001 0.4265625 0.3078125000000001
3 0.45 0.3031250000000001 0.4265625 0.3031250000000001 0.4265625 0.3296875000000001 0.45 0.3296875000000001
6 0.490625 0.32500000000000007 0.4640625 0.32500000000000007 0.4640625 0.3390625000000001 0.490625 0.3390625000000001
13 0.4734375 0.28593750000000007 0.4578125 0.28593750000000007 0.4578125 0.3031250000000001 0.4734375 0.3031250000000001
12 0.515625 0.22656250000000008 0.496875 0.22656250000000008 0.496875 0.24375000000000008 0.515625 0.24375000000000008
11 0.584375 0.22031250000000008 0.5734375 0.22031250000000008 0.5734375 0.2375000000000001 0.584375 0.2375000000000001
10 0.6421875 0.22812500000000008 0.621875 0.22812500000000008 0.621875 0.2687500000000001 0.6421875 0.2687500000000001
11 0.671875 0.2750000000000001 0.646875 0.2750000000000001 0.646875 0.3046875000000001 0.671875 0.3046875000000001
11 0.6625 0.28593750000000007 0.646875 0.28593750000000007 0.646875 0.30937500000000007 0.6625 0.30937500000000007