10 0.4140625000000001 0.5734375 0.33281250000000007 0.5734375 0.33281250000000007 0.7453125 0.41406250000000017 0.7453125
6 0.5125000000000001 0.6484375 0.4625 0.6484375 0.4625000000000001 0.7671875 0.5125000000000002 0.7671875
1 0.5234375 0.6328125 0.496875 0.6328125 0.496875 0.69375 0.5234375 0.69375
15 0.721875 0.4859375 0.6390625 0.4859375 0.6390625 0.6390625 0.721875 0.6390625
10 0.8359375 0.5375000000000002 0.7625 0.5375000000000002 0.7625 0.6437500000000002 0.8359375 0.6437500000000002
10 0.903125 0.6546875000000002 0.8328125 0.6546875000000002 0.8328125 0.7718750000000002 0.903125 0.7718750000000002
13 0.8125 0.7640625000000002 0.7671875000000001 0.7640625000000002 0.7671875000000001 0.8703125 0.8125 0.8703125
10 0.5218750000000002 0.871875 0.45312500000000017 0.871875 0.45312500000000017 0.934375 0.5218750000000002 0.934375
11 0.3156250000000001 0.575 0.2718750000000001 0.575 0.2718750000000001 0.6734375 0.3156250000000001 0.6734375
13 0.3687500000000001 0.409375 0.3312500000000001 0.409375 0.3312500000000001 0.4765625 0.3687500000000001 0.4765625
0 0.1281250000000001 0.703125 0.11250000000000009 0.703125 0.11250000000000009 0.7296875 0.1281250000000001 0.7296875
16 0.1281250000000001 0.628125 0.06562500000000007 0.628125 0.06562500000000007 0.78125 0.1281250000000001 0.78125
0 0.029687500000000054 0.4703125 0.018750000000000055 0.4703125 0.01875000000000006 0.4921875 0.029687500000000054 0.4921875
12 0.025000000000000067 0.5296875 6.486801014233636e-17 0.5296875 6.783395160902136e-17 0.578125 0.025000000000000067 0.578125
10 0.10000000000000009 0.6109375 7.481826538540861e-17 0.6109375 8.409879191019715e-17 0.7625 0.10000000000000009 0.7625