10 0.0687500000000001 0.7421875 0.001562500000000091 0.7421875 0.0015625000000000992 0.8765625 0.06875000000000012 0.8765625
16 0.10468750000000011 0.7625 0.034375000000000086 0.7625 0.0343750000000001 0.9265625 0.10468750000000013 0.9265625
0 0.10625000000000011 0.8875 0.08906250000000011 0.8875 0.08906250000000011 0.9171875 0.10625000000000014 0.9171875
11 0.3000000000000001 0.73125 0.26250000000000007 0.73125 0.26250000000000007 0.809375 0.3000000000000001 0.809375
13 0.34843750000000007 0.490625 0.3109375000000001 0.490625 0.3109375000000001 0.55625 0.34843750000000007 0.55625
10 0.3937500000000001 0.65625 0.3156250000000001 0.65625 0.3156250000000001 0.83125 0.3937500000000001 0.83125
6 0.503125 0.7234375 0.4484375 0.7234375 0.4484375000000001 0.8515625 0.5031250000000002 0.8515625
1 0.5109375 0.7 0.4859375 0.7 0.4859375000000001 0.7671875 0.5109375000000002 0.7671875
15 0.7015625 0.5453125 0.61875 0.5453125 0.61875 0.690625 0.7015625 0.690625
10 0.825 0.5640625000000001 0.7453125 0.5640625000000001 0.7453125 0.6843750000000002 0.825 0.6843750000000002
10 0.89375 0.6812500000000001 0.828125 0.6812500000000001 0.828125 0.80625 0.89375 0.80625
13 0.8125 0.7921875000000002 0.7578125000000002 0.7921875000000002 0.7578125000000002 0.9109375 0.8125 0.9109375