0 0.5859375 0.21875000000000008 0.575 0.21875000000000008 0.575 0.23593750000000008 0.5859375 0.23593750000000008
11 0.653125 0.1703125000000001 0.590625 0.1703125000000001 0.590625 0.2515625000000001 0.653125 0.2515625000000001
11 0.690625 0.2468750000000001 0.5890625 0.2468750000000001 0.5890625 0.3187500000000001 0.690625 0.3187500000000001
11 0.7421875 0.1921875000000001 0.6421875 0.1921875000000001 0.6421875 0.2531250000000001 0.7421875 0.2531250000000001
11 0.7921875 0.23437500000000008 0.684375 0.23437500000000008 0.684375 0.3078125000000001 0.7921875 0.3078125000000001
11 0.8 0.2671875000000001 0.6953125 0.2671875000000001 0.6953125 0.3453125000000001 0.8 0.3453125000000001
11 0.965625 0.3062500000000001 0.896875 0.3062500000000001 0.896875 0.4781250000000002 0.965625 0.4781250000000002
11 1 0.3453125000000001 0.95 0.3453125000000001 0.95 0.49218750000000017 1 0.49218750000000017
0 0.996875 0.3078125000000001 0.9828125 0.3078125000000001 0.9828125 0.32500000000000007 0.996875 0.32500000000000007
0 0.9984375 0.3234375000000001 0.984375 0.3234375000000001 0.984375 0.3421875000000001 0.9984375 0.3421875000000001
6 0.9578125 0.24218750000000008 0.846875 0.24218750000000008 0.846875 0.3187500000000001 0.9578125 0.3187500000000001