11 0.22656250000000008 0.653125 0.1765625000000001 0.653125 0.1765625000000001 0.7421875 0.22656250000000008 0.7421875
13 0.29375000000000007 0.44375 0.2640625000000001 0.44375 0.2640625000000001 0.509375 0.29375000000000007 0.509375
6 0.4437500000000001 0.690625 0.38750000000000007 0.690625 0.38750000000000007 0.821875 0.4437500000000002 0.821875
1 0.4562500000000001 0.671875 0.428125 0.671875 0.4281250000000001 0.7375 0.45625000000000016 0.7375
6 0.4781250000000002 0.940625 0.43281250000000016 0.940625 0.43281250000000016 0.99375 0.4781250000000002 0.99375
10 0.44062500000000016 0.93125 0.3578125000000001 0.93125 0.3578125000000001 0.990625 0.44062500000000016 0.990625
13 0.7421875000000002 0.7890625000000001 0.6890625000000001 0.7890625 0.6890625000000001 0.9015625 0.7421875000000002 0.9015625
10 0.8296875 0.6984375000000002 0.7625 0.6984375000000002 0.7625000000000001 0.8125 0.8296875 0.8125
10 0.76875 0.5734375 0.6921875 0.5734375 0.6921875 0.6875000000000001 0.76875 0.6875000000000002
6 0.6484375 0.53125 0.5671875 0.53125 0.5671875 0.6796875 0.6484375 0.6796875
0 0.0546875000000001 0.815625 0.0406250000000001 0.815625 0.0406250000000001 0.8328125 0.05468750000000011 0.8328125
16 0.03281250000000009 0.6796875 8.323771212954667e-17 0.6796875 8.926527059410005e-17 0.778125 0.0328125000000001 0.778125