0 0.4625 0.2609375000000001 0.45 0.2609375000000001 0.45 0.2796875000000001 0.4625 0.2796875000000001
11 0.5703125 0.2890625000000001 0.471875 0.2890625000000001 0.471875 0.3515625000000001 0.5703125 0.3515625000000001
11 0.5375 0.18906250000000005 0.471875 0.18906250000000005 0.471875 0.2750000000000001 0.5375 0.2750000000000001
11 0.6234375 0.19687500000000008 0.528125 0.19687500000000005 0.528125 0.2593750000000001 0.6234375 0.2593750000000001
11 0.66875 0.24218750000000008 0.565625 0.24218750000000008 0.565625 0.3187500000000001 0.66875 0.3187500000000001
11 0.675 0.2734375000000001 0.5765625 0.2734375000000001 0.5765625 0.3546875000000001 0.675 0.3546875000000001
6 0.8078125 0.18750000000000008 0.7171875 0.18750000000000008 0.7171875 0.2890625000000001 0.8078125 0.2890625000000001
11 0.8390625 0.25468750000000007 0.7625 0.25468750000000007 0.7625 0.41406250000000017 0.8390625 0.41406250000000017
0 0.85 0.2390625000000001 0.8390625 0.2390625000000001 0.8390625 0.25468750000000007 0.85 0.25468750000000007
0 0.8515625 0.25468750000000007 0.8390625 0.25468750000000007 0.8390625 0.2718750000000001 0.8515625 0.2718750000000001
11 0.8890625 0.2765625000000001 0.815625 0.2765625000000001 0.815625 0.42187500000000017 0.8890625 0.42187500000000017
12 0.915625 0.3734375000000001 0.88125 0.3734375000000001 0.88125 0.4187500000000002 0.915625 0.4187500000000002
11 0.928125 0.3078125000000001 0.890625 0.3078125000000001 0.890625 0.40625000000000017 0.928125 0.40625000000000017
11 0.9515625 0.3218750000000001 0.9171875 0.3218750000000001 0.9171875 0.41718750000000016 0.9515625 0.41718750000000016
0 0.9515625 0.3515625000000001 0.940625 0.3515625000000001 0.940625 0.3703125000000001 0.9515625 0.3703125000000001
11 0.9390625 0.18593750000000012 0.8390625 0.1859375000000001 0.8390625 0.2640625000000001 0.9390625 0.2640625000000001
16 1 0.2640625000000001 0.90625 0.2640625000000001 0.90625 0.4031250000000002 1 0.4031250000000002
6 0.9875 0.22031250000000008 0.959375 0.22031250000000008 0.959375 0.25468750000000007 0.9875 0.25468750000000007
10 1 0.40625000000000017 0.91875 0.40625000000000017 0.91875 0.5078125000000002 1 0.5078125000000002
0 0.9546875 0.5437500000000002 0.928125 0.5437500000000002 0.928125 0.5906250000000002 0.9546875 0.5906250000000002
10 0.9078125 0.2765625000000001 0.85625 0.2765625000000001 0.85625 0.3687500000000001 0.9078125 0.3687500000000001