0 0.425 0.3343750000000001 0.4125 0.3343750000000001 0.4125 0.3531250000000001 0.425 0.3531250000000001
11 0.50625 0.26250000000000007 0.4359375 0.26250000000000007 0.4359375 0.3468750000000001 0.50625 0.3468750000000001
11 0.5328125 0.3593750000000001 0.43125 0.3593750000000001 0.43125 0.41875 0.5328125 0.41875
11 0.5921875 0.2671875000000001 0.4921875 0.2671875000000001 0.4921875 0.3265625000000001 0.5921875 0.3265625000000001
11 0.6390625 0.3125000000000001 0.5328125 0.3125000000000001 0.5328125 0.3859375000000001 0.6390625 0.3859375000000001
11 0.64375 0.3437500000000001 0.54375 0.3437500000000001 0.54375 0.4234375 0.64375 0.4234375
6 0.7734375 0.2531250000000001 0.6796875 0.2531250000000001 0.6796875 0.3515625000000001 0.7734375 0.3515625000000001
11 0.8015625 0.3156250000000001 0.725 0.3156250000000001 0.725 0.4718750000000001 0.8015625 0.47187500000000016
11 0.8390625 0.3343750000000001 0.7765625 0.3343750000000001 0.7765625 0.4656250000000002 0.8390625 0.4656250000000002
0 0.8078125 0.3125000000000001 0.7953125 0.3125000000000001 0.7953125 0.3281250000000001 0.8078125 0.3281250000000001
0 0.8078125 0.2984375000000001 0.7953125 0.2984375000000001 0.7953125 0.3140625000000001 0.8078125 0.3140625000000001
11 0.90625 0.2406250000000001 0.79375 0.2406250000000001 0.79375 0.3203125000000001 0.90625 0.3203125000000001
6 0.8578125 0.3859375000000001 0.834375 0.3859375000000001 0.834375 0.42187500000000017 0.8578125 0.42187500000000017
10 0.865625 0.3312500000000001 0.8140625 0.3312500000000001 0.8140625 0.4265625000000002 0.865625 0.4265625000000002
12 0.8734375 0.42968750000000017 0.840625 0.42968750000000017 0.840625 0.4734375000000002 0.8734375 0.4734375000000002
11 0.8828125 0.3625000000000001 0.8484375 0.3625000000000001 0.8484375 0.4593750000000002 0.8828125 0.4593750000000002
11 0.90625 0.3765625000000001 0.8734375 0.3765625000000001 0.8734375 0.47187500000000016 0.90625 0.47187500000000016
12 0.9046875 0.4046875000000002 0.8953125 0.4046875000000002 0.8953125 0.4312500000000002 0.9046875 0.4312500000000002
13 0.928125 0.4515625000000002 0.9171875 0.4515625000000002 0.9171875 0.47187500000000016 0.928125 0.47187500000000016
10 0.9515625 0.4578125000000002 0.878125 0.4578125000000002 0.878125 0.5812500000000002 0.9515625 0.5812500000000002
11 0.990625 0.4890625000000002 0.9609375 0.4890625000000002 0.9609375 0.5906250000000002 0.990625 0.5906250000000002
16 1 0.46093750000000017 0.940625 0.46093750000000017 0.940625 0.4984375000000002 1 0.4984375000000002
11 0.984375 0.3062500000000001 0.95625 0.3062500000000001 0.95625 0.4031250000000002 0.984375 0.4031250000000002
0 0.9921875 0.3359375000000001 0.978125 0.3359375000000001 0.978125 0.3593750000000001 0.9921875 0.3593750000000001
0 1 0.34843750000000007 0.990625 0.34843750000000007 0.990625 0.3656250000000001 1 0.3656250000000001
6 0.9921875 0.3843750000000001 0.98125 0.3843750000000001 0.98125 0.4046875000000002 0.9921875 0.4046875000000002
11 0.996875 0.19531250000000014 0.9359375 0.19531250000000014 0.9359375 0.3125000000000001 0.996875 0.3125000000000001
11 1 0.2734375000000001 0.965625 0.2734375000000001 0.965625 0.3296875000000001 1 0.3296875000000001
6 0.934375 0.27031250000000007 0.909375 0.27031250000000007 0.909375 0.3078125000000001 0.934375 0.3078125000000001
6 0.909375 0.5890625000000002 0.8828125 0.5890625000000002 0.8828125 0.6343750000000001 0.909375 0.6343750000000001