16 0.12500000000000008 0.6921875 0.050000000000000086 0.6921875 0.0500000000000001 0.8515625 0.12500000000000008 0.8515625
11 0.3046875000000001 0.6765625 0.26250000000000007 0.6765625 0.26250000000000007 0.746875 0.3046875000000001 0.746875
13 0.36406250000000007 0.4484375 0.3281250000000001 0.4484375 0.3281250000000001 0.5140625 0.36406250000000007 0.5140625
6 0.503125 0.6921875 0.45625 0.6921875 0.4562500000000001 0.81875 0.5031250000000002 0.81875
15 0.7140625 0.525 0.63125 0.525 0.63125 0.6765625 0.7140625 0.6765625
10 0.8359375 0.5609375000000002 0.759375 0.5609375000000002 0.759375 0.6687500000000002 0.8359375 0.6687500000000002
13 0.5437500000000002 0.940625 0.5046875000000002 0.940625 0.5046875000000002 1 0.5437500000000002 1
1 0.51875 0.6953125 0.4921875 0.6953125 0.4921875000000001 0.7453125 0.5187500000000002 0.7453125
10 0.9015625 0.6875000000000002 0.8328125 0.6875000000000002 0.8328125 0.7890625000000002 0.9015625 0.7890625000000002
0 0.1218750000000001 0.8296875 0.10781250000000009 0.8296875 0.10781250000000009 0.8484375 0.1218750000000001 0.8484375
15 0.08437500000000009 0.6765625 8.285501000481311e-17 0.6765625 9.137013228013456e-17 0.815625 0.08437500000000009 0.815625