11 0.528125 0.3750000000000001 0.4265625 0.3750000000000001 0.4265625 0.428125 0.528125 0.428125
11 0.5 0.2750000000000001 0.4296875 0.2750000000000001 0.4296875 0.3578125000000001 0.5 0.3578125000000001
11 0.5859375 0.2812500000000001 0.4890625 0.2812500000000001 0.4890625 0.3421875000000001 0.5859375 0.3421875000000001
11 0.63125 0.3234375000000001 0.528125 0.3234375000000001 0.528125 0.4 0.63125 0.4
11 0.6359375 0.3546875000000001 0.5375 0.3546875000000001 0.5375 0.428125 0.6359375 0.428125
6 0.7578125 0.25468750000000007 0.675 0.25468750000000007 0.675 0.3625000000000001 0.7578125 0.3625000000000001
11 0.796875 0.3281250000000001 0.71875 0.3281250000000001 0.71875 0.4781250000000001 0.796875 0.4781250000000002
0 0.8 0.3046875000000001 0.7890625 0.3046875000000001 0.7890625 0.3234375000000001 0.8 0.3234375000000001
0 0.8 0.3218750000000001 0.7890625 0.3218750000000001 0.7890625 0.3375000000000001 0.8 0.3375000000000001
11 0.84375 0.3421875000000001 0.7734375 0.3421875000000001 0.7734375 0.4906250000000002 0.84375 0.4906250000000002
6 0.85 0.3984375000000001 0.828125 0.3984375000000001 0.828125 0.4312500000000002 0.85 0.4312500000000002
10 0.85625 0.3421875000000001 0.815625 0.3421875000000001 0.815625 0.4031250000000002 0.85625 0.4031250000000002
12 0.8703125 0.4390625000000002 0.8359375 0.4390625000000002 0.8359375 0.4812500000000002 0.8703125 0.4812500000000002
11 0.8765625 0.37187500000000007 0.84375 0.37187500000000007 0.84375 0.4703125000000002 0.8765625 0.4703125000000002
11 0.896875 0.3843750000000001 0.86875 0.3843750000000001 0.86875 0.47968750000000016 0.896875 0.47968750000000016
13 0.925 0.4593750000000002 0.9109375 0.4593750000000002 0.9109375 0.47968750000000016 0.925 0.47968750000000016
12 0.9 0.40937500000000016 0.8921875 0.40937500000000016 0.8921875 0.4312500000000002 0.9 0.4312500000000002
11 0.9859375 0.4968750000000002 0.9578125 0.4968750000000002 0.9578125 0.5968750000000002 0.9859375 0.5968750000000002
0 0.996875 0.3546875000000001 0.9859375 0.3546875000000001 0.9859375 0.37187500000000007 0.996875 0.37187500000000007
0 0.9859375 0.3437500000000001 0.9734375 0.3437500000000001 0.9734375 0.3656250000000001 0.9859375 0.3656250000000001
6 0.903125 0.6000000000000002 0.878125 0.6000000000000002 0.878125 0.6437500000000002 0.903125 0.6437500000000002
10 0.9453125 0.4671875000000002 0.871875 0.4671875000000002 0.871875 0.5921875000000002 0.9453125 0.5921875000000002
6 0.9265625 0.2812500000000001 0.9015625 0.2812500000000001 0.9015625 0.3125000000000001 0.9265625 0.3125000000000001
11 0.9890625 0.2000000000000001 0.925 0.2000000000000001 0.925 0.3234375000000001 0.9890625 0.3234375000000001
11 0.978125 0.3125000000000001 0.9484375 0.3125000000000001 0.9484375 0.41406250000000017 0.978125 0.41406250000000017
11 1 0.2796875000000001 0.9609375 0.2796875000000001 0.9609375 0.3359375000000001 1 0.3359375000000001
11 0.903125 0.2515625000000001 0.7875 0.2515625000000001 0.7875 0.3312500000000001 0.903125 0.3312500000000001
16 1 0.3203125000000001 0.853125 0.3203125000000001 0.853125 0.5203125000000002 1 0.5203125000000002