17 0.3078125000000001 0.4875 0.2953125000000001 0.4875 0.2953125000000001 0.5125 0.3078125000000001 0.5125
17 0.19375000000000003 0.4984375 0.17500000000000004 0.4984375 0.17500000000000004 0.521875 0.19375000000000003 0.521875
17 0.3625000000000001 0.5171875 0.3296875000000001 0.5171875 0.3296875000000001 0.5484375 0.3625000000000001 0.5484375
17 0.7203125 0.521875 0.6921875 0.521875 0.6921875 0.5484375 0.7203125 0.5484375
17 0.659375 0.5203125 0.621875 0.5203125 0.621875 0.553125 0.659375 0.553125
17 0.6203125 0.5265625 0.603125 0.5265625 0.603125 0.55 0.6203125 0.55
17 0.54375 0.5296875 0.5078125 0.5296875 0.5078125 0.55625 0.54375 0.55625
17 0.4515625 0.5296875 0.4359375 0.5296875 0.4359375 0.559375 0.4515625 0.559375
17 0.5859375 0.5328125 0.5578125 0.5328125 0.5578125 0.559375 0.5859375 0.559375
17 0.740625 0.5375000000000001 0.709375 0.5375 0.709375 0.5750000000000001 0.740625 0.5750000000000002
17 0.4515625 0.5625 0.428125 0.5625 0.428125 0.5875 0.4515625 0.5875