17 0.6296875 0.4 0.6203125 0.4 0.6203125 0.4328125 0.6296875 0.4328125
17 0.021875000000000054 0.4015625 0.0015625000000000493 0.4015625 0.0015625000000000513 0.4375 0.021875000000000054 0.4375
17 0.584375 0.4046875 0.546875 0.4046875 0.546875 0.434375 0.584375 0.434375
17 0.81875 0.4078125000000002 0.7984375 0.4078125000000002 0.7984375 0.4656250000000002 0.81875 0.4656250000000002
17 0.76875 0.4125000000000002 0.7515625 0.4125000000000002 0.7515625 0.4625000000000002 0.76875 0.4625000000000002
17 0.7015625 0.421875 0.653125 0.421875 0.653125 0.459375 0.7015625 0.459375
17 0.2734375000000001 0.4140625 0.2390625000000001 0.4140625 0.2390625000000001 0.46875 0.2734375000000001 0.46875
17 0.40625 0.4265625 0.3859375000000001 0.4265625 0.3859375000000001 0.4609375 0.40625 0.4609375
17 0.53125 0.4359375 0.4875 0.4359375 0.4875 0.475 0.53125 0.475
17 0.3375000000000001 0.4890625 0.3062500000000001 0.4890625 0.3062500000000001 0.521875 0.3375000000000001 0.521875
17 0.20468750000000008 0.4984375 0.19218750000000004 0.4984375 0.19218750000000004 0.5265625 0.20468750000000008 0.5265625