9 0.7640625 9.022202590593392e-17 0.709375 8.687338231451536e-17 0.709375 0.04375000000000009 0.7640625 0.04375000000000009
9 0.99375 0.023437500000000118 0.93125 0.023437500000000118 0.93125 0.10156250000000014 0.99375 0.10156250000000014
8 1 0.07968750000000012 0.9890625 0.0796875000000001 0.9890625 0.11562500000000013 1 0.11562500000000013
9 0.996875 0.2953125000000001 0.9671875 0.2953125000000001 0.9671875 0.3359375000000001 0.996875 0.3359375000000001
8 0.984375 0.18125000000000013 0.9578125 0.18125000000000013 0.9578125 0.19843750000000013 0.984375 0.19843750000000013
8 0.95 0.24375000000000008 0.9390625 0.24375000000000008 0.9390625 0.2734375000000001 0.95 0.2734375000000001
8 0.9546875 0.2812500000000001 0.9359375 0.2812500000000001 0.9359375 0.2921875000000001 0.9546875 0.2921875000000001
9 0.9171875 0.2484375000000001 0.8828125 0.2484375000000001 0.8828125 0.3031250000000001 0.9171875 0.3031250000000001
9 0.878125 0.28593750000000007 0.8328125 0.28593750000000007 0.8328125 0.3359375000000001 0.878125 0.3359375000000001
9 0.9140625 0.3390625000000001 0.853125 0.3390625000000001 0.853125 0.4109375000000002 0.9140625 0.4109375000000002
9 0.9515625 0.46406250000000016 0.928125 0.46406250000000016 0.928125 0.5093750000000001 0.9515625 0.5093750000000001
9 0.959375 0.6921875000000002 0.9203125 0.6921875000000002 0.9203125 0.7796875000000002 0.959375 0.7796875000000002
9 1 0.6937500000000002 0.99375 0.6937500000000002 0.99375 0.7328125000000002 1 0.7328125000000002
9 0.809375 0.4937500000000002 0.790625 0.4937500000000002 0.790625 0.5203125000000002 0.809375 0.5203125000000002
9 0.58125 0.38750000000000007 0.54375 0.38750000000000007 0.54375 0.453125 0.58125 0.453125
9 0.646875 0.596875 0.615625 0.596875 0.615625 0.6375 0.646875 0.6375
9 0.803125 0.6468750000000002 0.76875 0.6468750000000002 0.76875 0.7046875000000001 0.803125 0.7046875000000001
9 0.7812500000000001 0.6593750000000002 0.7265625 0.6593750000000002 0.7265625000000001 0.7296875000000002 0.7812500000000002 0.7296875000000002
9 0.83125 0.6906250000000002 0.796875 0.6906250000000002 0.7968750000000001 0.7890625000000002 0.83125 0.7890625000000002
9 0.840625 0.7671875000000001 0.7796875000000002 0.7671875000000001 0.7796875000000002 0.8546875 0.840625 0.8546875