8 0.3687500000000001 0.8609375 0.3500000000000001 0.8609375 0.3500000000000001 0.8890625 0.3687500000000001 0.8890625
8 0.3890625000000001 0.884375 0.3625000000000001 0.884375 0.3625000000000001 0.9234375 0.3890625000000001 0.9234375
8 0.40156250000000016 0.88125 0.37968750000000007 0.88125 0.37968750000000007 0.9046875 0.40156250000000016 0.9046875
8 0.41718750000000016 0.9046875 0.3890625000000001 0.9046875 0.3890625000000001 0.9234375 0.41718750000000016 0.9234375
8 0.3984375000000001 0.8171875 0.3765625000000001 0.8171875 0.3765625000000001 0.84375 0.3984375000000001 0.84375
8 0.2953125000000001 0.74375 0.2671875000000001 0.74375 0.2671875000000001 0.7734375 0.2953125000000001 0.7734375
8 0.2953125000000001 0.678125 0.27812500000000007 0.678125 0.27812500000000007 0.7015625 0.2953125000000001 0.7015625
8 0.3703125000000001 0.5578125 0.3625000000000001 0.5578125 0.3625000000000001 0.58125 0.3703125000000001 0.58125
8 0.6890625000000001 0.728125 0.6687500000000002 0.728125 0.6687500000000002 0.74375 0.6890625000000001 0.74375
8 0.8171875 0.84375 0.7937500000000002 0.84375 0.7937500000000002 0.8578125 0.8171875 0.8578125
8 0.7578125 0.5750000000000002 0.746875 0.5750000000000002 0.746875 0.5875000000000001 0.7578125 0.5875000000000001
8 0.771875 0.5703125000000002 0.7578125 0.5703125000000002 0.7578125 0.5796875000000001 0.771875 0.5796875000000001
8 0.7875 0.5718750000000001 0.771875 0.5718750000000001 0.771875 0.5875000000000001 0.7875 0.5875000000000001
8 0.8171875 0.6000000000000002 0.796875 0.6000000000000002 0.796875 0.6125000000000002 0.8171875 0.6125000000000002
8 0.8171875 0.5375000000000002 0.8015625 0.5375000000000002 0.8015625 0.5515625000000002 0.8171875 0.5515625000000002
8 0.921875 0.4515625000000002 0.9078125 0.4515625000000002 0.9078125 0.4625000000000002 0.921875 0.4625000000000002
8 0.4484375 0.4828125 0.440625 0.4828125 0.440625 0.4984375 0.4484375 0.4984375
8 0.6328125 0.45625 0.6140625 0.45625 0.6140625 0.465625 0.6328125 0.465625
8 0.3921875000000001 0.446875 0.3734375000000001 0.446875 0.3734375000000001 0.4578125 0.3921875000000001 0.4578125
8 0.4171875 0.2968750000000001 0.409375 0.2968750000000001 0.409375 0.30937500000000007 0.4171875 0.30937500000000007
8 0.434375 0.3218750000000001 0.425 0.3218750000000001 0.425 0.3359375000000001 0.434375 0.3359375000000001
8 0.465625 0.2234375000000001 0.4515625 0.2234375000000001 0.4515625 0.2328125000000001 0.465625 0.2328125000000001
8 0.4765625 0.26250000000000007 0.459375 0.26250000000000007 0.459375 0.2750000000000001 0.4765625 0.2750000000000001
8 0.4671875 0.21875000000000008 0.459375 0.21875000000000008 0.459375 0.22812500000000008 0.4671875 0.22812500000000008
9 0.4765625 0.13281250000000006 0.459375 0.13281250000000006 0.459375 0.14687500000000003 0.4765625 0.14687500000000003
8 0.4984375 0.19375000000000003 0.484375 0.19375000000000003 0.484375 0.2000000000000001 0.4984375 0.2000000000000001
8 0.5078125 0.18593750000000003 0.4953125 0.18593750000000003 0.4953125 0.19531250000000006 0.5078125 0.19531250000000006
8 0.5171875 0.17343750000000005 0.5078125 0.17343750000000005 0.5078125 0.18437500000000004 0.5171875 0.18437500000000004
8 0.515625 0.13125000000000003 0.5078125 0.13125000000000003 0.5078125 0.14062500000000006 0.515625 0.14062500000000006
8 0.5296875 0.15312500000000004 0.5171875 0.15312500000000004 0.5171875 0.16562500000000005 0.5296875 0.16562500000000005
8 0.5296875 0.15468750000000003 0.525 0.15468750000000003 0.525 0.16250000000000003 0.5296875 0.16250000000000003
8 0.5375 0.15156250000000004 0.5265625 0.15156250000000004 0.5265625 0.16406250000000006 0.5375 0.16406250000000006
8 0.54375 0.15468750000000003 0.5359375 0.15468750000000003 0.5359375 0.16406250000000006 0.54375 0.16406250000000006
8 0.559375 0.16250000000000006 0.54375 0.16250000000000003 0.54375 0.17187500000000006 0.559375 0.17187500000000008
8 0.609375 0.1468750000000001 0.60625 0.1468750000000001 0.60625 0.15781250000000008 0.609375 0.15781250000000008
8 0.6453125 0.15000000000000008 0.6390625 0.15000000000000008 0.6390625 0.1609375000000001 0.6453125 0.1609375000000001
8 0.6984375 0.1843750000000001 0.6890625 0.1843750000000001 0.6890625 0.1921875000000001 0.6984375 0.1921875000000001
8 0.6859375 0.1312500000000001 0.6765625 0.1312500000000001 0.6765625 0.1437500000000001 0.6859375 0.1437500000000001
8 0.771875 0.08125000000000009 0.7609375 0.08125000000000009 0.7609375 0.09375000000000008 0.771875 0.09375000000000008
8 0.828125 0.003125000000000101 0.81875 0.0031250000000001 0.81875 0.009375000000000102 0.828125 0.009375000000000102
8 0.653125 0.1140625000000001 0.6453125 0.1140625000000001 0.6453125 0.12343750000000009 0.653125 0.12343750000000009
8 0.6765625 0.050000000000000086 0.6671875 0.050000000000000086 0.6671875 0.06250000000000008 0.6765625 0.06250000000000008
8 0.65625 7.99847440693115e-17 0.65 7.960204194457795e-17 0.65 0.00468750000000008 0.65625 0.0046875000000000805
9 0.60625 0.012500000000000072 0.5953125 0.012500000000000072 0.5953125 0.02187500000000007 0.60625 0.02187500000000007
8 0.5328125 0.06250000000000007 0.5234375 0.06250000000000007 0.5234375 0.07031250000000007 0.5328125 0.07031250000000007
8 0.5828125 0.07031250000000007 0.571875 0.07031250000000007 0.571875 0.07812500000000007 0.5828125 0.07812500000000007
8 0.584375 0.07968750000000006 0.571875 0.07968750000000006 0.571875 0.09062500000000007 0.584375 0.09062500000000007
8 0.590625 0.1218750000000001 0.5875 0.1218750000000001 0.5875 0.1296875000000001 0.590625 0.1296875000000001
8 0.6 0.11562500000000009 0.5921875 0.11562500000000009 0.5921875 0.1218750000000001 0.6 0.1218750000000001
8 0.6296875 0.1296875000000001 0.625 0.1296875000000001 0.625 0.14218750000000008 0.6296875 0.14218750000000008
8 0.5875 0.04375000000000007 0.578125 0.04375000000000007 0.578125 0.05156250000000007 0.5875 0.05156250000000007
10 0.640625 0.06718750000000008 0.6328125 0.06718750000000007 0.6328125 0.07500000000000008 0.640625 0.0750000000000001
8 0.6359375 0.09218750000000007 0.628125 0.09218750000000006 0.628125 0.09843750000000008 0.6359375 0.0984375000000001
8 0.646875 0.10468750000000009 0.6359375 0.10468750000000009 0.6359375 0.11093750000000009 0.646875 0.11093750000000009
8 0.64375 0.10781250000000009 0.6328125 0.10781250000000009 0.6328125 0.11562500000000009 0.64375 0.11562500000000009
8 0.3671875000000001 0.55625 0.3578125000000001 0.55625 0.3578125000000001 0.5765625 0.3671875000000001 0.5765625
8 0.3937500000000001 0.44375 0.3781250000000001 0.44375 0.3781250000000001 0.4515625 0.3937500000000001 0.4515625
9 0.5921875 0.04062500000000007 0.5796875 0.040625000000000064 0.5796875 0.050000000000000065 0.5921875 0.050000000000000065
8 0.596875 0.1140625000000001 0.5875 0.1140625000000001 0.5875 0.1218750000000001 0.596875 0.1218750000000001
10 0.33906250000000004 0.3546875 0.334375 0.3546875 0.33437500000000003 0.3640625 0.3390625000000001 0.3640625
8 0.6484375 0.10468750000000009 0.640625 0.10468750000000009 0.640625 0.10937500000000008 0.6484375 0.10937500000000008
8 0.64375 0.10000000000000009 0.6328125 0.10000000000000009 0.6328125 0.1062500000000001 0.64375 0.1062500000000001
8 0.6328125 0.08906250000000007 0.621875 0.08906250000000007 0.621875 0.09531250000000006 0.6328125 0.09531250000000006
8 0.640625 0.07500000000000008 0.6296875 0.07500000000000007 0.6296875 0.08750000000000008 0.640625 0.08750000000000009
8 0.6359375 0.07968750000000008 0.628125 0.07968750000000006 0.628125 0.08750000000000008 0.6359375 0.08750000000000009
8 0.6296875 0.08125000000000007 0.6203125 0.08125000000000007 0.6203125 0.08593750000000007 0.6296875 0.08593750000000007
8 0.625 0.08125000000000007 0.6171875 0.08125000000000007 0.6171875 0.09062500000000007 0.625 0.09062500000000007