8 0.14375000000000004 0.2078125 0.13906250000000003 0.2078125 0.13906250000000003 0.2140625 0.14375000000000004 0.2140625
8 0.20625 0.2953125 0.2 0.2953125 0.2 0.3015625 0.20625 0.3015625
8 0.03593750000000003 0.240625 0.026562500000000034 0.240625 0.026562500000000034 0.2453125 0.03593750000000003 0.2453125
8 0.023437500000000035 0.265625 0.015625000000000035 0.265625 0.015625000000000035 0.271875 0.023437500000000035 0.271875
9 0.014062500000000033 0.25 0.009375000000000031 0.25 0.009375000000000031 0.2546875 0.014062500000000033 0.2546875
8 0.003125000000000035 0.2796875 3.425184016365254e-17 0.2796875 3.4538866757202695e-17 0.284375 0.003125000000000035 0.284375
8 0.048437500000000036 0.296875 0.04218750000000003 0.296875 0.04218750000000003 0.303125 0.048437500000000036 0.303125
8 0.11093750000000005 0.2921875 0.10312500000000005 0.2921875 0.10312500000000005 0.3 0.11093750000000005 0.3
10 0.10937500000000004 0.340625 0.10000000000000005 0.340625 0.10000000000000005 0.3484375 0.10937500000000004 0.3484375
8 0.03906250000000004 0.3640625 0.029687500000000044 0.3640625 0.029687500000000044 0.3734375 0.03906250000000004 0.3734375
8 0.05468750000000004 0.3796875 0.04843750000000004 0.3796875 0.04843750000000004 0.3859375 0.05468750000000004 0.3859375
8 0.02031250000000005 0.41875 0.00937500000000005 0.41875 0.009375000000000052 0.425 0.02031250000000005 0.425
8 0.03750000000000005 0.371875 0.029687500000000044 0.371875 0.029687500000000044 0.378125 0.03750000000000005 0.378125
8 0.18750000000000006 0.421875 0.18125000000000005 0.421875 0.18125000000000005 0.434375 0.18750000000000006 0.434375
8 0.10312500000000005 0.440625 0.09218750000000005 0.440625 0.09218750000000005 0.45 0.10312500000000005 0.45
8 0.07968750000000006 0.4734375 0.07031250000000007 0.4734375 0.07031250000000007 0.48125 0.07968750000000006 0.48125
10 0.01875000000000006 0.4734375 0.0062500000000000585 0.4734375 0.0062500000000000585 0.4828125 0.018750000000000062 0.4828125
8 0.014062500000000061 0.48125 0.0031250000000000583 0.48125 0.003125000000000059 0.4890625 0.014062500000000061 0.4890625
8 0.026562500000000065 0.5125 0.015625000000000062 0.5125 0.015625000000000062 0.521875 0.026562500000000065 0.521875
8 0.026562500000000065 0.528125 0.014062500000000066 0.528125 0.014062500000000066 0.5390625 0.026562500000000065 0.5390625
8 0.0031250000000000765 0.615625 7.539231857250894e-17 0.615625 7.625339835315942e-17 0.6296875 0.003125000000000078 0.6296875
8 0.018750000000000083 0.6859375 0.009375000000000083 0.6859375 0.009375000000000085 0.6984375 0.018750000000000083 0.6984375
8 0.020312500000000087 0.71875 0.006250000000000089 0.71875 0.006250000000000089 0.7359375 0.020312500000000087 0.7359375
10 0.00781250000000009 0.7296875 8.936094612528342e-17 0.7296875 9.012635037475052e-17 0.7421875 0.007812500000000092 0.7421875
8 0.031250000000000076 0.653125 0.025000000000000078 0.653125 0.025000000000000078 0.671875 0.031250000000000076 0.671875
8 0.03281250000000008 0.6515625 0.02968750000000008 0.6515625 0.02968750000000008 0.6609375 0.03281250000000008 0.6609375
8 0.039062500000000076 0.64375 0.031250000000000076 0.64375 0.031250000000000076 0.6609375 0.039062500000000076 0.6609375
8 0.045312500000000075 0.640625 0.03437500000000008 0.640625 0.03437500000000008 0.646875 0.045312500000000075 0.646875
8 0.057812500000000086 0.65 0.050000000000000086 0.65 0.050000000000000086 0.6703125 0.057812500000000086 0.6703125
8 0.10000000000000009 0.584375 0.09375000000000007 0.584375 0.09375000000000007 0.596875 0.10000000000000009 0.596875
8 0.12343750000000009 0.5671875 0.11562500000000009 0.5671875 0.11562500000000009 0.5765625 0.12343750000000009 0.5765625
8 0.15468750000000006 0.540625 0.14687500000000003 0.540625 0.14687500000000006 0.5484375 0.1546875000000001 0.5484375
8 0.1843750000000001 0.578125 0.1750000000000001 0.578125 0.1750000000000001 0.584375 0.1843750000000001 0.584375
8 0.06406250000000006 0.5703125 0.06093750000000007 0.5703125 0.06093750000000007 0.58125 0.06406250000000006 0.58125
8 0.06406250000000006 0.5625 0.057812500000000065 0.5625 0.057812500000000065 0.575 0.06406250000000006 0.575
8 0.06875000000000006 0.5578125 0.06406250000000006 0.5578125 0.06406250000000006 0.56875 0.06875000000000006 0.56875
8 0.10312500000000009 0.55 0.09687500000000007 0.55 0.09687500000000007 0.5640625 0.10312500000000009 0.5640625
8 0.11562500000000005 0.53125 0.10625000000000004 0.53125 0.10625000000000004 0.5375 0.11562500000000005 0.5375
8 0.11093750000000005 0.5125 0.10312500000000005 0.5125 0.10312500000000005 0.5203125 0.11093750000000005 0.5203125
8 0.10625000000000004 0.525 0.09531250000000006 0.525 0.09531250000000006 0.5296875 0.10625000000000004 0.5296875
8 0.10000000000000005 0.521875 0.08906250000000007 0.521875 0.08906250000000007 0.5265625 0.10000000000000005 0.5265625
8 0.09375000000000007 0.5109375 0.08437500000000006 0.5109375 0.08437500000000006 0.515625 0.09375000000000007 0.515625
8 0.08906250000000007 0.509375 0.07812500000000007 0.509375 0.07812500000000007 0.515625 0.08906250000000007 0.515625
8 0.08281250000000007 0.4921875 0.07500000000000007 0.4921875 0.07500000000000007 0.50625 0.08281250000000007 0.50625
8 0.07968750000000006 0.4984375 0.07343750000000007 0.4984375 0.07343750000000007 0.5078125 0.07968750000000006 0.5078125
8 0.07500000000000007 0.5015625 0.06406250000000006 0.5015625 0.06406250000000006 0.509375 0.07500000000000007 0.509375
8 0.07656250000000006 0.50625 0.06562500000000007 0.50625 0.06562500000000007 0.5125 0.07656250000000006 0.5125
8 0.06875000000000006 0.50625 0.06093750000000007 0.50625 0.06093750000000007 0.5140625 0.06875000000000006 0.5140625
8 0.0265625000000001 0.8265625 0.004687500000000101 0.8265625 0.004687500000000103 0.846875 0.0265625000000001 0.846875
8 0.015625000000000114 0.9234375 0.009375000000000114 0.9234375 0.009375000000000116 0.9453125 0.015625000000000118 0.9453125
8 0.2390625000000001 0.9 0.2234375000000001 0.9 0.2234375000000001 0.9140625 0.2390625000000001 0.9140625
8 0.4328125 0.690625 0.421875 0.690625 0.421875 0.703125 0.4328125 0.703125
8 0.39531250000000007 0.846875 0.3812500000000001 0.846875 0.3812500000000001 0.859375 0.39531250000000007 0.859375
8 0.4031250000000002 0.8984375 0.3937500000000001 0.8984375 0.3937500000000001 0.91875 0.4031250000000002 0.91875
8 0.3843750000000001 0.896875 0.37187500000000007 0.896875 0.37187500000000007 0.90625 0.3843750000000001 0.90625
8 0.3734375000000001 0.90625 0.3625000000000001 0.90625 0.3625000000000001 0.91875 0.3734375000000001 0.91875
8 0.3656250000000001 0.9140625 0.3593750000000001 0.9140625 0.3593750000000001 0.9328125 0.3656250000000001 0.9328125
8 0.042187500000000044 0.3640625 0.035937500000000046 0.3640625 0.035937500000000046 0.3703125 0.042187500000000044 0.3703125
8 0.01875000000000005 0.4234375 0.009375000000000053 0.4234375 0.009375000000000053 0.428125 0.01875000000000005 0.428125
8 0.11250000000000004 0.515625 0.10312500000000005 0.515625 0.10312500000000005 0.525 0.11250000000000004 0.525