17 0.6546875 0.3578125000000001 0.6359375 0.3578125000000001 0.6359375 0.3984375000000001 0.6546875 0.3984375000000001
17 0.66875 0.4328125 0.640625 0.4328125 0.640625 0.490625 0.66875 0.490625
17 0.6375 0.50625 0.609375 0.50625 0.609375 0.575 0.6375 0.575
17 0.5734375 0.6640625 0.5453125 0.6640625 0.5453125 0.703125 0.5734375 0.703125
17 0.6031250000000001 0.7265625 0.5625000000000002 0.7265625 0.5625000000000002 0.7546875 0.6031250000000001 0.7546875
17 0.4468750000000002 0.75625 0.41718750000000016 0.75625 0.41718750000000016 0.83125 0.4468750000000002 0.83125
17 0.18906250000000008 0.7765625 0.1625000000000001 0.7765625 0.1625000000000001 0.81875 0.18906250000000008 0.81875
17 0.3921875000000001 0.79375 0.3609375000000001 0.79375 0.3609375000000001 0.825 0.3921875000000001 0.825
17 0.540625 0.16093750000000004 0.496875 0.16093750000000004 0.496875 0.21875000000000008 0.540625 0.21875000000000008
17 0.5890625 0.1843750000000001 0.5484375 0.1843750000000001 0.5484375 0.22656250000000008 0.5890625 0.22656250000000008
17 0.653125 0.2578125000000001 0.615625 0.2578125000000001 0.615625 0.3359375000000001 0.653125 0.3359375000000001