8 0.7453125 0.2234375000000001 0.7375 0.2234375000000001 0.7375 0.2484375000000001 0.7453125 0.2484375000000001
8 0.515625 0.2078125000000001 0.503125 0.2078125000000001 0.503125 0.2234375000000001 0.515625 0.2234375000000001
8 0.5203125 0.2171875000000001 0.5125 0.2171875000000001 0.5125 0.23593750000000008 0.5203125 0.23593750000000008
8 0.5171875 0.23593750000000008 0.5046875 0.23593750000000008 0.5046875 0.2531250000000001 0.5171875 0.2531250000000001
8 0.5125 0.2484375000000001 0.5015625 0.2484375000000001 0.5015625 0.2718750000000001 0.5125 0.2718750000000001
8 0.509375 0.2687500000000001 0.49375 0.2687500000000001 0.49375 0.2843750000000001 0.509375 0.2843750000000001
8 0.528125 0.4859375 0.5203125 0.4859375 0.5203125 0.5140625 0.528125 0.5140625
8 0.4515625 0.39531250000000007 0.4390625 0.39531250000000007 0.4390625 0.4203125 0.4515625 0.4203125
8 0.5015625 0.0015625000000000608 0.4859375 0.0015625000000000597 0.4859375 0.02187500000000006 0.5015625 0.02187500000000006
8 0.26875 0.12656250000000005 0.253125 0.12656250000000005 0.253125 0.14062500000000006 0.26875 0.14062500000000006
8 0.19843750000000004 0.35 0.17968750000000006 0.35 0.17968750000000006 0.3625 0.19843750000000004 0.3625
8 0.2468750000000001 0.4453125 0.2218750000000001 0.4453125 0.2218750000000001 0.4625 0.2468750000000001 0.4625
8 0.2453125000000001 0.80625 0.2328125000000001 0.80625 0.2328125000000001 0.853125 0.2453125000000001 0.853125
8 0.27812500000000007 0.5484375 0.25468750000000007 0.5484375 0.25468750000000007 0.5625 0.27812500000000007 0.5625
8 0.25468750000000007 0.540625 0.2328125000000001 0.540625 0.2328125000000001 0.5578125 0.25468750000000007 0.5578125
8 0.23437500000000008 0.54375 0.21250000000000008 0.54375 0.21250000000000008 0.55625 0.23437500000000008 0.55625
8 0.2078125000000001 0.55 0.1859375000000001 0.55 0.1859375000000001 0.5734375 0.2078125000000001 0.5734375
8 0.1750000000000001 0.5796875 0.1468750000000001 0.5796875 0.1468750000000001 0.6171875 0.1750000000000001 0.6171875
8 0.2703125 0.12031250000000004 0.253125 0.12031250000000004 0.253125 0.13281250000000006 0.2703125 0.13281250000000006