8 0.3187500000000001 0.6625 0.30937500000000007 0.6625 0.30937500000000007 0.69375 0.3187500000000001 0.69375
8 0.2734375000000001 0.5359375 0.2531250000000001 0.5359375 0.2531250000000001 0.5609375 0.2734375000000001 0.5609375
8 0.3000000000000001 0.521875 0.2828125000000001 0.521875 0.2828125000000001 0.534375 0.3000000000000001 0.534375
8 0.3187500000000001 0.5140625 0.30156250000000007 0.5140625 0.30156250000000007 0.5265625 0.3187500000000001 0.5265625
8 0.33281250000000007 0.5109375 0.31718750000000007 0.5109375 0.31718750000000007 0.521875 0.33281250000000007 0.521875
8 0.35625000000000007 0.5015625 0.3390625000000001 0.5015625 0.3390625000000001 0.515625 0.35625000000000007 0.515625
8 0.5171875 0.4828125 0.5109375 0.4828125 0.5109375 0.5 0.5171875 0.5
8 0.66875 0.3671875000000001 0.6640625 0.3671875000000001 0.6640625 0.3828125000000001 0.66875 0.3828125000000001
8 0.465625 0.44375 0.4578125 0.44375 0.4578125 0.459375 0.465625 0.459375
8 0.3296875000000001 0.45 0.3109375000000001 0.45 0.3109375000000001 0.465625 0.3296875000000001 0.465625
8 0.2875000000000001 0.4140625 0.2765625000000001 0.4140625 0.2765625000000001 0.428125 0.2875000000000001 0.428125
8 0.50625 0.3812500000000001 0.4953125 0.3812500000000001 0.4953125 0.3921875000000001 0.50625 0.3921875000000001
8 0.5078125 0.37187500000000007 0.5015625 0.37187500000000007 0.5015625 0.3859375000000001 0.5078125 0.3859375000000001
8 0.5125 0.3531250000000001 0.5046875 0.3531250000000001 0.5046875 0.3625000000000001 0.5125 0.3625000000000001
8 0.50625 0.2609375000000001 0.496875 0.2609375000000001 0.496875 0.2718750000000001 0.50625 0.2718750000000001
8 0.35 0.3046875 0.3421875 0.3046875 0.3421875 0.315625 0.35 0.315625
8 0.3890625 0.2312500000000001 0.3796875 0.2312500000000001 0.3796875 0.24375000000000008 0.3890625 0.24375000000000008
8 0.4125 0.2328125000000001 0.4078125 0.2328125000000001 0.4078125 0.2406250000000001 0.4125 0.2406250000000001
8 0.43125 0.2140625000000001 0.4234375 0.2140625000000001 0.4234375 0.2250000000000001 0.43125 0.2250000000000001
8 0.4875 0.14531250000000004 0.478125 0.14531250000000004 0.478125 0.15781250000000005 0.4875 0.15781250000000005
8 0.4890625 0.09375000000000007 0.484375 0.09375000000000007 0.484375 0.10312500000000005 0.4890625 0.10312500000000005
8 0.49375 0.11093750000000005 0.4828125 0.11093750000000005 0.4828125 0.11875000000000005 0.49375 0.11875000000000005
8 0.5 0.12500000000000006 0.4921875 0.12500000000000006 0.4921875 0.13437500000000005 0.5 0.13437500000000005
8 0.4984375 0.13125000000000003 0.4875 0.13125000000000003 0.4875 0.14218750000000005 0.4984375 0.14218750000000005
8 0.509375 0.10937500000000004 0.5 0.10937500000000004 0.5 0.11406250000000004 0.509375 0.11406250000000004
8 0.5203125 0.10468750000000004 0.5109375 0.10468750000000004 0.5109375 0.11562500000000005 0.5203125 0.11562500000000005
8 0.5171875 0.10781250000000005 0.5109375 0.10781250000000005 0.5109375 0.11562500000000005 0.5171875 0.11562500000000005
8 0.5359375 0.07812500000000007 0.5234375 0.07812500000000007 0.5234375 0.08750000000000006 0.5359375 0.08750000000000006
8 0.55 0.07812500000000007 0.54375 0.07812500000000007 0.54375 0.08906250000000007 0.55 0.08906250000000007
8 0.55625 0.09218750000000006 0.5484375 0.09218750000000006 0.5484375 0.09687500000000007 0.55625 0.09687500000000007
8 0.56875 0.08593750000000007 0.5625 0.08593750000000007 0.5625 0.09218750000000006 0.56875 0.09218750000000006
8 0.615625 0.08281250000000007 0.609375 0.08281250000000007 0.609375 0.08593750000000007 0.615625 0.08593750000000007
8 0.621875 0.07187500000000006 0.6171875 0.07187500000000006 0.6171875 0.07968750000000006 0.621875 0.07968750000000006
8 0.625 0.06875000000000006 0.61875 0.06875000000000006 0.61875 0.07343750000000007 0.625 0.07343750000000007
8 0.6296875 0.06093750000000007 0.621875 0.06093750000000007 0.621875 0.06718750000000007 0.6296875 0.06718750000000007
8 0.6265625 0.056250000000000064 0.621875 0.056250000000000064 0.621875 0.06093750000000007 0.6265625 0.06093750000000007
8 0.69375 0.017187500000000085 0.6859375 0.017187500000000085 0.6859375 0.021875000000000082 0.69375 0.021875000000000082
9 0.653125 0.028125000000000077 0.6484375 0.028125000000000077 0.6484375 0.03437500000000008 0.653125 0.03437500000000008
8 0.6375 0.010937500000000077 0.63125 0.010937500000000077 0.63125 0.02187500000000008 0.6375 0.02187500000000008
8 0.6125 0.02656250000000008 0.603125 0.02656250000000008 0.603125 0.03281250000000008 0.6125 0.03281250000000008
8 0.6140625 0.028125000000000077 0.609375 0.028125000000000077 0.609375 0.03437500000000008 0.6140625 0.03437500000000008
8 0.6109375 0.03281250000000008 0.6015625 0.03281250000000008 0.6015625 0.04062500000000008 0.6109375 0.04062500000000008
8 0.6125 0.04062500000000008 0.6046875 0.04062500000000008 0.6046875 0.045312500000000075 0.6125 0.045312500000000075
8 0.609375 0.04375000000000008 0.596875 0.04375000000000008 0.596875 0.05156250000000007 0.609375 0.05156250000000007
8 0.609375 0.04843750000000008 0.603125 0.04843750000000008 0.603125 0.05468750000000007 0.609375 0.05468750000000007
8 0.603125 0.050000000000000065 0.6 0.050000000000000065 0.6 0.05937500000000007 0.603125 0.05937500000000007
8 0.6 0.056250000000000064 0.5921875 0.056250000000000064 0.5921875 0.06093750000000007 0.6 0.06093750000000007
8 0.6 0.06093750000000007 0.5953125 0.06093750000000007 0.5953125 0.06562500000000007 0.6 0.06562500000000007
8 0.58125 0.07343750000000007 0.571875 0.07343750000000007 0.571875 0.07968750000000006 0.58125 0.07968750000000006
8 0.5828125 0.07968750000000006 0.575 0.07968750000000006 0.575 0.08437500000000006 0.5828125 0.08437500000000006
8 0.571875 0.05468750000000007 0.56875 0.05468750000000007 0.56875 0.06250000000000007 0.571875 0.06250000000000007
8 0.578125 0.057812500000000065 0.5703125 0.057812500000000065 0.5703125 0.06562500000000007 0.578125 0.06562500000000007
8 0.56875 0.05468750000000007 0.559375 0.05468750000000007 0.559375 0.06406250000000006 0.56875 0.06406250000000006
8 0.5890625 0.026562500000000065 0.58125 0.026562500000000065 0.58125 0.03593750000000007 0.5890625 0.03593750000000007
8 0.59375 0.015625000000000073 0.5890625 0.015625000000000073 0.5890625 0.023437500000000073 0.59375 0.023437500000000073
8 0.571875 0.010937500000000069 0.5578125 0.010937500000000069 0.5578125 0.021875000000000068 0.571875 0.02187500000000007
8 0.65625 7.960204194457795e-17 0.64375 7.883663769511086e-17 0.64375 0.00468750000000008 0.65625 0.0046875000000000805
8 0.35 0.303125 0.340625 0.303125 0.340625 0.3140625 0.35 0.3140625
8 0.5671875 0.08125000000000007 0.559375 0.08125000000000007 0.559375 0.08906250000000007 0.5671875 0.08906250000000007
8 0.5671875 0.07812500000000007 0.5578125 0.07812500000000007 0.5578125 0.08281250000000007 0.5671875 0.08281250000000007
8 0.5109375 0.3671875000000001 0.5015625 0.3671875000000001 0.5015625 0.3750000000000001 0.5109375 0.3750000000000001
8 0.515625 0.3593750000000001 0.5078125 0.3593750000000001 0.5078125 0.3671875000000001 0.515625 0.3671875000000001
8 0.3859375 0.2312500000000001 0.378125 0.2312500000000001 0.378125 0.24218750000000008 0.3859375 0.24218750000000008