9 0.3875 0.16718750000000004 0.2921875 0.16718750000000004 0.2921875 0.2671875 0.3875 0.2671875000000001
9 0.46875 0.3515625000000001 0.415625 0.3515625000000001 0.415625 0.428125 0.46875 0.428125
9 0.6125 0.6078125 0.584375 0.6078125 0.584375 0.646875 0.6125 0.646875
9 0.6656250000000001 0.8078125 0.6203125000000002 0.8078125 0.6203125000000002 0.8890625 0.6656250000000001 0.8890625
9 0.434375 0.59375 0.4171875 0.59375 0.4171875 0.61875 0.434375 0.61875
9 0.4281250000000002 0.7515625 0.3968750000000001 0.7515625 0.3968750000000001 0.815625 0.4281250000000002 0.815625
9 0.37187500000000007 0.603125 0.33281250000000007 0.603125 0.33281250000000007 0.7 0.37187500000000007 0.7
9 0.3125000000000001 0.4796875 0.27031250000000007 0.4796875 0.27031250000000007 0.540625 0.3125000000000001 0.540625
9 0.3453125000000001 0.4484375 0.2953125000000001 0.4484375 0.2953125000000001 0.51875 0.3453125000000001 0.51875
9 0.22656250000000008 0.6359375 0.1906250000000001 0.6359375 0.1906250000000001 0.6796875 0.22656250000000008 0.6796875
9 0.1375000000000001 0.7125 0.0906250000000001 0.7125 0.0906250000000001 0.765625 0.1375000000000001 0.765625
8 0.10156250000000008 0.8234375 0.08281250000000011 0.8234375 0.08281250000000011 0.8765625 0.10156250000000008 0.8765625