18 0.6125 0.08437500000000006 0.575 0.08437500000000006 0.575 0.14062500000000008 0.6125 0.14062500000000008
9 0.434375 0.02500000000000005 0.40625 0.025000000000000043 0.40625 0.08593750000000004 0.434375 0.08593750000000004
9 0.2484375 2.956373913566657e-17 0.234375 2.870265935501609e-17 0.234375 0.00781250000000003 0.2484375 0.007812500000000031
9 0.184375 0.02812500000000002 0.146875 0.02812500000000002 0.146875 0.06562500000000002 0.184375 0.06562500000000002
8 0.15625 0.1046875 0.1421875 0.1046875 0.1421875 0.14375 0.15625 0.14375
9 0.16406250000000006 0.21875 0.13750000000000004 0.21875 0.13750000000000004 0.259375 0.16406250000000006 0.259375
8 0.13906250000000003 0.228125 0.12656250000000005 0.228125 0.12656250000000005 0.2625 0.13906250000000003 0.2625
8 0.18281250000000004 0.2578125 0.16406250000000006 0.2578125 0.16406250000000006 0.2703125 0.18281250000000004 0.2703125
8 0.17656250000000004 0.2765625 0.16406250000000006 0.2765625 0.16406250000000006 0.3078125 0.17656250000000004 0.3078125
9 0.275 0.234375 0.2453125 0.234375 0.2453125 0.284375 0.275 0.284375
8 0.12812500000000004 0.3640625 0.10156250000000004 0.3640625 0.10156250000000004 0.3875 0.12812500000000004 0.3875
8 0.07031250000000006 0.4453125 0.05468750000000004 0.4453125 0.054687500000000056 0.484375 0.07031250000000007 0.484375
9 0.20468750000000008 0.4078125 0.14218750000000005 0.4078125 0.14218750000000005 0.4953125 0.20468750000000008 0.4953125
9 0.3921875000000001 0.5328125 0.29375000000000007 0.5328125 0.29375000000000007 0.6140625 0.3921875000000001 0.6140625
9 0.3937500000000001 0.6421875 0.3734375000000001 0.6421875 0.3734375000000001 0.684375 0.3937500000000001 0.684375
9 0.3312500000000001 0.675 0.3000000000000001 0.675 0.3000000000000001 0.7203125 0.3312500000000001 0.7203125
9 0.24375000000000008 0.675 0.22031250000000008 0.675 0.22031250000000008 0.6921875 0.24375000000000008 0.6921875
8 0.2921875000000001 0.7921875 0.2656250000000001 0.7921875 0.2656250000000001 0.80625 0.2921875000000001 0.80625
9 0.2234375000000001 0.803125 0.2093750000000001 0.803125 0.2093750000000001 0.834375 0.2234375000000001 0.834375
8 0.21093750000000008 0.946875 0.19531250000000014 0.946875 0.19531250000000014 0.984375 0.21093750000000008 0.984375
9 0.36406250000000007 0.78125 0.3234375000000001 0.78125 0.3234375000000001 0.8609375 0.36406250000000007 0.8609375
9 0.34062500000000007 0.8125 0.3125000000000001 0.8125 0.3125000000000001 0.871875 0.34062500000000007 0.871875
9 0.4125000000000002 0.9453125 0.34843750000000007 0.9453125 0.34843750000000007 1 0.4125000000000002 1