17 0.16250000000000003 0.43125 0.13281250000000006 0.43125 0.13281250000000006 0.475 0.16250000000000003 0.475
17 0.4078125 0.44375 0.3671875000000001 0.44375 0.3671875000000001 0.503125 0.4078125 0.503125
17 0.6875 0.459375 0.6359375 0.459375 0.6359375 0.503125 0.6875 0.503125
17 0.796875 0.46406250000000016 0.78125 0.46406250000000016 0.78125 0.5031250000000002 0.796875 0.5031250000000002
17 0.5484375 0.4734375 0.525 0.4734375 0.525 0.5125 0.5484375 0.5125
17 0.75 0.4937500000000001 0.709375 0.49375 0.709375 0.534375 0.75 0.5343750000000002
17 0.871875 0.4968750000000002 0.815625 0.4968750000000002 0.815625 0.5468750000000002 0.871875 0.5468750000000002
17 1 0.5000000000000002 0.978125 0.5000000000000002 0.978125 0.5531250000000002 1 0.5531250000000002
17 0.94375 0.5015625000000001 0.9234375 0.5015625000000001 0.9234375 0.5562500000000001 0.94375 0.5562500000000001
17 0.3046875000000001 0.51875 0.2828125000000001 0.51875 0.2828125000000001 0.5546875 0.3046875000000001 0.5546875
17 0.5421875 0.5328125 0.503125 0.5328125 0.503125 0.56875 0.5421875 0.56875