9 0.3890625 0.17968750000000006 0.29375 0.17968750000000006 0.29375 0.2828125 0.3890625 0.2828125000000001
9 0.46875 0.3656250000000001 0.4171875 0.3656250000000001 0.4171875 0.44375 0.46875 0.44375
9 0.6125 0.621875 0.584375 0.621875 0.584375 0.6640625 0.6125 0.6640625
9 0.6609375000000002 0.828125 0.6140625000000002 0.828125 0.6140625000000002 0.9109375 0.6609375000000002 0.9109375
9 0.43125 0.6171875 0.415625 0.6171875 0.415625 0.640625 0.43125 0.640625
9 0.4203125000000002 0.7734375 0.3906250000000001 0.7734375 0.3906250000000001 0.840625 0.4203125000000002 0.840625
9 0.3812500000000001 0.665625 0.3390625000000001 0.665625 0.3390625000000001 0.765625 0.3812500000000001 0.765625
9 0.3375000000000001 0.459375 0.2921875000000001 0.459375 0.2921875000000001 0.534375 0.3375000000000001 0.534375
9 0.30156250000000007 0.49375 0.2609375000000001 0.49375 0.2609375000000001 0.5546875 0.30156250000000007 0.5546875
9 0.2312500000000001 0.6484375 0.19531250000000008 0.6484375 0.19531250000000008 0.690625 0.2312500000000001 0.690625
9 0.1375000000000001 0.725 0.09218750000000009 0.725 0.09218750000000009 0.771875 0.1375000000000001 0.771875
8 0.10156250000000008 0.8328125 0.08437500000000012 0.8328125 0.08437500000000012 0.8859375 0.10156250000000008 0.8859375