18 0.7281250000000001 0.9734375 0.7078125000000002 0.9734375 0.7078125000000002 1 0.7281250000000001 1
18 0.70625 0.525 0.6765625 0.525 0.6765625 0.5578125 0.70625 0.5578125
18 0.709375 0.4171875 0.6921875 0.4171875 0.6921875 0.434375 0.709375 0.434375
18 0.75 0.4203125000000002 0.7421875 0.4203125000000002 0.7421875 0.4390625000000002 0.75 0.4390625000000002
18 0.7359375 0.2875000000000001 0.7109375 0.2875000000000001 0.7109375 0.3125000000000001 0.7359375 0.3125000000000001
18 0.6765625 0.29375000000000007 0.6609375 0.29375000000000007 0.6609375 0.3265625000000001 0.6765625 0.3265625000000001
18 0.6296875 0.3578125000000001 0.6015625 0.3578125000000001 0.6015625 0.4 0.6296875 0.4
18 0.6515625 0.3578125000000001 0.6234375 0.3578125000000001 0.6234375 0.4 0.6515625 0.4
18 0.6125 0.4125 0.6015625 0.4125 0.6015625 0.434375 0.6125 0.434375
18 0.6390625 0.428125 0.6203125 0.428125 0.6203125 0.4671875 0.6390625 0.4671875
18 0.6734375 0.4484375 0.6453125 0.4484375 0.6453125 0.4953125 0.6734375 0.4953125
18 0.6375 0.55625 0.5953125 0.55625 0.5953125 0.5921875 0.6375 0.5921875
18 0.6203125 0.578125 0.5859375 0.578125 0.5859375 0.625 0.6203125 0.625
18 0.65 0.590625 0.6203125 0.590625 0.6203125 0.6328125 0.65 0.6328125
18 0.6921875 0.640625 0.6625 0.640625 0.6625 0.6828125 0.6921875 0.6828125
18 0.6265625 0.646875 0.5921875 0.646875 0.5921875 0.68125 0.6265625 0.68125
18 0.5984375 0.2218750000000001 0.56875 0.2218750000000001 0.56875 0.25468750000000007 0.5984375 0.25468750000000007
18 0.6578125 0.30156250000000007 0.6484375 0.30156250000000007 0.6484375 0.3156250000000001 0.6578125 0.3156250000000001
18 0.5578125 0.05937500000000007 0.5484375 0.05937500000000007 0.5484375 0.07343750000000007 0.5578125 0.07343750000000007
18 0.5109375 0.12812500000000004 0.5 0.12812500000000004 0.5 0.13906250000000003 0.5109375 0.13906250000000003
18 0.434375 0.07343750000000004 0.425 0.07343750000000004 0.425 0.08125000000000004 0.434375 0.08125000000000004
18 0.43125 0.08125000000000004 0.41875 0.08125000000000004 0.41875 0.09687500000000004 0.43125 0.09687500000000004
18 0.40625 0.08750000000000005 0.3890625 0.08750000000000005 0.3890625 0.10000000000000005 0.40625 0.10000000000000005
18 0.3828125 0.05468750000000004 0.378125 0.05468750000000004 0.378125 0.06406250000000005 0.3828125 0.06406250000000005
18 0.3734375 0.05312500000000005 0.36875 0.05312500000000005 0.36875 0.06093750000000005 0.3734375 0.06093750000000005
18 0.390625 0.018750000000000048 0.3828125 0.018750000000000044 0.3828125 0.028125000000000046 0.390625 0.028125000000000046
18 0.3953125 0.029687500000000044 0.3859375 0.029687500000000044 0.3859375 0.03750000000000005 0.3953125 0.03750000000000005
18 0.3953125 0.035937500000000046 0.3859375 0.035937500000000046 0.3859375 0.043750000000000046 0.3953125 0.043750000000000046
18 0.3484375 0.06875000000000005 0.3359375 0.06875000000000005 0.3359375 0.08281250000000004 0.3484375 0.08281250000000004
18 0.3375 0.07031250000000004 0.3265625 0.07031250000000004 0.3265625 0.07656250000000005 0.3375 0.07656250000000005
18 0.3328125 0.010937500000000041 0.328125 0.01093750000000004 0.328125 0.015625000000000038 0.3328125 0.015625000000000038
18 0.340625 0.0015625000000000413 0.3328125 0.0015625000000000409 0.3328125 0.010937500000000041 0.340625 0.010937500000000041
18 0.346875 0.001562500000000042 0.340625 0.0015625000000000417 0.340625 0.012500000000000044 0.346875 0.012500000000000044
18 0.315625 0.0015625000000000383 0.30625 0.0015625000000000374 0.30625 0.01718750000000004 0.315625 0.01718750000000004
18 0.3046875 0.015625000000000038 0.296875 0.015625000000000038 0.296875 0.029687500000000033 0.3046875 0.029687500000000033
18 0.2953125 0.021875000000000037 0.2859375 0.021875000000000033 0.2859375 0.03593750000000003 0.2953125 0.03593750000000003
18 0.6500000000000001 0.7390625 0.6250000000000002 0.7390625 0.6250000000000002 0.778125 0.6500000000000001 0.778125