18 0.434375 0.050000000000000044 0.3796875 0.050000000000000044 0.3796875 0.09218750000000005 0.434375 0.09218750000000005
18 0.296875 3.310373378945189e-17 0.24375 2.985076572921674e-17 0.24375 0.039062500000000035 0.296875 0.039062500000000035
18 0.253125 2.71718508560819e-17 0.190625 2.3344829608746423e-17 0.190625 0.06093750000000002 0.253125 0.06093750000000002
18 0.1578125 0.06093750000000002 0.1265625 0.06093750000000002 0.1265625 0.09687500000000002 0.1578125 0.09687500000000002
18 0.10625000000000002 0.1546875 0.07031250000000003 0.1546875 0.07031250000000003 0.2015625 0.10625000000000004 0.2015625
18 0.09687500000000002 0.196875 0.08281250000000002 0.196875 0.08281250000000002 0.2265625 0.09687500000000002 0.2265625
18 0.12656250000000005 0.2515625 0.10000000000000005 0.2515625 0.10000000000000005 0.284375 0.12656250000000005 0.284375
18 0.11250000000000004 0.265625 0.09375000000000003 0.265625 0.09375000000000003 0.29375 0.11250000000000004 0.29375
18 0.14531250000000004 0.2703125 0.12500000000000006 0.2703125 0.12500000000000006 0.2828125 0.14531250000000004 0.2828125
18 0.14062500000000006 0.2828125 0.12968750000000004 0.2828125 0.12968750000000004 0.2984375 0.14062500000000006 0.2984375
18 0.12031250000000004 0.3375 0.09218750000000005 0.3375 0.09218750000000005 0.3671875 0.12031250000000004 0.3671875
18 0.09375000000000004 0.3828125 0.07500000000000004 0.3828125 0.07500000000000004 0.41875 0.09375000000000004 0.41875
18 0.2765625000000001 0.5078125 0.2531250000000001 0.5078125 0.2531250000000001 0.5375 0.2765625000000001 0.5375
18 0.2578125000000001 0.434375 0.2390625000000001 0.434375 0.2390625000000001 0.45625 0.2578125000000001 0.45625
18 0.3218750000000001 0.4734375 0.2953125000000001 0.4734375 0.2953125000000001 0.5046875 0.3218750000000001 0.5046875
18 0.2984375000000001 0.5859375 0.2687500000000001 0.5859375 0.2687500000000001 0.6265625 0.2984375000000001 0.6265625
18 0.2796875000000001 0.6484375 0.2406250000000001 0.6484375 0.2406250000000001 0.671875 0.2796875000000001 0.671875
18 0.4312500000000002 0.740625 0.40937500000000016 0.740625 0.40937500000000016 0.7796875 0.4312500000000002 0.7796875
18 0.5359375000000002 0.9546875 0.5093750000000001 0.9546875 0.5093750000000001 1 0.5359375000000002 1
18 0.6515625 0.69375 0.5859375 0.69375 0.5859375000000001 0.75625 0.6515625000000002 0.75625
18 0.6453125000000002 0.740625 0.5953125000000001 0.740625 0.5953125000000001 0.8 0.6453125000000002 0.8
18 0.5546875000000001 0.6703125 0.5203125 0.6703125 0.5203125000000001 0.7328125 0.5546875000000002 0.7328125
18 0.5265625 0.5953125 0.478125 0.5953125 0.478125 0.6890625 0.5265625 0.6890625
18 0.5546875 0.5 0.5140625 0.5 0.5140625 0.590625 0.5546875 0.590625
18 0.584375 0.48125 0.5125 0.48125 0.5125 0.5734375 0.584375 0.5734375
18 0.5296875 0.40625 0.4921875 0.40625 0.4921875 0.4453125 0.5296875 0.4453125
18 0.5609375 0.3703125000000001 0.521875 0.3703125000000001 0.521875 0.43125 0.5609375 0.43125
18 0.4390625 0.465625 0.3890625000000001 0.465625 0.3890625000000001 0.55 0.4390625 0.55
18 0.46875 0.5765625 0.41875 0.5765625 0.41875 0.65625 0.46875 0.65625
18 0.3859375000000001 0.4515625 0.3421875000000001 0.4515625 0.3421875000000001 0.50625 0.3859375000000001 0.50625
18 0.421875 0.3750000000000001 0.3734375000000001 0.3750000000000001 0.3734375000000001 0.428125 0.421875 0.428125
18 0.3578125000000001 0.3765625 0.32500000000000007 0.3765625 0.32500000000000007 0.421875 0.3578125000000001 0.421875
18 0.35781250000000003 0.340625 0.334375 0.340625 0.33437500000000003 0.3859375 0.3578125000000001 0.3859375
18 0.35156250000000006 0.3109375 0.253125 0.3109375 0.25312500000000004 0.39375 0.3515625000000001 0.39375
18 0.2546875 0.23125 0.20625 0.23125 0.20625 0.2984375 0.2546875 0.2984375
18 0.2328125 0.18437500000000004 0.19375000000000003 0.18437500000000004 0.19375000000000003 0.2296875 0.2328125 0.2296875