8 0.615625 0.08750000000000006 0.5890625 0.08750000000000006 0.5890625 0.10781250000000009 0.615625 0.10781250000000009
8 0.7484375 0.15781250000000008 0.7171875 0.15781250000000008 0.7171875 0.18125000000000008 0.7484375 0.18125000000000008
8 0.7390625 0.17343750000000008 0.7109375 0.17343750000000008 0.7109375 0.1937500000000001 0.7390625 0.1937500000000001
8 0.7234375 0.2015625000000001 0.696875 0.2015625000000001 0.696875 0.22031250000000008 0.7234375 0.22031250000000008
8 0.7109375 0.2765625000000001 0.68125 0.2765625000000001 0.68125 0.2953125000000001 0.7109375 0.2953125000000001
8 0.7859375 0.2015625000000001 0.7578125 0.2015625000000001 0.7578125 0.2171875000000001 0.7859375 0.2171875000000001
8 0.890625 0.3281250000000001 0.8609375 0.3281250000000001 0.8609375 0.3421875000000001 0.890625 0.3421875000000001
8 0.8390625 0.37187500000000007 0.7953125 0.37187500000000007 0.7953125 0.3984375000000001 0.8390625 0.3984375000000001
8 0.8390625 0.4968750000000002 0.8109375 0.4968750000000002 0.8109375 0.5343750000000002 0.8390625 0.5343750000000002
8 0.7015625 0.4953125 0.6796875 0.4953125 0.6796875 0.528125 0.7015625 0.528125
8 0.540625 0.425 0.5109375 0.425 0.5109375 0.440625 0.540625 0.440625
8 0.5203125 0.634375 0.478125 0.634375 0.478125 0.6703125 0.5203125 0.6703125
8 0.3578125 0.290625 0.33125 0.290625 0.33125 0.3046875 0.3578125 0.3046875
8 0.22656250000000008 0.5859375 0.1921875000000001 0.5859375 0.1921875000000001 0.625 0.22656250000000008 0.625
8 0.2890625000000001 0.446875 0.2609375000000001 0.446875 0.2609375000000001 0.48125 0.2890625000000001 0.48125
8 0.3765625000000001 0.490625 0.3593750000000001 0.490625 0.3593750000000001 0.5296875 0.3765625000000001 0.5296875
8 0.38750000000000007 0.55625 0.3578125000000001 0.55625 0.3578125000000001 0.5765625 0.38750000000000007 0.5765625
8 0.85 0.49531250000000016 0.8203125 0.49531250000000016 0.8203125 0.5328125000000001 0.85 0.5328125000000001
8 0.3859375000000001 0.5328125 0.36406250000000007 0.5328125 0.36406250000000007 0.5625 0.3859375000000001 0.5625