17 0.409375 0.38750000000000007 0.3687500000000001 0.38750000000000007 0.3687500000000001 0.4453125 0.409375 0.4453125
17 0.18437500000000004 0.3890625 0.14843750000000006 0.3890625 0.14843750000000006 0.44375 0.18437500000000004 0.44375
17 0.6703125 0.403125 0.6171875 0.403125 0.6171875 0.4375 0.6703125 0.4375
17 0.771875 0.4046875000000002 0.75 0.4046875000000002 0.75 0.4437500000000002 0.771875 0.4437500000000002
17 0.54375 0.4125 0.5140625 0.4125 0.5140625 0.446875 0.54375 0.446875
17 0.728125 0.4296875000000001 0.684375 0.4296875 0.684375 0.46562500000000007 0.728125 0.4656250000000002
17 0.8375 0.42968750000000017 0.778125 0.42968750000000017 0.778125 0.4828125000000002 0.8375 0.4828125000000002
17 0.9078125 0.43281250000000016 0.878125 0.43281250000000016 0.878125 0.4812500000000002 0.9078125 0.4812500000000002
17 0.5375 0.4375 0.50625 0.4375 0.50625 0.4859375 0.5375 0.4859375
17 0.9828125 0.44062500000000016 0.9328125 0.44062500000000016 0.9328125 0.4937500000000002 0.9828125 0.4937500000000002
17 0.31718750000000007 0.45625 0.2906250000000001 0.45625 0.2906250000000001 0.4953125 0.31718750000000007 0.4953125