8 0.625 0.001562500000000076 0.6171875 0.0015625000000000755 0.6171875 0.006250000000000077 0.625 0.0062500000000000775
8 0.575 0.018750000000000072 0.571875 0.018750000000000072 0.571875 0.026562500000000065 0.575 0.026562500000000065
8 0.515625 0.012500000000000061 0.5078125 0.012500000000000061 0.5078125 0.02187500000000006 0.515625 0.02187500000000006
8 0.51875 0.03750000000000007 0.5140625 0.03750000000000007 0.5140625 0.04531250000000007 0.51875 0.04531250000000007
8 0.515625 0.05937500000000007 0.5125 0.05937500000000007 0.5125 0.06718750000000007 0.515625 0.06718750000000007
8 0.55 0.07031250000000007 0.5453125 0.07031250000000007 0.5453125 0.07968750000000006 0.55 0.07968750000000006
8 0.5546875 0.08750000000000006 0.5484375 0.08750000000000006 0.5484375 0.09375000000000007 0.5546875 0.09375000000000007
8 0.5421875 0.11718750000000004 0.5359375 0.11718750000000004 0.5359375 0.12500000000000006 0.5421875 0.12500000000000006
8 0.5453125 0.13125000000000006 0.5359375 0.13125000000000003 0.5359375 0.14375000000000007 0.5453125 0.1437500000000001
8 0.5421875 0.14531250000000004 0.534375 0.14531250000000004 0.534375 0.15312500000000004 0.5421875 0.15312500000000004
8 0.6765625 0.3078125000000001 0.665625 0.3078125000000001 0.665625 0.3218750000000001 0.6765625 0.3218750000000001
10 0.5890625 0.2078125000000001 0.5796875 0.2078125000000001 0.5796875 0.2156250000000001 0.5890625 0.2156250000000001
10 0.5796875 0.22656250000000008 0.5671875 0.22656250000000008 0.5671875 0.2390625000000001 0.5796875 0.2390625000000001
8 0.5453125 0.2234375000000001 0.5296875 0.2234375000000001 0.5296875 0.2390625000000001 0.5453125 0.2390625000000001
8 0.5078125 0.16718750000000004 0.5015625 0.16718750000000004 0.5015625 0.17500000000000004 0.5078125 0.17500000000000004
8 0.5203125 0.17031250000000003 0.5171875 0.17031250000000003 0.5171875 0.18125000000000005 0.5203125 0.18125000000000005
8 0.4796875 0.2000000000000001 0.4765625 0.2000000000000001 0.4765625 0.2093750000000001 0.4796875 0.2093750000000001
8 0.4703125 0.18906250000000005 0.4640625 0.18906250000000005 0.4640625 0.19687500000000005 0.4703125 0.19687500000000005
8 0.428125 0.10781250000000005 0.41875 0.10781250000000005 0.41875 0.11875000000000005 0.428125 0.11875000000000005
8 0.4546875 0.08593750000000006 0.44375 0.08593750000000004 0.44375 0.09687500000000006 0.4546875 0.09687500000000007
8 0.440625 0.10937500000000004 0.4328125 0.10937500000000004 0.4328125 0.11562500000000005 0.440625 0.11562500000000005
8 0.4734375 0.09218750000000006 0.4671875 0.09218750000000006 0.4671875 0.09687500000000007 0.4734375 0.09687500000000007
8 0.4828125 0.07656250000000006 0.4765625 0.07656250000000006 0.4765625 0.08281250000000007 0.4828125 0.08281250000000007
8 0.4984375 0.07343750000000007 0.4921875 0.07343750000000007 0.4921875 0.07812500000000007 0.4984375 0.07812500000000007
8 0.509375 0.07812500000000007 0.5015625 0.07812500000000007 0.5015625 0.08281250000000007 0.509375 0.08281250000000007
8 0.4875 0.09218750000000006 0.4796875 0.09218750000000006 0.4796875 0.09843750000000007 0.4875 0.09843750000000007
8 0.7625 0.2171875000000001 0.7515625 0.2171875000000001 0.7515625 0.2250000000000001 0.7625 0.2250000000000001
9 0.7859375 0.4515625000000002 0.7484375 0.4515625000000002 0.7484375 0.49531250000000016 0.7859375 0.49531250000000016
10 0.909375 0.6890625000000001 0.89375 0.6890625000000001 0.89375 0.7125000000000001 0.909375 0.7125000000000001
9 0.8390625 0.6203125000000002 0.81875 0.6203125000000002 0.81875 0.6562500000000002 0.8390625 0.6562500000000002
9 0.8625 0.6937500000000002 0.8171875 0.6937500000000002 0.8171875 0.7390625000000002 0.8625 0.7390625000000002
9 0.9125 0.7500000000000002 0.865625 0.7500000000000002 0.865625 0.7937500000000002 0.9125 0.7937500000000002
9 0.8828125 0.7968750000000002 0.8484375 0.7968750000000002 0.8484375 0.84375 0.8828125 0.84375
9 0.9359375 0.8890625 0.8859375 0.8890625 0.8859375 0.95 0.9359375 0.95
8 0.8234375 0.8921875 0.803125 0.8921875 0.803125 0.9078125 0.8234375 0.9078125
8 0.58125 0.020312500000000074 0.575 0.020312500000000074 0.575 0.028125000000000067 0.58125 0.028125000000000067
8 0.578125 0.018750000000000072 0.575 0.018750000000000072 0.575 0.026562500000000065 0.578125 0.026562500000000065
8 0.5046875 0.07343750000000007 0.5015625 0.07343750000000007 0.5015625 0.08281250000000007 0.5046875 0.08281250000000007
8 0.5390625 0.11718750000000004 0.5296875 0.11718750000000004 0.5296875 0.12343750000000005 0.5390625 0.12343750000000005
8 0.484375 0.09062500000000007 0.478125 0.09062500000000007 0.478125 0.09843750000000007 0.484375 0.09843750000000007
8 0.5390625 0.13437500000000005 0.534375 0.13437500000000005 0.534375 0.14218750000000005 0.5390625 0.14218750000000005
10 0.465625 0.18906250000000005 0.4578125 0.18906250000000005 0.4578125 0.19843750000000004 0.465625 0.19843750000000004