17 0.9703125 0.3687500000000001 0.9171875 0.3687500000000001 0.9171875 0.4046875000000002 0.9703125 0.4046875000000002
17 0.703125 0.3703125000000001 0.6625 0.3703125000000001 0.6625 0.4078125 0.703125 0.4078125
17 0.909375 0.3828125000000001 0.865625 0.3828125000000001 0.865625 0.4125000000000002 0.909375 0.4125000000000002
17 0.7671875 0.3890625000000001 0.7328125 0.3890625000000001 0.7328125 0.41406250000000017 0.7671875 0.41406250000000017
17 0.51875 0.3906250000000001 0.49375 0.3906250000000001 0.49375 0.4328125 0.51875 0.4328125
17 0.15156250000000004 0.396875 0.12031250000000004 0.396875 0.12031250000000004 0.4375 0.15156250000000004 0.4375
17 0.6484375 0.3937500000000001 0.6 0.3937500000000001 0.6 0.4421875 0.6484375 0.4421875
17 0.3765625000000001 0.384375 0.3546875000000001 0.384375 0.3546875000000001 0.4671875 0.3765625000000001 0.4671875
17 0.8265625 0.40625000000000017 0.76875 0.40625000000000017 0.76875 0.4500000000000002 0.8265625 0.4500000000000002
17 0.496875 0.43125 0.4796875 0.43125 0.4796875 0.48125 0.496875 0.48125
17 0.3218750000000001 0.459375 0.2906250000000001 0.459375 0.2906250000000001 0.5015625 0.3218750000000001 0.5015625