18 0.44375 0.06250000000000004 0.3453125 0.06250000000000004 0.3453125 0.16875000000000004 0.44375 0.16875000000000004
18 0.2625 2.7267526387265288e-17 0.1828125 2.2388074296912548e-17 0.1828125 0.04687500000000003 0.2625 0.046875000000000035
18 0.384375 0.14687500000000003 0.3421875 0.14687500000000003 0.3421875 0.20000000000000004 0.384375 0.2000000000000001
18 0.45625 0.17500000000000004 0.4234375 0.17500000000000004 0.4234375 0.2250000000000001 0.45625 0.2250000000000001
18 0.4078125 0.2328125000000001 0.3703125 0.2328125000000001 0.3703125 0.30937500000000007 0.4078125 0.30937500000000007
18 0.3875 0.24062500000000003 0.359375 0.240625 0.359375 0.32343750000000004 0.3875 0.3234375000000001
18 0.35 0.2390625 0.3265625 0.2390625 0.3265625 0.271875 0.35 0.271875
18 0.2859375 0.2484375 0.271875 0.2484375 0.271875 0.2984375 0.2859375 0.2984375
18 0.275 0.35625 0.2609375 0.35625 0.26093750000000004 0.4046875 0.2750000000000001 0.4046875
18 0.2328125000000001 0.4296875 0.21093750000000008 0.4296875 0.21093750000000008 0.45 0.2328125000000001 0.45
18 0.3515625000000001 0.63125 0.3312500000000001 0.63125 0.3312500000000001 0.684375 0.3515625000000001 0.684375
18 0.15 1.674321795709272e-17 0.1234375 1.511673392697514e-17 0.1234375 0.015625000000000017 0.15 0.015625000000000017
18 0.5046875 0.53125 0.4796875 0.53125 0.4796875 0.584375 0.5046875 0.584375
18 0.459375 0.3750000000000001 0.409375 0.3750000000000001 0.409375 0.4703125 0.459375 0.4703125
18 0.5484375000000001 0.6265625 0.5 0.6265625 0.5000000000000001 0.7296875 0.5484375000000001 0.7296875
18 0.4125000000000001 0.715625 0.3734375000000001 0.715625 0.3734375000000001 0.784375 0.4125000000000002 0.784375
18 0.45625000000000016 0.7921875 0.4109375000000002 0.7921875 0.4109375000000002 0.8671875 0.45625000000000016 0.8671875
18 0.5078125000000002 0.8078125 0.4437500000000002 0.8078125 0.4437500000000002 0.9015625 0.5078125000000002 0.9015625
18 0.4734375000000002 0.8390625 0.4109375000000002 0.8390625 0.4109375000000002 0.9203125 0.4734375000000002 0.9203125