7 0.83125 0.21250000000000008 0.778125 0.21250000000000008 0.778125 0.3140625000000001 0.83125 0.3140625000000001
7 0.95 0.13125000000000012 0.8765625 0.1312500000000001 0.8765625 0.2140625000000001 0.95 0.2140625000000001
7 0.975 0.1984375000000001 0.896875 0.1984375000000001 0.896875 0.3078125000000001 0.975 0.3078125000000001
7 0.9375 0.40625000000000017 0.896875 0.40625000000000017 0.896875 0.47968750000000016 0.9375 0.47968750000000016
7 0.6828125 0.2140625000000001 0.634375 0.2140625000000001 0.634375 0.2906250000000001 0.6828125 0.2906250000000001
7 0.759375 0.1859375000000001 0.6828125 0.1859375000000001 0.6828125 0.2828125000000001 0.759375 0.2828125000000001
9 0.915625 1.0830470129959405e-16 0.853125 1.0447768005225856e-16 0.853125 0.03593750000000011 0.915625 0.03593750000000011
7 0.834375 0.8046875 0.7703125000000002 0.8046875 0.7703125000000002 0.9265625 0.834375 0.9265625
7 0.6703125000000001 0.7109375 0.5796875 0.7109375 0.5796875000000001 0.8234375 0.6703125000000002 0.8234375
7 0.5296875 0.46875 0.45625 0.46875 0.45625 0.5625 0.5296875 0.5625
7 0.59375 0.3781250000000001 0.5421875 0.3781250000000001 0.5421875 0.48125 0.59375 0.48125