18 0.265625 2.7937255105548996e-17 0.190625 2.3344829608746423e-17 0.190625 0.045312500000000026 0.265625 0.04531250000000003
18 0.153125 0.0015625000000000174 0.13125 0.001562500000000016 0.13125 0.020312500000000018 0.153125 0.020312500000000018
18 0.4484375 0.06093750000000005 0.3546875 0.06093750000000005 0.3546875 0.17031250000000003 0.4484375 0.17031250000000003
18 0.4640625 0.17812500000000003 0.421875 0.17812500000000003 0.421875 0.2156250000000001 0.4640625 0.2156250000000001
18 0.3921875 0.14218750000000005 0.35 0.14218750000000005 0.35 0.19687500000000005 0.3921875 0.19687500000000005
18 0.309375 0.15625000000000006 0.2796875 0.15625000000000006 0.2796875 0.17968750000000006 0.309375 0.17968750000000006
18 0.35 0.24375 0.321875 0.24375 0.321875 0.271875 0.35 0.271875
18 0.41875 0.2312500000000001 0.3703125 0.2312500000000001 0.3703125 0.3078125000000001 0.41875 0.3078125000000001
18 0.3921875 0.2562500000000001 0.3640625 0.2562500000000001 0.3640625 0.3218750000000001 0.3921875 0.3218750000000001
18 0.2921875 0.2609375 0.2765625 0.2609375 0.2765625 0.290625 0.2921875 0.290625
18 0.28593750000000007 0.35625 0.2609375 0.35625 0.26093750000000004 0.40625 0.28593750000000007 0.40625
18 0.2406250000000001 0.4109375 0.21250000000000008 0.4109375 0.21250000000000008 0.4515625 0.2406250000000001 0.4515625
18 0.3625000000000001 0.628125 0.3343750000000001 0.628125 0.3343750000000001 0.671875 0.3625000000000001 0.671875
18 0.521875 0.503125 0.49375 0.503125 0.49375 0.5625 0.521875 0.5625
18 0.4734375 0.36406250000000007 0.4171875 0.36406250000000007 0.4171875 0.4578125 0.4734375 0.4578125
18 0.5625 0.6203125 0.51875 0.6203125 0.51875 0.7109375 0.5625 0.7109375
18 0.41875000000000007 0.6796875 0.3859375000000001 0.6796875 0.3859375000000001 0.765625 0.4187500000000002 0.765625
18 0.5093750000000001 0.7640625 0.4281250000000002 0.7640625 0.4281250000000002 0.8734375 0.5093750000000001 0.8734375
18 0.48437500000000017 0.80625 0.4203125000000002 0.80625 0.4203125000000002 0.8875 0.48437500000000017 0.8875