17 0.13906250000000006 0.525 0.11562500000000005 0.525 0.11562500000000006 0.559375 0.1390625000000001 0.559375
17 0.3265625000000001 0.5265625 0.29375000000000007 0.5265625 0.29375000000000007 0.578125 0.3265625000000001 0.578125
17 0.5328125 0.54375 0.4890625 0.54375 0.4890625 0.5765625 0.5328125 0.5765625
17 0.6234375 0.5515625 0.6 0.5515625 0.6 0.578125 0.6234375 0.578125
17 0.4296875 0.5484375 0.4078125 0.5484375 0.4078125 0.5828125 0.4296875 0.5828125
17 0.5796875 0.5640625 0.5453125 0.5640625 0.5453125 0.59375 0.5796875 0.59375
17 0.7875 0.5718750000000001 0.746875 0.5718750000000001 0.746875 0.6062500000000002 0.7875 0.6062500000000002
17 0.6640625 0.5671875 0.621875 0.5671875 0.621875 0.6125 0.6640625 0.6125
17 0.7203125 0.56875 0.7046875 0.56875 0.7046875 0.6140625 0.7203125 0.6140625
17 0.2921875000000001 0.5953125 0.27812500000000007 0.5953125 0.27812500000000007 0.6234375 0.2921875000000001 0.6234375
17 0.41875 0.596875 0.3890625000000001 0.596875 0.3890625000000001 0.625 0.41875 0.625