8 0.3671875 0.08906250000000004 0.3578125 0.08906250000000004 0.3578125 0.11875000000000005 0.3671875 0.11875000000000005
9 0.4578125 0.05781250000000006 0.4296875 0.057812500000000044 0.4296875 0.09375000000000006 0.4578125 0.09375000000000007
9 0.4875 0.17500000000000004 0.44375 0.17500000000000004 0.44375 0.2406250000000001 0.4875 0.2406250000000001
9 0.36875 0.18437500000000004 0.3265625 0.18437500000000004 0.3265625 0.24687500000000004 0.36875 0.2468750000000001
9 0.40625 0.23437500000000008 0.375 0.23437500000000008 0.375 0.2921875000000001 0.40625 0.2921875000000001
9 0.4140625 0.3046875000000001 0.36875 0.3046875000000001 0.36875 0.3765625000000001 0.4140625 0.3765625000000001
8 0.25468750000000007 0.6625 0.2328125000000001 0.6625 0.2328125000000001 0.6953125 0.25468750000000007 0.6953125
8 0.3687500000000001 0.9171875 0.3546875000000001 0.9171875 0.3546875000000001 0.95625 0.3687500000000001 0.95625
9 0.3359375000000001 0.4875 0.2812500000000001 0.4875 0.2812500000000001 0.5640625 0.3359375000000001 0.5640625
9 0.3375000000000001 0.5640625 0.30156250000000007 0.5640625 0.30156250000000007 0.6203125 0.3375000000000001 0.6203125
9 0.3687500000000001 0.8359375 0.3140625000000001 0.8359375 0.3140625000000001 0.9265625 0.3687500000000001 0.9265625
9 0.3265625000000001 0.84375 0.2890625000000001 0.84375 0.2890625000000001 0.9375 0.3265625000000001 0.9375
8 0.2562500000000001 0.6390625 0.23437500000000008 0.6390625 0.23437500000000008 0.6828125 0.2562500000000001 0.6828125
9 0.45 0.3000000000000001 0.3984375 0.3000000000000001 0.39843750000000006 0.3765625000000001 0.45 0.3765625000000001