17 0.6859375 0.3828125000000001 0.671875 0.3828125000000001 0.671875 0.415625 0.6859375 0.415625
17 0.715625 0.4453125 0.6921875 0.4453125 0.6921875 0.496875 0.715625 0.496875
17 0.7078125 0.5234375 0.684375 0.5234375 0.684375 0.584375 0.7078125 0.584375
17 0.634375 0.65 0.6234375 0.65 0.6234375 0.690625 0.634375 0.690625
17 0.675 0.6828125 0.6390625 0.6828125 0.6390625 0.7078125 0.675 0.7078125
17 0.5015625000000001 0.703125 0.478125 0.703125 0.4781250000000001 0.7703125 0.5015625000000001 0.7703125
17 0.2562500000000001 0.753125 0.2328125000000001 0.753125 0.2328125000000001 0.7953125 0.2562500000000001 0.7953125
17 0.4671875000000002 0.7796875 0.44531250000000017 0.7796875 0.44531250000000017 0.815625 0.4671875000000002 0.815625
17 0.5765625 0.19062500000000007 0.54375 0.19062500000000004 0.54375 0.2468750000000001 0.5765625 0.2468750000000001
17 0.625 0.2171875000000001 0.5890625 0.2171875000000001 0.5890625 0.2531250000000001 0.625 0.2531250000000001
17 0.6890625 0.28593750000000007 0.653125 0.28593750000000007 0.653125 0.35625000000000007 0.6890625 0.35625000000000007