17 0.653125 0.3468750000000001 0.6140625 0.3468750000000001 0.6140625 0.3812500000000001 0.653125 0.3812500000000001
17 0.7015625 0.34843750000000007 0.6765625 0.34843750000000007 0.6765625 0.3828125000000001 0.7015625 0.3828125000000001
17 0.890625 0.3468750000000001 0.8640625 0.3468750000000001 0.8640625 0.41406250000000017 0.890625 0.41406250000000017
17 0.8375 0.3546875000000001 0.815625 0.3546875000000001 0.815625 0.41406250000000017 0.8375 0.41406250000000017
17 0.4734375 0.3703125000000001 0.4484375 0.3703125000000001 0.4484375 0.4078125 0.4734375 0.4078125
17 0.775 0.36406250000000007 0.71875 0.36406250000000007 0.71875 0.4156250000000001 0.775 0.4156250000000002
17 0.596875 0.3781250000000001 0.54375 0.3781250000000001 0.54375 0.4125 0.596875 0.4125
17 0.3390625000000001 0.3671875 0.30156250000000007 0.3671875 0.30156250000000007 0.428125 0.3390625000000001 0.428125
17 0.09218750000000005 0.384375 0.06718750000000004 0.384375 0.06718750000000004 0.41875 0.09218750000000005 0.41875
17 0.38750000000000007 0.4234375 0.3593750000000001 0.4234375 0.3593750000000001 0.465625 0.38750000000000007 0.465625
17 0.2375000000000001 0.4546875 0.21875000000000008 0.4546875 0.21875000000000008 0.4875 0.2375000000000001 0.4875