18 0.925 0.23437500000000008 0.8796875 0.23437500000000008 0.8796875 0.3203125000000001 0.925 0.3203125000000001
18 1 0.3203125000000001 0.946875 0.3203125000000001 0.946875 0.4671875000000002 1 0.4671875000000002
18 0.9921875 0.6640625000000002 0.9484375 0.6640625000000002 0.9484375 0.7187500000000002 0.9921875 0.7187500000000002
18 0.8921875 0.4625000000000002 0.8640625 0.4625000000000002 0.8640625 0.5375000000000002 0.8921875 0.5375000000000002
18 0.8609375 0.3468750000000001 0.8125 0.3468750000000001 0.8125 0.43750000000000017 0.8609375 0.43750000000000017
18 0.778125 0.3843750000000001 0.715625 0.3843750000000001 0.715625 0.4687500000000001 0.778125 0.46875000000000017
18 0.71875 0.61875 0.665625 0.61875 0.665625 0.6859375 0.71875 0.6859375
18 0.7125000000000001 0.746875 0.6968750000000001 0.746875 0.6968750000000001 0.7890625 0.7125000000000001 0.7890625
18 0.584375 0.6109375 0.515625 0.6109375 0.515625 0.7015625 0.584375 0.7015625
18 0.5546875000000001 0.7015625 0.4953125 0.7015625 0.4953125000000001 0.7875 0.5546875000000002 0.7875
18 0.4234375 0.6015625 0.3468750000000001 0.6015625 0.3468750000000001 0.678125 0.4234375 0.678125
18 0.18125000000000008 0.5578125 0.07031250000000007 0.5578125 0.07031250000000008 0.7015625 0.18125000000000008 0.7015625