8 0.58125 0.34062500000000007 0.559375 0.34062500000000007 0.559375 0.3750000000000001 0.58125 0.3750000000000001
8 0.6109375 0.3687500000000001 0.5984375 0.3687500000000001 0.5984375 0.3984375000000001 0.6109375 0.3984375000000001
8 0.6265625 0.39531250000000007 0.6125 0.39531250000000007 0.6125 0.4234375 0.6265625 0.4234375
8 0.6359375 0.4234375 0.61875 0.4234375 0.61875 0.4484375 0.6359375 0.4484375
8 0.64375 0.4515625 0.6265625 0.4515625 0.6265625 0.4828125 0.64375 0.4828125
8 0.68125 0.3671875000000001 0.6625 0.3671875000000001 0.6625 0.4 0.68125 0.4
8 0.734375 0.2765625000000001 0.721875 0.2765625000000001 0.721875 0.3000000000000001 0.734375 0.3000000000000001
8 0.91875 0.2765625000000001 0.9015625 0.2765625000000001 0.9015625 0.2953125000000001 0.91875 0.2953125000000001
8 0.9421875 0.6859375000000002 0.9234375 0.6859375000000002 0.9234375 0.7109375000000002 0.9421875 0.7109375000000002
8 0.9578125 0.6953125000000002 0.9359375 0.6953125000000002 0.9359375 0.7078125000000002 0.9578125 0.7078125000000002
8 0.971875 0.6906250000000002 0.953125 0.6906250000000002 0.953125 0.7093750000000002 0.971875 0.7093750000000002
8 0.9875 0.6953125000000002 0.9703125 0.6953125000000002 0.9703125 0.7046875000000001 0.9875 0.7046875000000001
8 0.9859375 0.6718750000000002 0.978125 0.6718750000000002 0.978125 0.6968750000000001 0.9859375 0.6968750000000001
8 0.8171875 0.6562500000000002 0.796875 0.6562500000000002 0.796875 0.6734375000000001 0.8171875 0.6734375000000001
8 0.7890625000000002 0.815625 0.7671875000000001 0.815625 0.7671875000000001 0.8296875 0.7890625000000002 0.8296875
8 0.4859375 0.5234375 0.4578125 0.5234375 0.4578125 0.5390625 0.4859375 0.5390625
8 0.9234375 0.2734375000000001 0.90625 0.2734375000000001 0.90625 0.2921875000000001 0.9234375 0.2921875000000001