17 0.19843750000000004 0.3859375 0.17812500000000003 0.3859375 0.17812500000000003 0.415625 0.19843750000000004 0.415625
17 0.3968750000000001 0.3828125000000001 0.3750000000000001 0.3828125000000001 0.3750000000000001 0.4375 0.3968750000000001 0.4375
17 0.63125 0.4078125 0.590625 0.4078125 0.590625 0.4359375 0.63125 0.4359375
17 0.715625 0.409375 0.703125 0.409375 0.703125 0.440625 0.715625 0.440625
17 0.5140625 0.4078125 0.5015625 0.4078125 0.5015625 0.4421875 0.5140625 0.4421875
17 0.68125 0.428125 0.6484375 0.428125 0.6484375 0.453125 0.68125 0.453125
17 0.7828125 0.4359375000000002 0.7375 0.4359375000000002 0.7375 0.47187500000000016 0.7828125 0.47187500000000016
17 0.84375 0.4390625000000002 0.8234375 0.4390625000000002 0.8234375 0.4812500000000002 0.84375 0.4812500000000002
17 0.8953125 0.43750000000000017 0.8671875 0.43750000000000017 0.8671875 0.48750000000000016 0.8953125 0.48750000000000016
17 0.4734375 0.4484375 0.45625 0.4484375 0.45625 0.4890625 0.4734375 0.4890625
17 0.3218750000000001 0.4578125 0.30937500000000007 0.4578125 0.30937500000000007 0.4859375 0.3218750000000001 0.4859375