8 1 0.04218750000000012 0.9875 0.04218750000000012 0.9875 0.05625000000000012 1 0.05625000000000013
8 0.9046875 0.11875000000000009 0.88125 0.11875000000000009 0.88125 0.13281250000000008 0.9046875 0.13281250000000008
8 0.9171875 0.1828125000000001 0.8890625 0.1828125000000001 0.8890625 0.1968750000000001 0.9171875 0.19687500000000013
8 0.8734375 0.1593750000000001 0.8515625 0.1593750000000001 0.8515625 0.17343750000000008 0.8734375 0.17343750000000008
8 0.8484375 0.1546875000000001 0.828125 0.1546875000000001 0.828125 0.16562500000000008 0.8484375 0.16562500000000008
8 0.8375 0.1593750000000001 0.8203125 0.1593750000000001 0.8203125 0.17187500000000008 0.8375 0.17187500000000008
8 0.925 0.40156250000000016 0.8921875 0.40156250000000016 0.8921875 0.41718750000000016 0.925 0.41718750000000016
8 0.7421875 0.3031250000000001 0.715625 0.3031250000000001 0.715625 0.3187500000000001 0.7421875 0.3187500000000001
8 0.5359375000000001 0.6875 0.4796875 0.6875 0.4796875000000001 0.7359375 0.5359375000000002 0.7359375
8 0.32812500000000006 0.3609375 0.2984375 0.3609375 0.2984375 0.3890625 0.3281250000000001 0.3890625
8 0.3156250000000001 0.4328125 0.2875000000000001 0.4328125 0.2875000000000001 0.4671875 0.3156250000000001 0.4671875
8 0.3437500000000001 0.4640625 0.3078125000000001 0.4640625 0.3078125000000001 0.4984375 0.3437500000000001 0.4984375
8 0.3125000000000001 0.4453125 0.2656250000000001 0.4453125 0.2656250000000001 0.4921875 0.3125000000000001 0.4921875
8 0.27812500000000007 0.4265625 0.2515625000000001 0.4265625 0.2515625000000001 0.45625 0.27812500000000007 0.45625
8 0.18437500000000004 0.2984375 0.14062500000000006 0.2984375 0.14062500000000006 0.321875 0.18437500000000004 0.321875
8 0.17968750000000006 0.2515625 0.16562500000000005 0.2515625 0.16562500000000005 0.278125 0.17968750000000006 0.278125
8 0.296875 0.14531250000000004 0.2890625 0.14531250000000004 0.2890625 0.16875000000000004 0.296875 0.16875000000000004
7 0.65625 0.06406250000000008 0.6328125 0.06406250000000006 0.6328125 0.07500000000000008 0.65625 0.0750000000000001
8 0.4 0.08281250000000004 0.384375 0.08281250000000004 0.384375 0.09531250000000005 0.4 0.09531250000000005
8 0.3359375 0.057812500000000044 0.3109375 0.057812500000000044 0.3109375 0.07500000000000004 0.3359375 0.07500000000000004
8 0.290625 0.14531250000000004 0.2828125 0.14531250000000004 0.2828125 0.16718750000000004 0.290625 0.16718750000000004