17 0.6375 0.4734375 0.5875 0.4734375 0.5875 0.5109375 0.6375 0.5109375
17 0.7546875 0.48437500000000017 0.7296875 0.48437500000000017 0.7296875 0.5125000000000002 0.7546875 0.5125000000000002
17 0.37187500000000007 0.4734375 0.3375000000000001 0.4734375 0.3375000000000001 0.5328125 0.37187500000000007 0.5328125
17 0.13593750000000004 0.484375 0.11093750000000005 0.484375 0.11093750000000005 0.521875 0.13593750000000004 0.521875
17 0.50625 0.490625 0.484375 0.490625 0.484375 0.528125 0.50625 0.528125
17 0.6984375 0.5015625 0.6578125 0.5015625 0.6578125 0.5390625 0.6984375 0.5390625
17 0.8765625 0.49531250000000016 0.8578125 0.49531250000000016 0.8578125 0.5515625000000002 0.8765625 0.5515625000000002
17 0.815625 0.5031250000000002 0.759375 0.5031250000000002 0.759375 0.5468750000000002 0.815625 0.5468750000000002
17 0.953125 0.4968750000000002 0.9140625 0.4968750000000002 0.9140625 0.5531250000000002 0.953125 0.5531250000000002
17 0.2718750000000001 0.528125 0.2468750000000001 0.528125 0.2468750000000001 0.553125 0.2718750000000001 0.553125
17 0.5078125 0.5265625 0.4828125 0.5265625 0.4828125 0.56875 0.5078125 0.56875