17 0.7046875 0.546875 0.6375 0.546875 0.6375 0.6140625 0.7046875 0.6140625
17 0.7953125 0.5578125000000002 0.7390625 0.5578125000000002 0.7390625 0.6078125000000002 0.7953125 0.6078125000000002
17 0.6890625 0.5828125 0.6796875 0.5828125 0.6796875 0.5890625 0.6890625 0.5890625
17 0.8609375 0.5578125000000002 0.803125 0.5578125000000002 0.803125 0.6203125000000002 0.8609375 0.6203125000000002
17 0.6140625 0.5671875 0.5796875 0.5671875 0.5796875 0.6125 0.6140625 0.6125
17 0.4921875 0.571875 0.4546875 0.571875 0.4546875 0.6640625 0.4921875 0.6640625
17 0.56875 0.5890625 0.53125 0.5890625 0.53125 0.6515625 0.56875 0.6515625
17 0.421875 0.6015625 0.38750000000000007 0.6015625 0.38750000000000007 0.6609375 0.421875 0.6609375
17 0.3765625000000001 0.6140625 0.3515625000000001 0.6140625 0.3515625000000001 0.665625 0.3765625000000001 0.665625
17 0.1359375000000001 0.65 0.10000000000000009 0.65 0.10000000000000009 0.7015625 0.1359375000000001 0.7015625
17 0.21875000000000008 0.6484375 0.1546875000000001 0.6484375 0.1546875000000001 0.7140625 0.21875000000000008 0.7140625