9 0.7671875 0.43750000000000017 0.7328125 0.43750000000000017 0.7328125 0.4828125000000002 0.7671875 0.4828125000000002
9 0.8296875 0.5765625000000002 0.8078125 0.5765625000000002 0.8078125 0.6140625000000002 0.8296875 0.6140625000000002
9 0.8625 0.6390625000000002 0.81875 0.6390625000000002 0.81875 0.6921875000000002 0.8625 0.6921875000000002
9 0.909375 0.7218750000000002 0.8640625 0.7218750000000002 0.8640625 0.7578125000000002 0.909375 0.7578125000000002
9 0.890625 0.7546875000000002 0.8578125 0.7546875000000002 0.8578125 0.7859375000000002 0.890625 0.7859375000000002
9 0.946875 0.825 0.896875 0.825 0.896875 0.8796875 0.946875 0.8796875
8 0.81875 0.8640625 0.7984375000000001 0.8640625 0.7984375000000001 0.878125 0.81875 0.878125
8 0.5375 0.2218750000000001 0.5234375 0.2218750000000001 0.5234375 0.2390625000000001 0.5375 0.2390625000000001
8 0.759375 0.2171875000000001 0.7484375 0.2171875000000001 0.7484375 0.2234375000000001 0.759375 0.2234375000000001
10 0.6703125 0.3046875000000001 0.6625 0.3046875000000001 0.6625 0.3187500000000001 0.6703125 0.3187500000000001
10 0.5734375 0.2250000000000001 0.559375 0.2250000000000001 0.559375 0.2390625000000001 0.5734375 0.2390625000000001
10 0.584375 0.2062500000000001 0.575 0.2062500000000001 0.575 0.2156250000000001 0.584375 0.2156250000000001
8 0.4734375 0.19687500000000005 0.4703125 0.19687500000000005 0.4703125 0.2062500000000001 0.4734375 0.2062500000000001
8 0.4640625 0.18750000000000006 0.45625 0.18750000000000006 0.45625 0.19531250000000006 0.4640625 0.19531250000000006
8 0.421875 0.10625000000000004 0.4125 0.10625000000000004 0.4125 0.11875000000000005 0.421875 0.11875000000000005
8 0.4359375 0.10781250000000005 0.428125 0.10781250000000005 0.428125 0.11562500000000005 0.4359375 0.11562500000000005
8 0.45 0.08437500000000005 0.440625 0.08437500000000005 0.440625 0.09531250000000005 0.45 0.09531250000000005
8 0.4671875 0.08906250000000007 0.4609375 0.08906250000000007 0.4609375 0.09531250000000006 0.4671875 0.09531250000000006
8 0.4765625 0.07656250000000006 0.4703125 0.07656250000000006 0.4703125 0.08281250000000007 0.4765625 0.08281250000000007
8 0.4921875 0.07187500000000006 0.4859375 0.07187500000000006 0.4859375 0.07656250000000006 0.4921875 0.07656250000000006
8 0.5140625 0.03593750000000007 0.509375 0.03593750000000007 0.509375 0.04375000000000007 0.5140625 0.04375000000000007
8 0.509375 0.00937500000000006 0.503125 0.00937500000000006 0.503125 0.02031250000000006 0.509375 0.02031250000000006
8 0.503125 0.07656250000000006 0.49375 0.07656250000000006 0.49375 0.08125000000000007 0.503125 0.08125000000000007
8 0.509375 0.057812500000000065 0.5046875 0.057812500000000065 0.5046875 0.06718750000000007 0.509375 0.06718750000000007
8 0.5453125 0.07031250000000007 0.540625 0.07031250000000007 0.540625 0.07812500000000007 0.5453125 0.07812500000000007
8 0.5484375 0.08593750000000007 0.540625 0.08593750000000007 0.540625 0.09218750000000006 0.5484375 0.09218750000000006
8 0.5359375 0.11562500000000005 0.5296875 0.11562500000000005 0.5296875 0.12343750000000005 0.5359375 0.12343750000000005
8 0.5390625 0.12968750000000004 0.5296875 0.12968750000000004 0.5296875 0.14062500000000006 0.5390625 0.14062500000000006
8 0.5359375 0.14375000000000004 0.528125 0.14375000000000004 0.528125 0.15156250000000004 0.5359375 0.15156250000000004
8 0.5125 0.17031250000000003 0.509375 0.17031250000000003 0.509375 0.17968750000000006 0.5125 0.17968750000000006
8 0.5 0.16562500000000005 0.4953125 0.16562500000000005 0.4953125 0.17343750000000005 0.5 0.17343750000000005
8 0.56875 0.01718750000000007 0.565625 0.017187500000000067 0.565625 0.025000000000000067 0.56875 0.025000000000000067
8 0.6203125 7.548799410369232e-17 0.6125 7.500961644777538e-17 0.6125 0.004687500000000075 0.6203125 0.004687500000000076
8 0.4796875 0.09218750000000006 0.471875 0.09218750000000006 0.471875 0.09687500000000007 0.4796875 0.09687500000000007
8 0.5765625 0.018750000000000072 0.56875 0.018750000000000072 0.56875 0.026562500000000065 0.5765625 0.026562500000000065
8 0.571875 0.01718750000000007 0.56875 0.01718750000000007 0.56875 0.023437500000000073 0.571875 0.023437500000000073
8 0.496875 0.07187500000000006 0.49375 0.07187500000000006 0.49375 0.07812500000000007 0.496875 0.07812500000000007
8 0.4765625 0.08906250000000007 0.4703125 0.08906250000000007 0.4703125 0.09687500000000007 0.4765625 0.09687500000000007
8 0.5328125 0.11562500000000005 0.525 0.11562500000000005 0.525 0.12187500000000004 0.5328125 0.12187500000000004
8 0.534375 0.13281250000000006 0.528125 0.13281250000000006 0.528125 0.14062500000000006 0.534375 0.14062500000000006
10 0.4578125 0.18750000000000006 0.45 0.18750000000000006 0.45 0.19687500000000005 0.4578125 0.19687500000000005
10 0.9046875 0.6859375000000002 0.8890625 0.6859375000000002 0.8890625 0.7062500000000002 0.9046875 0.7062500000000002