9 0.3875 0.16875000000000004 0.2921875 0.16875000000000004 0.2921875 0.26875000000000004 0.3875 0.2687500000000001
9 0.46875 0.3546875000000001 0.4171875 0.3546875000000001 0.4171875 0.4328125 0.46875 0.4328125
9 0.3390625000000001 0.4484375 0.2906250000000001 0.4484375 0.2906250000000001 0.521875 0.3390625000000001 0.521875
9 0.3031250000000001 0.4796875 0.26250000000000007 0.4796875 0.26250000000000007 0.54375 0.3031250000000001 0.54375
9 0.2250000000000001 0.6375 0.1906250000000001 0.6375 0.1906250000000001 0.6796875 0.2250000000000001 0.6796875
9 0.13281250000000008 0.7140625 0.08593750000000008 0.7140625 0.08593750000000008 0.765625 0.13281250000000008 0.765625
8 0.09687500000000011 0.825 0.0796875000000001 0.825 0.0796875000000001 0.88125 0.09687500000000011 0.88125
9 0.3765625000000001 0.6375 0.3359375000000001 0.6375 0.3359375000000001 0.7375 0.3765625000000001 0.7375
9 0.43125 0.6046875 0.415625 0.6046875 0.415625 0.6265625 0.43125 0.6265625
9 0.6140625 0.6109375 0.584375 0.6109375 0.584375 0.6546875 0.6140625 0.6546875
9 0.6656250000000001 0.81875 0.6171875000000002 0.81875 0.6171875000000002 0.8984375 0.6656250000000001 0.8984375
9 0.4203125000000002 0.7625 0.3921875000000001 0.7625 0.3921875000000001 0.8265625 0.4203125000000002 0.8265625