8 0.5921875 0.3312500000000001 0.58125 0.3312500000000001 0.58125 0.3421875000000001 0.5921875 0.3421875000000001
8 0.6171875 0.23437500000000008 0.6140625 0.23437500000000008 0.6140625 0.24218750000000008 0.6171875 0.24218750000000008
8 0.6546875 0.13281250000000008 0.6515625 0.13281250000000008 0.6515625 0.1390625000000001 0.6546875 0.1390625000000001
8 0.5828125 0.2250000000000001 0.578125 0.2250000000000001 0.578125 0.2328125000000001 0.5828125 0.2328125000000001
8 0.584375 0.1781250000000001 0.5796875 0.1781250000000001 0.5796875 0.18125000000000008 0.584375 0.18125000000000008
8 0.5875 0.1781250000000001 0.584375 0.1781250000000001 0.584375 0.1843750000000001 0.5875 0.1843750000000001
9 0.590625 0.18125000000000008 0.5859375 0.18125000000000008 0.5859375 0.1859375000000001 0.590625 0.1859375000000001
8 0.5953125 0.17968750000000008 0.5890625 0.17968750000000008 0.5890625 0.1843750000000001 0.5953125 0.1843750000000001
8 0.5984375 0.18125000000000008 0.5953125 0.18125000000000008 0.5953125 0.18750000000000008 0.5984375 0.18750000000000008
8 0.5171875 0.2578125000000001 0.5109375 0.2578125000000001 0.5109375 0.2656250000000001 0.5171875 0.2656250000000001
8 0.53125 0.26250000000000007 0.5234375 0.26250000000000007 0.5234375 0.27031250000000007 0.53125 0.27031250000000007
8 0.5203125 0.27031250000000007 0.5125 0.27031250000000007 0.5125 0.2765625000000001 0.5203125 0.2765625000000001
8 0.5234375 0.2750000000000001 0.515625 0.2750000000000001 0.515625 0.2812500000000001 0.5234375 0.2812500000000001
8 0.525 0.2843750000000001 0.5140625 0.2843750000000001 0.5140625 0.29375000000000007 0.525 0.29375000000000007
8 0.496875 0.23437500000000008 0.490625 0.23437500000000008 0.490625 0.2453125000000001 0.496875 0.2453125000000001
8 0.475 0.2296875000000001 0.46875 0.2296875000000001 0.46875 0.23593750000000008 0.475 0.23593750000000008
8 0.475 0.18437500000000004 0.471875 0.18437500000000004 0.471875 0.19218750000000004 0.475 0.19218750000000004
8 0.4828125 0.15000000000000005 0.4765625 0.15000000000000005 0.4765625 0.15781250000000005 0.4828125 0.15781250000000005
8 0.50625 0.15312500000000004 0.503125 0.15312500000000004 0.503125 0.15781250000000005 0.50625 0.15781250000000005
7 0.5375 0.14218750000000005 0.5296875 0.14218750000000005 0.5296875 0.14687500000000003 0.5375 0.14687500000000003
8 0.421875 0.09531250000000005 0.415625 0.09531250000000005 0.415625 0.10000000000000005 0.421875 0.10000000000000005
8 0.4671875 0.12812500000000004 0.4609375 0.12812500000000004 0.4609375 0.13281250000000006 0.4671875 0.13281250000000006
8 0.4609375 0.09843750000000007 0.4546875 0.09843750000000007 0.4546875 0.10625000000000004 0.4609375 0.10625000000000004
8 0.46875 0.08906250000000007 0.4609375 0.08906250000000007 0.4609375 0.09531250000000006 0.46875 0.09531250000000006
8 0.4609375 0.07968750000000006 0.4578125 0.07968750000000006 0.4578125 0.08750000000000006 0.4609375 0.08750000000000006
8 0.465625 0.07187500000000006 0.4625 0.07187500000000006 0.4625 0.07812500000000007 0.465625 0.07812500000000007
7 0.4578125 0.07656250000000006 0.453125 0.07656250000000005 0.453125 0.08281250000000005 0.4578125 0.08281250000000007
7 0.41875 0.03437500000000006 0.409375 0.03437500000000006 0.409375 0.04218750000000006 0.41875 0.04218750000000006
8 0.4296875 5.243019108849606e-17 0.4265625 5.223884002612928e-17 0.4265625 0.004687500000000053 0.4296875 0.004687500000000053
8 0.4546875 0.0015625000000000552 0.45 0.0015625000000000547 0.45 0.004687500000000055 0.4546875 0.004687500000000055
8 0.4578125 0.010937500000000055 0.4546875 0.010937500000000055 0.4546875 0.015625000000000056 0.4578125 0.015625000000000056
8 0.4484375 0.023437500000000056 0.44375 0.023437500000000056 0.44375 0.031250000000000056 0.4484375 0.031250000000000056
8 0.53125 0.050000000000000065 0.5265625 0.050000000000000065 0.5265625 0.05468750000000007 0.53125 0.05468750000000007
8 0.5265625 0.012500000000000067 0.5234375 0.012500000000000067 0.5234375 0.018750000000000065 0.5265625 0.018750000000000065
8 0.4890625 5.970153145843348e-17 0.4859375 5.95101803960667e-17 0.4859375 0.0031250000000000596 0.4890625 0.0031250000000000596
9 0.4859375 0.0062500000000000585 0.48125 0.0062500000000000585 0.48125 0.009375000000000059 0.4859375 0.009375000000000059
8 0.478125 0.01875000000000006 0.4734375 0.018750000000000055 0.4734375 0.021875000000000058 0.478125 0.02187500000000006
8 0.48125 0.01718750000000006 0.478125 0.01718750000000006 0.478125 0.02187500000000006 0.48125 0.02187500000000006
8 0.475 0.023437500000000056 0.4703125 0.023437500000000056 0.4703125 0.029687500000000054 0.475 0.029687500000000054
8 0.4859375 0.023437500000000062 0.478125 0.023437500000000062 0.478125 0.028125000000000056 0.4859375 0.028125000000000056
8 0.4875 0.02187500000000006 0.4828125 0.02187500000000006 0.4828125 0.028125000000000056 0.4875 0.028125000000000056
8 0.490625 0.026562500000000055 0.4859375 0.026562500000000055 0.4859375 0.029687500000000054 0.490625 0.029687500000000054
8 0.4953125 0.026562500000000055 0.490625 0.026562500000000055 0.490625 0.029687500000000054 0.4953125 0.029687500000000054
8 0.5015625 0.026562500000000062 0.4953125 0.026562500000000055 0.4953125 0.02968750000000006 0.5015625 0.029687500000000068
8 0.5046875 0.028125000000000067 0.5015625 0.028125000000000067 0.5015625 0.03125000000000007 0.5046875 0.03125000000000007
8 0.5015625 0.03593750000000006 0.4984375 0.03593750000000005 0.4984375 0.040625000000000064 0.5015625 0.040625000000000064
8 0.5046875 0.032812500000000064 0.5015625 0.032812500000000064 0.5015625 0.03750000000000007 0.5046875 0.03750000000000007
8 0.50625 0.029687500000000068 0.503125 0.029687500000000068 0.503125 0.034375000000000065 0.50625 0.034375000000000065
8 0.4921875 0.029687500000000054 0.4875 0.029687500000000054 0.4875 0.03593750000000005 0.4921875 0.03593750000000005
8 0.484375 0.037500000000000054 0.4796875 0.037500000000000054 0.4796875 0.04062500000000006 0.484375 0.04062500000000006
8 0.4828125 0.03593750000000005 0.478125 0.03593750000000005 0.478125 0.04062500000000006 0.4828125 0.04062500000000006
8 0.478125 0.037500000000000054 0.475 0.037500000000000054 0.475 0.04218750000000006 0.478125 0.04218750000000006
8 0.4765625 0.046875000000000056 0.4734375 0.046875000000000056 0.4734375 0.05156250000000007 0.4765625 0.05156250000000007
8 0.4890625 0.057812500000000065 0.4859375 0.057812500000000065 0.4859375 0.06406250000000006 0.4890625 0.06406250000000006
8 0.465625 0.046875000000000056 0.4609375 0.046875000000000056 0.4609375 0.05156250000000007 0.465625 0.05156250000000007
8 0.4640625 0.04843750000000006 0.4578125 0.04843750000000006 0.4578125 0.05156250000000007 0.4640625 0.05156250000000007
8 0.4640625 0.05312500000000007 0.4578125 0.05312500000000007 0.4578125 0.05937500000000007 0.4640625 0.05937500000000007
8 0.5140625 0.05937500000000007 0.5109375 0.05937500000000007 0.5109375 0.06562500000000007 0.5140625 0.06562500000000007
8 0.4734375 0.18437500000000004 0.4703125 0.18437500000000004 0.4703125 0.19062500000000004 0.4734375 0.19062500000000004