17 0.19531250000000006 0.4078125 0.17656250000000004 0.4078125 0.17656250000000004 0.4421875 0.19531250000000006 0.4421875
17 0.3859375000000001 0.41875 0.3671875000000001 0.41875 0.3671875000000001 0.4734375 0.3859375000000001 0.4734375
17 0.6125 0.446875 0.5734375 0.446875 0.5734375 0.4765625 0.6125 0.4765625
17 0.69375 0.446875 0.6765625 0.446875 0.6765625 0.4765625 0.69375 0.4765625
17 0.503125 0.446875 0.484375 0.446875 0.484375 0.478125 0.503125 0.478125
17 0.6625 0.465625 0.6296875 0.465625 0.6296875 0.49375 0.6625 0.49375
17 0.75625 0.4687500000000001 0.7125 0.46875 0.7125 0.5046875000000001 0.75625 0.5046875000000002
17 0.4296875 0.46875 0.409375 0.46875 0.409375 0.5078125 0.4296875 0.5078125
17 0.815625 0.46875000000000017 0.796875 0.46875000000000017 0.796875 0.5109375000000002 0.815625 0.5109375000000002
17 0.8671875 0.4703125000000002 0.8390625 0.4703125000000002 0.8390625 0.5203125000000002 0.8671875 0.5203125000000002
17 0.30156250000000007 0.4859375 0.2843750000000001 0.4859375 0.2843750000000001 0.5109375 0.30156250000000007 0.5109375