18 0.1390625 0.059375000000000025 0.1328125 0.059375000000000025 0.1328125 0.07500000000000002 0.1390625 0.07500000000000002
18 0.1375 0.07187500000000002 0.1328125 0.07187500000000002 0.1328125 0.08125000000000002 0.1375 0.08125000000000002
18 0.15625 0.051562500000000025 0.1484375 0.051562500000000025 0.1484375 0.06250000000000003 0.15625 0.06250000000000003
18 0.1609375 0.04843750000000002 0.1546875 0.04843750000000002 0.1546875 0.057812500000000024 0.1609375 0.057812500000000024
18 0.165625 0.050000000000000024 0.159375 0.050000000000000024 0.159375 0.05625000000000002 0.165625 0.05625000000000002
18 0.1734375 0.04062500000000002 0.1671875 0.04062500000000002 0.1671875 0.04843750000000002 0.1734375 0.04843750000000002
18 0.1796875 0.02812500000000002 0.175 0.02812500000000002 0.175 0.034375000000000024 0.1796875 0.034375000000000024
18 0.1875 0.026562500000000024 0.1828125 0.026562500000000024 0.1828125 0.035937500000000025 0.1875 0.035937500000000025
18 0.1859375 0.010937500000000022 0.1703125 0.010937500000000022 0.1703125 0.02031250000000002 0.1859375 0.02031250000000002
18 0.1921875 0.009375000000000022 0.18125 0.009375000000000022 0.18125 0.021875000000000023 0.1921875 0.021875000000000023
18 0.21875 2.631077107543142e-17 0.2109375 2.583239341951448e-17 0.2109375 0.009375000000000026 0.21875 0.009375000000000027
18 0.1984375 0.007812500000000024 0.1921875 0.007812500000000023 0.1921875 0.012500000000000022 0.1984375 0.012500000000000022
18 0.203125 0.004687500000000023 0.184375 0.004687500000000022 0.184375 0.009375000000000024 0.203125 0.009375000000000026
18 0.2078125 2.4492935982947065e-17 0.1921875 2.3536180671113197e-17 0.1921875 0.0031250000000000245 0.2078125 0.003125000000000025
18 0.14375 0.07500000000000002 0.1375 0.07500000000000002 0.1375 0.07968750000000002 0.14375 0.07968750000000002