8 0.6187500000000001 0.696875 0.565625 0.696875 0.565625 0.7515625 0.6187500000000001 0.7515625
8 0.8875 0.3390625000000001 0.85625 0.3390625000000001 0.85625 0.3578125000000001 0.8875 0.3578125000000001
8 0.4484375 0.3265625000000001 0.421875 0.3265625000000001 0.421875 0.3578125000000001 0.4484375 0.3578125000000001
8 0.4546875 0.4328125 0.421875 0.4328125 0.421875 0.4703125 0.4546875 0.4703125
8 0.4296875 0.3968750000000001 0.4046875 0.3968750000000001 0.4046875 0.434375 0.4296875 0.434375
8 0.425 0.40625 0.3812500000000001 0.40625 0.3812500000000001 0.453125 0.425 0.453125
8 0.39531250000000007 0.3843750000000001 0.37187500000000007 0.3843750000000001 0.37187500000000007 0.415625 0.39531250000000007 0.415625
8 1 0.20468750000000008 0.990625 0.20468750000000008 0.990625 0.21875000000000008 1 0.21875000000000008
7 0.8140625 0.08437500000000009 0.7890625 0.08437500000000009 0.7890625 0.09531250000000009 0.8140625 0.09531250000000009
8 0.321875 0.2484375 0.284375 0.2484375 0.284375 0.26875 0.321875 0.26875
8 0.3203125 0.20625 0.3078125 0.20625 0.3078125 0.23125 0.3203125 0.23125
8 0.4375 0.12031250000000004 0.4296875 0.12031250000000004 0.4296875 0.14218750000000005 0.4375 0.14218750000000005
8 0.4828125 0.04218750000000006 0.459375 0.04218750000000006 0.459375 0.057812500000000065 0.4828125 0.057812500000000065
8 0.5390625 0.07031250000000007 0.525 0.07031250000000007 0.525 0.08281250000000007 0.5390625 0.08281250000000007
8 0.43125 0.12031250000000004 0.4234375 0.12031250000000004 0.4234375 0.13906250000000003 0.43125 0.13906250000000003