9 0.40625 0.2531250000000001 0.375 0.2531250000000001 0.375 0.2796875000000001 0.40625 0.2796875000000001
9 0.203125 0.1609375 0.16875 0.1609375 0.16875 0.2109375 0.203125 0.2109375
9 0.1625 0.06875000000000002 0.10625 0.06875000000000002 0.10625 0.125 0.1625 0.125
9 0.12187500000000004 0.228125 0.10000000000000005 0.228125 0.10000000000000005 0.2578125 0.12187500000000004 0.2578125
9 0.2125 0.2203125 0.2 0.2203125 0.2 0.2375 0.2125 0.2375
9 0.18125000000000005 0.4453125 0.15000000000000005 0.4453125 0.15000000000000005 0.490625 0.18125000000000005 0.490625
9 0.2375000000000001 0.490625 0.17968750000000006 0.490625 0.17968750000000006 0.56875 0.2375000000000001 0.56875
8 0.06562500000000007 0.5703125 0.048437500000000064 0.5703125 0.048437500000000064 0.5875 0.06562500000000007 0.5875
8 0.06562500000000007 0.5859375 0.057812500000000065 0.5859375 0.057812500000000065 0.6140625 0.06562500000000007 0.6140625
9 0.04687500000000007 0.5546875 0.017187500000000067 0.5546875 0.01718750000000007 0.575 0.04687500000000007 0.575
10 0.02500000000000007 0.5734375 0.0015625000000000701 0.5734375 0.0015625000000000712 0.590625 0.025000000000000078 0.590625
8 0.012500000000000058 0.471875 5.778802083476573e-17 0.471875 5.970153145843347e-17 0.503125 0.012500000000000061 0.503125
9 0.02812500000000005 0.40625 4.975127621536122e-17 0.40625 5.204748896376252e-17 0.44375 0.028125000000000056 0.44375
8 0.028125000000000087 0.68125 0.0031250000000000834 0.68125 0.003125000000000085 0.709375 0.028125000000000087 0.709375
10 0.20312500000000008 0.8546875 0.18125000000000008 0.8546875 0.18125000000000008 0.88125 0.20312500000000008 0.88125
8 0.2750000000000001 0.915625 0.2515625000000001 0.915625 0.2515625000000001 0.9421875 0.2750000000000001 0.9421875
9 0.2156250000000001 0.9734375 0.19687500000000013 0.9734375 0.19687500000000013 1 0.2156250000000001 1
9 0.3453125000000001 0.9015625 0.3062500000000001 0.9015625 0.3062500000000001 0.9421875 0.3453125000000001 0.9421875
9 0.4156250000000002 0.9125 0.3734375000000001 0.9125 0.3734375000000001 1 0.4156250000000002 1
9 0.5312500000000002 0.7734375 0.5000000000000002 0.7734375 0.5000000000000002 0.803125 0.5312500000000002 0.803125
9 0.5859375000000001 0.69375 0.55 0.69375 0.55 0.75625 0.5859375000000002 0.75625
9 0.6234375000000002 0.9046875 0.5328125000000001 0.9046875 0.5328125000000001 1 0.6234375000000002 1
9 0.4046875000000002 0.7265625 0.3609375000000001 0.7265625 0.3609375000000001 0.7796875 0.4046875000000002 0.7796875
9 0.3140625000000001 0.6453125 0.22031250000000008 0.6453125 0.22031250000000008 0.7640625 0.3140625000000001 0.7640625
9 0.3203125000000001 0.703125 0.2984375000000001 0.703125 0.2984375000000001 0.7390625 0.3203125000000001 0.7390625
9 0.3312500000000001 0.74375 0.3000000000000001 0.74375 0.3000000000000001 0.79375 0.3312500000000001 0.79375