18 0.07031250000000003 0.21875 0.06093750000000002 0.21875 0.06093750000000002 0.228125 0.07031250000000003 0.228125
18 0.07187500000000002 0.2375 0.059375000000000025 0.2375 0.059375000000000025 0.253125 0.07187500000000002 0.253125
18 0.08593750000000003 0.24375 0.07343750000000002 0.24375 0.07343750000000002 0.25 0.08593750000000003 0.25
18 0.08437500000000002 0.2625 0.07031250000000003 0.2625 0.07031250000000003 0.271875 0.08437500000000002 0.271875
18 0.07656250000000005 0.2921875 0.07187500000000005 0.2921875 0.07187500000000005 0.30625 0.07656250000000005 0.30625
18 0.203125 0.30625 0.19062500000000004 0.30625 0.19062500000000004 0.3171875 0.203125 0.3171875
18 0.18281250000000004 0.3203125 0.17343750000000005 0.3203125 0.17343750000000005 0.3296875 0.18281250000000004 0.3296875
18 0.19531250000000006 0.34375 0.18281250000000004 0.34375 0.18281250000000004 0.35 0.19531250000000006 0.35
18 0.18437500000000004 0.3640625 0.17031250000000003 0.3640625 0.17031250000000003 0.375 0.18437500000000004 0.375
18 0.2703125 0.296875 0.2625 0.296875 0.2625 0.3109375 0.2703125 0.3109375
18 0.2562500000000001 0.375 0.2406250000000001 0.375 0.2406250000000001 0.39375 0.2562500000000001 0.39375
18 0.3359375000000001 0.4625 0.3296875000000001 0.4625 0.3296875000000001 0.4734375 0.3359375000000001 0.4734375
18 0.3390625000000001 0.5203125 0.3281250000000001 0.5203125 0.3281250000000001 0.534375 0.3390625000000001 0.534375
18 0.4375 0.49375 0.425 0.49375 0.425 0.5078125 0.4375 0.5078125
18 0.2750000000000001 0.5296875 0.2609375000000001 0.5296875 0.2609375000000001 0.534375 0.2750000000000001 0.534375
18 0.28593750000000007 0.528125 0.2750000000000001 0.528125 0.2750000000000001 0.5421875 0.28593750000000007 0.5421875
18 0.2718750000000001 0.534375 0.2562500000000001 0.534375 0.2562500000000001 0.54375 0.2718750000000001 0.54375
18 0.3265625000000001 0.575 0.31718750000000007 0.575 0.31718750000000007 0.5890625 0.3265625000000001 0.5890625
18 0.30937500000000007 0.6046875 0.2968750000000001 0.6046875 0.2968750000000001 0.6140625 0.30937500000000007 0.6140625
18 0.3078125000000001 0.6109375 0.2921875000000001 0.6109375 0.2921875000000001 0.621875 0.3078125000000001 0.621875
18 0.2890625000000001 0.6109375 0.2750000000000001 0.6109375 0.2750000000000001 0.6234375 0.2890625000000001 0.6234375
18 0.3515625000000001 0.6765625 0.3312500000000001 0.6765625 0.3312500000000001 0.7 0.3515625000000001 0.7
18 0.2875000000000001 0.7078125 0.2828125000000001 0.7078125 0.2828125000000001 0.734375 0.2875000000000001 0.734375
18 0.4109375 0.6421875 0.3906250000000001 0.6421875 0.3906250000000001 0.6609375 0.4109375 0.6609375
18 0.44375 0.675 0.428125 0.675 0.428125 0.690625 0.44375 0.690625
18 0.3546875000000001 0.7078125 0.34062500000000007 0.7078125 0.34062500000000007 0.7234375 0.3546875000000001 0.7234375
18 0.3921875000000001 0.7578125 0.3750000000000001 0.7578125 0.3750000000000001 0.7765625 0.3921875000000001 0.7765625
18 0.3609375000000001 0.9140625 0.3281250000000001 0.9140625 0.3281250000000001 0.95625 0.3609375000000001 0.95625
18 0.4031250000000002 0.8546875 0.3750000000000001 0.8546875 0.3750000000000001 0.878125 0.4031250000000002 0.878125
18 0.48750000000000016 0.9296875 0.46875000000000017 0.9296875 0.46875000000000017 0.96875 0.48750000000000016 0.96875
18 0.4968750000000002 0.9796875 0.48750000000000016 0.9796875 0.48750000000000016 1 0.4968750000000002 1
18 0.5125000000000002 0.96875 0.49531250000000016 0.96875 0.49531250000000016 1 0.5125000000000002 1
18 0.5187500000000002 0.9109375 0.5093750000000001 0.9109375 0.5093750000000001 0.9421875 0.5187500000000002 0.9421875
18 0.5640625000000001 0.9375 0.5500000000000002 0.9375 0.5500000000000002 0.965625 0.5640625000000001 0.965625
18 0.5890625000000002 0.9265625 0.5734375000000002 0.9265625 0.5734375000000002 0.9515625 0.5890625000000002 0.9515625
18 0.5015625000000001 0.8796875 0.49218750000000017 0.8796875 0.49218750000000017 0.8984375 0.5015625000000001 0.8984375
18 0.5140625000000002 0.871875 0.5015625000000001 0.871875 0.5015625000000001 0.9015625 0.5140625000000002 0.9015625
18 0.48750000000000016 0.859375 0.4703125000000002 0.859375 0.4703125000000002 0.871875 0.48750000000000016 0.871875
18 0.5031250000000002 0.8296875 0.48437500000000017 0.8296875 0.48437500000000017 0.8453125 0.5031250000000002 0.8453125
18 0.5171875000000001 0.8375 0.5031250000000002 0.8375 0.5031250000000002 0.8515625 0.5171875000000001 0.8515625
18 0.5296875000000002 0.7953125 0.5109375000000002 0.7953125 0.5109375000000002 0.8125 0.5296875000000002 0.8125
18 0.5687500000000002 0.784375 0.5531250000000002 0.784375 0.5531250000000002 0.8 0.5687500000000002 0.8
18 0.6187500000000001 0.7796875 0.6031250000000001 0.7796875 0.6031250000000001 0.79375 0.6187500000000001 0.79375
18 0.5562500000000001 0.765625 0.5500000000000002 0.765625 0.5500000000000002 0.78125 0.5562500000000001 0.78125
18 0.5484375000000001 0.746875 0.5343750000000002 0.746875 0.5343750000000002 0.765625 0.5484375000000001 0.765625
18 0.5390625000000002 0.746875 0.5187500000000002 0.746875 0.5187500000000002 0.7578125 0.5390625000000002 0.7578125
18 0.5187500000000002 0.7609375 0.5000000000000002 0.7609375 0.5000000000000002 0.7734375 0.5187500000000002 0.7734375
18 0.5000000000000002 0.7703125 0.4828125000000002 0.7703125 0.4828125000000002 0.78125 0.5000000000000002 0.78125
18 0.4750000000000002 0.7734375 0.46093750000000017 0.7734375 0.46093750000000017 0.7828125 0.4750000000000002 0.7828125
18 0.4625000000000002 0.7765625 0.4437500000000002 0.7765625 0.4437500000000002 0.796875 0.4625000000000002 0.796875
18 0.46093750000000017 0.790625 0.44531250000000017 0.790625 0.44531250000000017 0.80625 0.46093750000000017 0.80625
18 0.4625000000000002 0.7640625 0.4515625000000002 0.7640625 0.4515625000000002 0.7859375 0.4625000000000002 0.7859375
18 0.4515625000000002 0.7453125 0.4390625000000002 0.7453125 0.4390625000000002 0.76875 0.4515625000000002 0.76875
18 0.4390625000000002 0.7390625 0.4265625000000002 0.7390625 0.4265625000000002 0.7625 0.4390625000000002 0.7625
18 0.43281250000000016 0.7453125 0.4203125000000002 0.7453125 0.4203125000000002 0.7671875 0.43281250000000016 0.7671875
18 0.509375 0.6796875 0.484375 0.6796875 0.484375 0.7 0.509375 0.7