18 0.44843750000000016 0.865625 0.43281250000000016 0.865625 0.43281250000000016 0.91875 0.44843750000000016 0.91875
18 0.4625000000000002 0.840625 0.4421875000000002 0.840625 0.4421875000000002 0.8703125 0.4625000000000002 0.8703125
18 0.48750000000000016 0.809375 0.4578125000000002 0.809375 0.4578125000000002 0.8328125 0.48750000000000016 0.8328125
18 0.4593750000000002 0.7421875 0.4437500000000002 0.7421875 0.4437500000000002 0.775 0.4593750000000002 0.775
18 0.446875 0.66875 0.4359375 0.66875 0.4359375 0.70625 0.446875 0.70625
18 0.3359375000000001 0.715625 0.31718750000000007 0.715625 0.31718750000000007 0.740625 0.3359375000000001 0.740625
18 0.4843750000000001 0.7203125 0.4625 0.7203125 0.4625000000000001 0.7484375 0.48437500000000017 0.7484375
18 0.5156250000000001 0.7234375 0.4921875 0.7234375 0.4921875000000001 0.765625 0.5156250000000002 0.765625
18 0.571875 0.6796875 0.5546875 0.6796875 0.5546875 0.7203125 0.571875 0.7203125
18 0.565625 0.625 0.553125 0.625 0.553125 0.665625 0.565625 0.665625
18 0.5421875 0.640625 0.5203125 0.640625 0.5203125 0.678125 0.5421875 0.678125
18 0.5875 0.6359375 0.5765625 0.6359375 0.5765625 0.65 0.5875 0.65
18 0.5953125 0.6515625 0.5765625 0.6515625 0.5765625 0.6625 0.5953125 0.6625
18 0.6 0.659375 0.5828125 0.659375 0.5828125 0.675 0.6 0.675
18 0.61875 0.628125 0.60625 0.628125 0.60625 0.64375 0.61875 0.64375
18 0.6203125 0.6359375 0.6125 0.6359375 0.6125 0.65625 0.6203125 0.65625
18 0.6765625 0.634375 0.6640625 0.634375 0.6640625 0.6578125 0.6765625 0.6578125
18 0.6078125 0.5671875 0.5859375 0.5671875 0.5859375 0.6 0.6078125 0.6
18 0.6078125 0.5640625 0.59375 0.5640625 0.59375 0.5828125 0.6078125 0.5828125
18 0.60625 0.5453125 0.59375 0.5453125 0.59375 0.5671875 0.60625 0.5671875
18 0.6484375 0.559375 0.628125 0.559375 0.628125 0.571875 0.6484375 0.571875
18 0.6484375 0.5640625 0.6375 0.5640625 0.6375 0.584375 0.6484375 0.584375
18 0.6484375 0.5484375 0.640625 0.5484375 0.640625 0.565625 0.6484375 0.565625
18 0.6625 0.5421875 0.646875 0.5421875 0.646875 0.55 0.6625 0.55
18 0.6609375 0.525 0.6375 0.525 0.6375 0.54375 0.6609375 0.54375
18 0.665625 0.5171875 0.65 0.5171875 0.65 0.5296875 0.665625 0.5296875
18 0.6953125 0.559375 0.68125 0.559375 0.68125 0.578125 0.6953125 0.578125
18 0.6984375 0.575 0.6796875 0.575 0.6796875 0.584375 0.6984375 0.584375
18 0.69375 0.6015625 0.6765625 0.6015625 0.6765625 0.6078125 0.69375 0.6078125
18 0.6875 0.6078125 0.6765625 0.6078125 0.6765625 0.625 0.6875 0.625
18 0.6390625 0.484375 0.628125 0.484375 0.628125 0.5125 0.6390625 0.5125
18 0.6671875 0.490625 0.6484375 0.490625 0.6484375 0.503125 0.6671875 0.503125
18 0.6671875 0.4734375 0.653125 0.4734375 0.653125 0.4921875 0.6671875 0.4921875
18 0.6703125 0.465625 0.6578125 0.465625 0.6578125 0.4921875 0.6703125 0.4921875
18 0.64375 0.4390625 0.6296875 0.4390625 0.6296875 0.4609375 0.64375 0.4609375
18 0.596875 0.4203125 0.565625 0.4203125 0.565625 0.45625 0.596875 0.45625
18 0.7265625 0.4359375000000001 0.696875 0.4359375 0.696875 0.4593750000000001 0.7265625 0.4593750000000002
18 0.7375 0.47343750000000007 0.721875 0.4734375 0.721875 0.4953125000000001 0.7375 0.49531250000000016
18 0.80625 0.4421875000000002 0.7921875 0.4421875000000002 0.7921875 0.4656250000000002 0.80625 0.4656250000000002
18 0.73125 0.3921875000000001 0.7171875 0.3921875000000001 0.7171875 0.40312500000000007 0.73125 0.4031250000000002
18 0.740625 0.3921875000000001 0.7171875 0.3921875000000001 0.7171875 0.4125000000000001 0.740625 0.4125000000000002
18 0.7 0.3375000000000001 0.678125 0.3375000000000001 0.678125 0.3468750000000001 0.7 0.3468750000000001
18 0.7359375 0.33281250000000007 0.7125 0.33281250000000007 0.7125 0.3515625000000001 0.7359375 0.3515625000000001
18 0.734375 0.3203125000000001 0.7171875 0.3203125000000001 0.7171875 0.3375000000000001 0.734375 0.3375000000000001
18 0.7515625 0.3265625000000001 0.7390625 0.3265625000000001 0.7390625 0.3468750000000001 0.7515625 0.3468750000000001
18 0.7765625 0.3500000000000001 0.759375 0.3500000000000001 0.759375 0.36406250000000007 0.7765625 0.36406250000000007
18 0.784375 0.2812500000000001 0.76875 0.2812500000000001 0.76875 0.2968750000000001 0.784375 0.2968750000000001
18 0.7921875 0.2906250000000001 0.778125 0.2906250000000001 0.778125 0.3062500000000001 0.7921875 0.3062500000000001
18 0.7984375 0.2484375000000001 0.7890625 0.2484375000000001 0.7890625 0.2718750000000001 0.7984375 0.2718750000000001
18 0.8046875 0.25468750000000007 0.79375 0.25468750000000007 0.79375 0.2718750000000001 0.8046875 0.2718750000000001
18 0.921875 0.19375000000000014 0.915625 0.19375000000000014 0.915625 0.2062500000000001 0.921875 0.2062500000000001
18 0.990625 0.16718750000000013 0.9828125 0.16718750000000013 0.9828125 0.17812500000000014 0.990625 0.17812500000000014
18 0.9546875 0.12812500000000013 0.94375 0.12812500000000013 0.94375 0.14062500000000014 0.9546875 0.14062500000000014
18 0.928125 0.12031250000000013 0.91875 0.12031250000000013 0.91875 0.13125000000000014 0.928125 0.13125000000000014
18 0.915625 0.13750000000000012 0.909375 0.13750000000000012 0.909375 0.15000000000000013 0.915625 0.15000000000000013
18 0.8953125 0.1359375000000001 0.88125 0.1359375000000001 0.88125 0.15000000000000008 0.8953125 0.15000000000000008
18 0.8953125 0.04687500000000011 0.884375 0.04687500000000011 0.884375 0.05312500000000011 0.8953125 0.05312500000000011
18 0.9234375 0.03750000000000011 0.909375 0.03750000000000011 0.909375 0.04531250000000011 0.9234375 0.04531250000000011
18 0.9296875 0.018750000000000114 0.9203125 0.01875000000000011 0.9203125 0.02968750000000011 0.9296875 0.02968750000000011
18 0.9453125 0.009375000000000116 0.9359375 0.009375000000000114 0.9359375 0.017187500000000116 0.9453125 0.017187500000000116
18 0.9375 0.02812500000000011 0.93125 0.02812500000000011 0.93125 0.04062500000000011 0.9375 0.04062500000000011