8 0.18437500000000004 0.2546875 0.16875000000000004 0.2546875 0.16875000000000004 0.28125 0.18437500000000004 0.28125
8 0.18593750000000003 0.3015625 0.14375000000000004 0.3015625 0.14375000000000004 0.3296875 0.18593750000000003 0.3296875
8 0.33281250000000007 0.3625 0.3 0.3625 0.30000000000000004 0.39375 0.33281250000000007 0.39375
8 0.2812500000000001 0.4265625 0.25468750000000007 0.4265625 0.25468750000000007 0.45625 0.2812500000000001 0.45625
8 0.3140625000000001 0.44375 0.2687500000000001 0.44375 0.2687500000000001 0.4921875 0.3140625000000001 0.4921875
8 0.3187500000000001 0.434375 0.2921875000000001 0.434375 0.2921875000000001 0.4671875 0.3187500000000001 0.4671875
8 0.3468750000000001 0.465625 0.3109375000000001 0.465625 0.3109375000000001 0.4984375 0.3468750000000001 0.4984375
8 0.5437500000000001 0.684375 0.4859375 0.684375 0.4859375000000001 0.728125 0.5437500000000002 0.728125
8 0.74375 0.3046875000000001 0.715625 0.3046875000000001 0.715625 0.3218750000000001 0.74375 0.3218750000000001
8 0.3 0.14687500000000003 0.2921875 0.14687500000000003 0.2921875 0.17031250000000003 0.3 0.17031250000000003
8 0.3375 0.06250000000000004 0.3125 0.06250000000000004 0.3125 0.07656250000000005 0.3375 0.07656250000000005
8 0.40625 0.08750000000000005 0.3890625 0.08750000000000005 0.3890625 0.09843750000000004 0.40625 0.09843750000000004
10 0.65625 0.06406250000000008 0.6328125 0.06406250000000006 0.6328125 0.07656250000000007 0.65625 0.07656250000000009
8 0.834375 0.1593750000000001 0.815625 0.1593750000000001 0.815625 0.1703125000000001 0.834375 0.1703125000000001
8 0.846875 0.1531250000000001 0.8265625 0.1531250000000001 0.8265625 0.16562500000000008 0.846875 0.16562500000000008
8 0.871875 0.15781250000000008 0.8484375 0.15781250000000008 0.8484375 0.17343750000000008 0.871875 0.17343750000000008
8 0.903125 0.11875000000000009 0.878125 0.11875000000000009 0.878125 0.13281250000000008 0.903125 0.13281250000000008
8 1 0.04375000000000012 0.9875 0.04375000000000012 0.9875 0.05625000000000012 1 0.05625000000000013
8 0.915625 0.1828125000000001 0.8875 0.1828125000000001 0.8875 0.1968750000000001 0.915625 0.19687500000000013
8 0.928125 0.40625000000000017 0.89375 0.40625000000000017 0.89375 0.42500000000000016 0.928125 0.42500000000000016
8 0.3390625 0.06093750000000005 0.31875 0.06093750000000005 0.31875 0.07031250000000004 0.3390625 0.07031250000000004
8 0.2921875 0.14843750000000006 0.2859375 0.14843750000000006 0.2859375 0.16875000000000004 0.2921875 0.16875000000000004