9 0.890625 0.2468750000000001 0.8546875 0.2468750000000001 0.8546875 0.30937500000000007 0.890625 0.30937500000000007
9 1 0.3359375000000001 0.940625 0.3359375000000001 0.940625 0.4359375000000002 1 0.4359375000000002
9 0.875 0.47656250000000017 0.8375 0.47656250000000017 0.8375 0.5296875000000002 0.875 0.5296875000000002
9 0.8375 0.3578125000000001 0.79375 0.3578125000000001 0.79375 0.4234375000000002 0.8375 0.4234375000000002
9 0.7546875 0.3906250000000001 0.7015625 0.3906250000000001 0.7015625 0.4609375000000001 0.7546875 0.46093750000000017
9 0.684375 0.609375 0.6484375 0.609375 0.6484375 0.659375 0.684375 0.659375
2 0.7062500000000002 0.7578125 0.6937500000000002 0.7578125 0.6937500000000002 0.7859375 0.7062500000000002 0.7859375
9 0.55625 0.5921875 0.496875 0.5921875 0.496875 0.6875 0.55625 0.6875
9 0.5375000000000001 0.69375 0.4875 0.69375 0.4875000000000001 0.7671875 0.5375000000000002 0.7671875
9 0.39531250000000007 0.59375 0.3421875000000001 0.59375 0.3421875000000001 0.6578125 0.39531250000000007 0.6578125
9 0.1703125000000001 0.5671875 0.06562500000000007 0.5671875 0.06562500000000007 0.696875 0.1703125000000001 0.696875