8 0.4453125 0.10156250000000004 0.43125 0.10156250000000004 0.43125 0.12656250000000005 0.4453125 0.12656250000000005
8 0.5640625 0.14375000000000007 0.540625 0.14375000000000004 0.540625 0.17812500000000006 0.5640625 0.1781250000000001
8 0.55 0.17031250000000006 0.534375 0.17031250000000003 0.534375 0.2000000000000001 0.55 0.2000000000000001
8 0.5703125 0.1984375000000001 0.55625 0.1984375000000001 0.55625 0.22812500000000008 0.5703125 0.22812500000000008
8 0.546875 0.2500000000000001 0.5296875 0.2500000000000001 0.5296875 0.2812500000000001 0.546875 0.2812500000000001
8 0.69375 0.3375000000000001 0.66875 0.3375000000000001 0.66875 0.3671875000000001 0.69375 0.3671875000000001
8 0.534375 0.3812500000000001 0.5078125 0.3812500000000001 0.5078125 0.4140625 0.534375 0.4140625
8 0.16562500000000005 0.4515625 0.13125000000000003 0.4515625 0.13125000000000003 0.4703125 0.16562500000000005 0.4703125
8 0.2609375000000001 0.7265625 0.22031250000000008 0.7265625 0.22031250000000008 0.7734375 0.2609375000000001 0.7734375
8 0.4125000000000002 0.8171875 0.3781250000000001 0.8171875 0.3781250000000001 0.8703125 0.4125000000000002 0.8703125
8 0.4421875000000002 0.8125 0.40156250000000016 0.8125 0.40156250000000016 0.8546875 0.4421875000000002 0.8546875
8 0.6171875000000002 0.771875 0.5765625000000002 0.771875 0.5765625000000002 0.8 0.6171875000000002 0.8
8 0.6140625000000002 0.7859375 0.5734375000000002 0.7859375 0.5734375000000002 0.815625 0.6140625000000002 0.815625
8 0.7281250000000001 0.7156250000000001 0.6921875 0.715625 0.6921875000000001 0.7828125000000001 0.7281250000000001 0.7828125000000001
8 0.7781250000000002 0.89375 0.7187500000000002 0.89375 0.7187500000000002 0.9375 0.7781250000000002 0.9375
8 0.7843750000000002 0.878125 0.7359375000000001 0.878125 0.7359375000000001 0.9171875 0.7843750000000002 0.9171875