9 0.425 0.014062500000000047 0.371875 0.014062500000000044 0.371875 0.07968750000000005 0.425 0.07968750000000005
9 0.4453125 0.05625000000000004 0.421875 0.05625000000000004 0.421875 0.12031250000000004 0.4453125 0.12031250000000004
9 0.6328125 0.10156250000000008 0.596875 0.10156250000000008 0.596875 0.15781250000000008 0.6328125 0.15781250000000008
9 0.2890625 3.425184016365254e-17 0.2703125 3.3103733789451887e-17 0.2703125 0.012500000000000034 0.2890625 0.012500000000000034
9 0.215625 0.021875000000000026 0.18125 0.021875000000000023 0.18125 0.057812500000000024 0.215625 0.057812500000000024
8 0.17500000000000004 0.21875 0.16093750000000004 0.21875 0.16093750000000004 0.2515625 0.17500000000000004 0.2515625
8 0.21875 0.246875 0.2015625 0.246875 0.2015625 0.2578125 0.21875 0.2578125
8 0.2140625 0.265625 0.2015625 0.265625 0.2015625 0.2953125 0.2140625 0.2953125
9 0.3015625 0.2390625 0.2734375 0.2390625 0.2734375 0.2890625 0.3015625 0.2890625
8 0.16562500000000005 0.340625 0.13906250000000003 0.340625 0.13906250000000003 0.365625 0.16562500000000005 0.365625
8 0.10937500000000004 0.421875 0.09375000000000004 0.421875 0.09375000000000006 0.4625 0.10937500000000004 0.4625
9 0.2406250000000001 0.421875 0.17500000000000004 0.421875 0.17500000000000004 0.5140625 0.2406250000000001 0.5140625
9 0.43125 0.5296875 0.3312500000000001 0.5296875 0.3312500000000001 0.6484375 0.43125 0.6484375
9 0.440625 0.659375 0.4125 0.659375 0.4125 0.7046875 0.440625 0.7046875
9 0.37187500000000007 0.64375 0.3390625000000001 0.64375 0.3390625000000001 0.6921875 0.37187500000000007 0.6921875
8 0.3234375000000001 0.759375 0.2984375000000001 0.759375 0.2984375000000001 0.7765625 0.3234375000000001 0.7765625
9 0.2593750000000001 0.76875 0.24375000000000008 0.76875 0.24375000000000008 0.7984375 0.2593750000000001 0.7984375
8 0.2468750000000001 0.90625 0.2312500000000001 0.90625 0.2312500000000001 0.94375 0.2468750000000001 0.94375
8 0.2015625000000001 0.9828125 0.17343750000000013 0.9828125 0.17343750000000013 1 0.2015625000000001 1
9 0.4656250000000002 0.915625 0.40156250000000016 0.915625 0.40156250000000016 1 0.4656250000000002 1
9 0.3968750000000001 0.753125 0.3609375000000001 0.753125 0.3609375000000001 0.828125 0.3968750000000001 0.828125
9 0.3671875000000001 0.7796875 0.3453125000000001 0.7796875 0.3453125000000001 0.8375 0.3671875000000001 0.8375
8 0.190625 0.09531250000000002 0.1765625 0.09531250000000002 0.1765625 0.13281250000000003 0.190625 0.13281250000000006
9 0.2 0.209375 0.17343750000000005 0.209375 0.17343750000000005 0.246875 0.2 0.246875