18 0.721875 0.1281250000000001 0.7109375 0.1281250000000001 0.7109375 0.14843750000000008 0.721875 0.14843750000000008
18 0.73125 0.1625000000000001 0.7078125 0.1625000000000001 0.7078125 0.2000000000000001 0.73125 0.2000000000000001
18 0.6984375 0.54375 0.68125 0.54375 0.68125 0.590625 0.6984375 0.590625
18 0.5171875000000001 0.8953125 0.47187500000000016 0.8953125 0.47187500000000016 0.95625 0.5171875000000001 0.95625
18 0.5937500000000002 0.8609375 0.5625000000000002 0.8609375 0.5625000000000002 0.9296875 0.5937500000000002 0.9296875
18 0.8140625 0.2062500000000001 0.7828125 0.2062500000000001 0.7828125 0.29375000000000007 0.8140625 0.29375000000000007
18 0.75625 0.18750000000000008 0.7296875 0.18750000000000008 0.7296875 0.2515625000000001 0.75625 0.2515625000000001
18 0.796875 0.2734375000000001 0.775 0.2734375000000001 0.775 0.3187500000000001 0.796875 0.3187500000000001
18 0.7578125 0.3546875000000001 0.7296875 0.3546875000000001 0.7296875 0.38750000000000007 0.7578125 0.38750000000000007
18 0.6484375000000002 0.9578125 0.6203125000000002 0.9578125 0.6203125000000002 1 0.6484375000000002 1
18 0.7546875000000002 0.865625 0.7093750000000002 0.865625 0.7093750000000002 0.9109375 0.7546875000000002 0.9109375
18 0.7000000000000002 0.91875 0.6546875000000002 0.91875 0.6546875000000002 0.9859375 0.7000000000000002 0.9859375
18 0.7312500000000002 0.9171875 0.7093750000000002 0.9171875 0.7093750000000002 0.9734375 0.7312500000000002 0.9734375
18 0.7609375000000002 0.8921875 0.7250000000000002 0.8921875 0.7250000000000002 0.953125 0.7609375000000002 0.953125
18 0.7656250000000002 0.8109375 0.7203125000000001 0.8109375 0.7203125000000001 0.875 0.7656250000000002 0.875
18 0.7781250000000002 0.7625000000000002 0.7375000000000002 0.7625000000000002 0.7375000000000002 0.8203125 0.7781250000000002 0.8203125
18 0.8109375 0.7703125000000002 0.7718750000000002 0.7703125000000002 0.7718750000000002 0.821875 0.8109375 0.821875
18 0.7671875 0.5359375000000001 0.725 0.5359375 0.725 0.58125 0.7671875 0.5812500000000002
18 0.946875 0.5515625000000002 0.8984375 0.5515625000000002 0.8984375 0.5953125000000001 0.946875 0.5953125000000001
18 1 0.5734375000000002 0.946875 0.5734375000000002 0.946875 0.6281250000000002 1 0.6281250000000002
18 1 0.4265625000000002 0.971875 0.4265625000000002 0.971875 0.4937500000000002 1 0.4937500000000002
18 0.975 0.44843750000000016 0.95 0.44843750000000016 0.95 0.4906250000000002 0.975 0.4906250000000002
18 0.8 0.5546875000000002 0.775 0.5546875000000002 0.775 0.5937500000000002 0.8 0.5937500000000002
18 0.709375 0.45 0.6859375 0.45 0.6859375 0.475 0.709375 0.475
18 0.775 0.44062500000000016 0.7390625 0.44062500000000016 0.7390625 0.49218750000000017 0.775 0.49218750000000017
18 0.8015625 0.4500000000000002 0.7625 0.4500000000000002 0.7625 0.4906250000000002 0.8015625 0.4906250000000002
18 0.771875 0.4671875000000002 0.7296875 0.4671875000000002 0.7296875 0.5156250000000002 0.771875 0.5156250000000002
18 0.803125 0.3375000000000001 0.7703125 0.3375000000000001 0.7703125 0.4031250000000002 0.803125 0.4031250000000002