9 0.490625 0.3078125000000001 0.4453125 0.3078125000000001 0.4453125 0.3578125000000001 0.490625 0.3578125000000001
9 0.4328125 0.3546875000000001 0.3921875 0.3546875000000001 0.3921875 0.403125 0.4328125 0.403125
9 0.559375 0.3515625000000001 0.525 0.3515625000000001 0.525 0.3968750000000001 0.559375 0.3968750000000001
9 0.7296875 0.4156250000000001 0.678125 0.415625 0.678125 0.4828125000000001 0.7296875 0.4828125000000002
9 0.890625 0.3156250000000001 0.8390625 0.3156250000000001 0.8390625 0.3828125000000001 0.890625 0.3828125000000001
9 0.8546875 0.5156250000000002 0.7546875 0.5156250000000002 0.7546875 0.6484375000000002 0.8546875 0.6484375000000002
9 0.759375 0.5328125000000001 0.721875 0.5328125 0.721875 0.5750000000000001 0.759375 0.5750000000000002
9 0.6515625 0.5078125 0.6078125 0.5078125 0.6078125 0.575 0.6515625 0.575
9 0.47656250000000017 0.8453125 0.4343750000000002 0.8453125 0.4343750000000002 0.91875 0.47656250000000017 0.91875
9 0.38750000000000007 0.74375 0.3359375000000001 0.74375 0.3359375000000001 0.853125 0.38750000000000007 0.853125
9 0.2000000000000001 0.8109375 0.1312500000000001 0.8109375 0.13125000000000012 0.909375 0.2000000000000001 0.909375
8 0.7171875000000002 0.96875 0.6781250000000002 0.96875 0.6781250000000002 1 0.7171875000000002 1
8 0.815625 0.8984375 0.7765625000000002 0.8984375 0.7765625000000002 0.93125 0.815625 0.93125
8 0.8390625 0.8421875 0.815625 0.8421875 0.815625 0.8734375 0.8390625 0.8734375
8 0.9515625 0.8453125 0.9296875 0.8453125 0.9296875 0.8984375 0.9515625 0.8984375
8 0.8390625 0.90625 0.8140625 0.90625 0.8140625 0.925 0.8390625 0.925