8 0.74375 0.3515625000000001 0.734375 0.3515625000000001 0.734375 0.3765625000000001 0.74375 0.3765625000000001
8 0.24218750000000008 0.940625 0.22812500000000008 0.940625 0.22812500000000008 0.9921875 0.24218750000000008 0.9921875
8 0.2093750000000001 0.66875 0.18750000000000008 0.66875 0.18750000000000008 0.6953125 0.2093750000000001 0.6953125
8 0.2375000000000001 0.6640625 0.2140625000000001 0.6640625 0.2140625000000001 0.678125 0.2375000000000001 0.678125
8 0.2578125000000001 0.6609375 0.2375000000000001 0.6609375 0.2375000000000001 0.68125 0.2578125000000001 0.68125
8 0.2812500000000001 0.6703125 0.2562500000000001 0.6703125 0.2562500000000001 0.684375 0.2812500000000001 0.684375
8 0.25468750000000007 0.5609375 0.22812500000000008 0.5609375 0.22812500000000008 0.5828125 0.25468750000000007 0.5828125
8 0.4546875 0.51875 0.4421875 0.51875 0.4421875 0.54375 0.4546875 0.54375
8 0.53125 0.6078125 0.521875 0.6078125 0.521875 0.634375 0.53125 0.634375
8 0.20312500000000008 0.4734375 0.18437500000000004 0.4734375 0.18437500000000004 0.4875 0.20312500000000008 0.4875
8 0.2796875 0.2546875 0.2640625 0.2546875 0.2640625 0.2703125 0.2796875 0.2703125
8 0.5171875 0.3375000000000001 0.50625 0.3375000000000001 0.50625 0.3531250000000001 0.5171875 0.3531250000000001
8 0.521875 0.3453125000000001 0.5140625 0.3453125000000001 0.5140625 0.3625000000000001 0.521875 0.3625000000000001
8 0.5203125 0.36406250000000007 0.50625 0.36406250000000007 0.50625 0.37968750000000007 0.5203125 0.37968750000000007
8 0.515625 0.3765625000000001 0.5046875 0.3765625000000001 0.5046875 0.3984375000000001 0.515625 0.3984375000000001
8 0.5125 0.39531250000000007 0.4953125 0.39531250000000007 0.4953125 0.409375 0.5125 0.409375
8 0.5046875 0.13906250000000003 0.490625 0.13906250000000003 0.490625 0.15937500000000004 0.5046875 0.15937500000000004
8 0.346875 0.10468750000000004 0.328125 0.10468750000000004 0.328125 0.11718750000000004 0.346875 0.11718750000000004
8 0.3890625 0.10156250000000004 0.3765625 0.10156250000000004 0.3765625 0.10937500000000004 0.3890625 0.10937500000000004
8 0.4140625 0.06562500000000004 0.4 0.06562500000000004 0.4 0.07500000000000004 0.4140625 0.07500000000000004
8 0.3484375 0.10156250000000004 0.3328125 0.10156250000000004 0.3328125 0.10781250000000005 0.3484375 0.10781250000000005
8 0.28125 0.25 0.265625 0.25 0.265625 0.2640625 0.28125 0.2640625
8 0.1765625000000001 0.7 0.1468750000000001 0.7 0.1468750000000001 0.7421875 0.1765625000000001 0.7421875