18 0.4171875 0.5640625 0.3812500000000001 0.5640625 0.3812500000000001 0.609375 0.4171875 0.609375
18 0.4046875 0.640625 0.3734375000000001 0.640625 0.3734375000000001 0.68125 0.4046875 0.68125
18 0.40156250000000016 0.74375 0.36406250000000007 0.74375 0.36406250000000007 0.7953125 0.40156250000000016 0.7953125
18 0.3453125000000001 0.7859375 0.3265625000000001 0.7859375 0.3265625000000001 0.8125 0.3453125000000001 0.8125
18 0.28593750000000007 0.8796875 0.26250000000000007 0.8796875 0.26250000000000007 0.8921875 0.28593750000000007 0.8921875
18 0.30156250000000007 0.8578125 0.2875000000000001 0.8578125 0.2875000000000001 0.8671875 0.30156250000000007 0.8671875
18 0.2921875000000001 0.865625 0.27812500000000007 0.865625 0.27812500000000007 0.88125 0.2921875000000001 0.88125
18 0.2953125000000001 0.753125 0.26250000000000007 0.753125 0.26250000000000007 0.7734375 0.2953125000000001 0.7734375
18 0.3703125000000001 0.6953125 0.3531250000000001 0.6953125 0.3531250000000001 0.709375 0.3703125000000001 0.709375
18 0.3453125000000001 0.7140625 0.3343750000000001 0.7140625 0.3343750000000001 0.728125 0.3453125000000001 0.728125
18 0.4390625 0.5171875 0.4234375 0.5171875 0.4234375 0.53125 0.4390625 0.53125
18 0.33281250000000007 0.7453125 0.31718750000000007 0.7453125 0.31718750000000007 0.7640625 0.33281250000000007 0.7640625
18 0.3421875000000001 0.7671875 0.3218750000000001 0.7671875 0.3218750000000001 0.78125 0.3421875000000001 0.78125
18 0.30156250000000007 0.809375 0.2875000000000001 0.809375 0.2875000000000001 0.825 0.30156250000000007 0.825
18 0.2734375000000001 0.809375 0.2671875000000001 0.809375 0.2671875000000001 0.8203125 0.2734375000000001 0.8203125
18 0.30156250000000007 0.725 0.29375000000000007 0.725 0.29375000000000007 0.7359375 0.30156250000000007 0.7359375
18 0.3140625000000001 0.734375 0.30156250000000007 0.734375 0.30156250000000007 0.7484375 0.3140625000000001 0.7484375
18 0.3656250000000001 0.6359375 0.3546875000000001 0.6359375 0.3546875000000001 0.646875 0.3656250000000001 0.646875
18 0.3906250000000001 0.609375 0.3812500000000001 0.609375 0.3812500000000001 0.6234375 0.3906250000000001 0.6234375