9 0.584375 0.12656250000000008 0.553125 0.12656250000000008 0.553125 0.1515625000000001 0.584375 0.1515625000000001
9 0.3921875 0.22656250000000006 0.346875 0.2265625 0.346875 0.28750000000000003 0.3921875 0.2875000000000001
9 0.3203125 0.2421875 0.2953125 0.2421875 0.2953125 0.2765625 0.3203125 0.2765625
9 0.203125 0.19687500000000002 0.17187500000000006 0.196875 0.17187500000000006 0.225 0.203125 0.225
8 0.17812500000000003 0.25 0.16718750000000004 0.25 0.16718750000000004 0.2765625 0.17812500000000003 0.2765625
9 0.18593750000000003 0.3171875 0.16093750000000004 0.3171875 0.16093750000000004 0.3375 0.18593750000000003 0.3375
8 0.203125 0.346875 0.18750000000000006 0.346875 0.18750000000000006 0.359375 0.203125 0.359375
8 0.20468750000000005 0.359375 0.19687500000000005 0.359375 0.19687500000000005 0.384375 0.20468750000000008 0.384375
8 0.16250000000000003 0.4421875 0.13593750000000004 0.4421875 0.13593750000000004 0.459375 0.16250000000000003 0.459375
8 0.10625000000000004 0.5 0.09062500000000007 0.5 0.09062500000000007 0.5328125 0.10625000000000004 0.5328125
9 0.27812500000000007 0.765625 0.26250000000000007 0.765625 0.26250000000000007 0.79375 0.27812500000000007 0.79375
8 0.3453125000000001 0.7390625 0.3203125000000001 0.7390625 0.3203125000000001 0.75625 0.3453125000000001 0.75625
8 0.2734375000000001 0.9015625 0.25468750000000007 0.9015625 0.25468750000000007 0.934375 0.2734375000000001 0.934375
8 0.2234375000000001 0.9953125 0.19531250000000014 0.9953125 0.19531250000000014 1 0.2234375000000001 1
9 0.5375000000000002 0.7546875 0.49218750000000017 0.7546875 0.49218750000000017 0.809375 0.5375000000000002 0.809375
9 0.5625000000000002 0.728125 0.5406250000000001 0.728125 0.5406250000000001 0.7828125 0.5625000000000002 0.7828125
9 0.5562500000000001 0.6703125 0.5125 0.6703125 0.5125000000000001 0.7453125 0.5562500000000001 0.7453125
9 0.6000000000000002 0.9078125 0.5703125000000002 0.9078125 0.5703125000000002 0.9640625 0.6000000000000002 0.9640625
9 0.6796875000000002 0.871875 0.6171875000000002 0.871875 0.6171875000000002 0.9453125 0.6796875000000002 0.9453125
9 0.8046875 0.7718750000000002 0.7421875000000002 0.7718750000000002 0.7421875000000002 0.8546875 0.8046875 0.8546875
9 0.6890625 0.4546875 0.65625 0.4546875 0.65625 0.5140625 0.6890625 0.5140625
9 0.521875 0.409375 0.48125 0.409375 0.48125 0.4703125 0.521875 0.4703125
9 0.6 0.50625 0.5734375 0.50625 0.5734375 0.54375 0.6 0.54375
9 0.6421875 0.5796875 0.596875 0.5796875 0.596875 0.6484375 0.6421875 0.6484375
9 0.6703125 0.5953125 0.628125 0.5953125 0.628125 0.653125 0.6703125 0.653125
9 0.6546875 0.6265625 0.6 0.6265625 0.6 0.7015625 0.6546875 0.7015625
9 0.515625 0.5515625 0.4703125 0.5515625 0.4703125 0.628125 0.515625 0.628125
9 0.503125 0.6203125 0.4671875 0.6203125 0.4671875 0.6484375 0.503125 0.6484375
9 0.425 0.484375 0.3937500000000001 0.484375 0.3937500000000001 0.5296875 0.425 0.5296875
9 0.409375 0.5109375 0.3843750000000001 0.5109375 0.3843750000000001 0.5375 0.409375 0.5375
9 0.3968750000000001 0.475 0.3140625000000001 0.475 0.3140625000000001 0.59375 0.3968750000000001 0.59375
8 0.17500000000000004 0.334375 0.15468750000000003 0.334375 0.15468750000000003 0.3515625 0.17500000000000004 0.3515625
10 0.2875000000000001 0.653125 0.2656250000000001 0.653125 0.2656250000000001 0.66875 0.2875000000000001 0.66875