9 0.4703125 0.020312500000000056 0.45 0.020312500000000056 0.45 0.060937500000000054 0.4703125 0.06093750000000007
8 0.371875 0.07500000000000004 0.3625 0.07500000000000004 0.3625 0.10156250000000004 0.371875 0.10156250000000004
9 0.3875 0.15312500000000004 0.3484375 0.15312500000000004 0.3484375 0.21562500000000004 0.3875 0.2156250000000001
9 0.5015625 0.13281250000000006 0.4609375 0.13281250000000006 0.4609375 0.19687500000000005 0.5015625 0.19687500000000005
9 0.41875 0.2015625000000001 0.3890625 0.2015625000000001 0.3890625 0.2578125000000001 0.41875 0.2578125000000001
9 0.434375 0.2640625000000001 0.3890625 0.2640625000000001 0.3890625 0.33281250000000007 0.434375 0.33281250000000007
9 0.4703125 0.2578125000000001 0.4234375 0.2578125000000001 0.4234375 0.3312500000000001 0.4703125 0.3312500000000001
9 0.3687500000000001 0.440625 0.3156250000000001 0.440625 0.3156250000000001 0.5171875 0.3687500000000001 0.5171875
9 0.3546875000000001 0.509375 0.3234375000000001 0.509375 0.3234375000000001 0.5640625 0.3546875000000001 0.5640625
8 0.2593750000000001 0.6359375 0.2390625000000001 0.6359375 0.2390625000000001 0.6703125 0.2593750000000001 0.6703125
9 0.36406250000000007 0.771875 0.32500000000000007 0.771875 0.32500000000000007 0.859375 0.36406250000000007 0.859375
9 0.4000000000000002 0.765625 0.3546875000000001 0.765625 0.3546875000000001 0.8515625 0.4000000000000002 0.8515625
8 0.3750000000000001 0.8578125 0.36406250000000007 0.8578125 0.36406250000000007 0.896875 0.3750000000000001 0.896875
8 0.2609375000000001 0.6140625 0.2406250000000001 0.6140625 0.2406250000000001 0.659375 0.2609375000000001 0.659375