17 0.18906250000000005 0.3234375 0.16406250000000006 0.3234375 0.16406250000000006 0.35625 0.18906250000000005 0.35625
17 0.36718750000000006 0.31875000000000003 0.346875 0.31875 0.34687500000000004 0.37812500000000004 0.3671875000000001 0.3781250000000001
17 0.5859375 0.34062500000000007 0.5390625 0.34062500000000007 0.5390625 0.3703125000000001 0.5859375 0.3703125000000001
17 0.484375 0.34843750000000007 0.4578125 0.34843750000000007 0.4578125 0.3781250000000001 0.484375 0.3781250000000001
17 0.6765625 0.3656250000000001 0.65 0.3656250000000001 0.65 0.3921875000000001 0.6765625 0.3921875000000001
17 0.41875 0.3687500000000001 0.3968750000000001 0.3687500000000001 0.3968750000000001 0.409375 0.41875 0.409375
17 0.63125 0.3765625000000001 0.5953125 0.3765625000000001 0.5953125 0.403125 0.63125 0.403125
17 0.30937500000000007 0.3765625 0.2890625000000001 0.3765625 0.2890625000000001 0.40625 0.30937500000000007 0.40625
17 0.7140625 0.3687500000000001 0.6703125 0.3687500000000001 0.6703125 0.4265625 0.7140625 0.4265625
17 0.765625 0.37968750000000007 0.74375 0.37968750000000007 0.74375 0.4234375000000002 0.765625 0.4234375000000002
17 0.834375 0.3812500000000001 0.79375 0.3812500000000001 0.79375 0.4281250000000002 0.834375 0.4281250000000002