8 0.7265625000000002 0.9546875 0.7125000000000001 0.9546875 0.7125000000000001 0.9875 0.7265625000000002 0.9875
8 0.703125 0.6 0.671875 0.6 0.671875 0.6375 0.703125 0.6375
8 0.6984375 0.496875 0.6796875 0.496875 0.6796875 0.5171875 0.6984375 0.5171875
8 0.709375 0.3984375000000001 0.6953125 0.3984375000000001 0.6953125 0.4078125 0.709375 0.4078125
8 0.6125 0.3906250000000001 0.6046875 0.3906250000000001 0.6046875 0.40625 0.6125 0.40625
8 0.7515625 0.40156250000000016 0.746875 0.40156250000000016 0.746875 0.41718750000000016 0.7515625 0.41718750000000016
8 0.640625 0.515625 0.60625 0.515625 0.60625 0.5546875 0.640625 0.5546875
8 0.621875 0.5359375 0.590625 0.5359375 0.590625 0.575 0.621875 0.575
8 0.653125 0.5515625 0.621875 0.5515625 0.621875 0.5921875 0.653125 0.5921875
8 0.634375 0.6109375 0.603125 0.6109375 0.603125 0.6390625 0.634375 0.6390625
8 0.6578125000000001 0.696875 0.640625 0.696875 0.6406250000000001 0.73125 0.6578125000000001 0.73125
8 0.6734375 0.415625 0.646875 0.415625 0.646875 0.45 0.6734375 0.45
8 0.6453125 0.3890625000000001 0.6265625 0.3890625000000001 0.6265625 0.4171875 0.6453125 0.4171875
8 0.653125 0.3343750000000001 0.6296875 0.3343750000000001 0.6296875 0.37187500000000007 0.653125 0.37187500000000007
8 0.6328125 0.3265625000000001 0.6046875 0.3265625000000001 0.6046875 0.3656250000000001 0.6328125 0.3656250000000001
8 0.665625 0.27031250000000007 0.653125 0.27031250000000007 0.653125 0.2984375000000001 0.665625 0.2984375000000001
8 0.7375 0.27031250000000007 0.715625 0.27031250000000007 0.715625 0.2890625000000001 0.7375 0.2890625000000001
8 0.584375 0.19687500000000008 0.56875 0.19687500000000008 0.56875 0.2296875000000001 0.584375 0.2296875000000001
8 0.5546875 0.04375000000000007 0.5484375 0.04375000000000007 0.5484375 0.05312500000000007 0.5546875 0.05312500000000007
7 0.5078125 0.10937500000000004 0.4984375 0.10937500000000004 0.4984375 0.11718750000000004 0.5078125 0.11718750000000004
8 0.4015625 0.07187500000000005 0.3875 0.07187500000000005 0.3875 0.07968750000000005 0.4015625 0.07968750000000005
7 0.428125 0.06718750000000004 0.41875 0.06718750000000004 0.41875 0.07656250000000005 0.428125 0.07656250000000005
7 0.4296875 0.05625000000000004 0.4234375 0.05625000000000004 0.4234375 0.06406250000000005 0.4296875 0.06406250000000005
8 0.3765625 0.03750000000000005 0.3734375 0.03750000000000005 0.3734375 0.043750000000000046 0.3765625 0.043750000000000046
8 0.384375 0.0031250000000000466 0.378125 0.0031250000000000457 0.378125 0.009375000000000046 0.384375 0.009375000000000046
8 0.390625 0.012500000000000048 0.384375 0.012500000000000044 0.384375 0.020312500000000046 0.390625 0.02031250000000005
8 0.390625 0.020312500000000046 0.384375 0.020312500000000046 0.384375 0.026562500000000044 0.390625 0.026562500000000044
8 0.36875 0.035937500000000046 0.3640625 0.035937500000000046 0.3640625 0.042187500000000044 0.36875 0.042187500000000044
8 0.34375 0.059375000000000046 0.3390625 0.059375000000000046 0.3390625 0.06562500000000004 0.34375 0.06562500000000004
8 0.3375 0.05312500000000005 0.33125 0.05312500000000005 0.33125 0.059375000000000046 0.3375 0.059375000000000046
7 0.33125 0.05468750000000004 0.325 0.05468750000000004 0.325 0.06093750000000005 0.33125 0.06093750000000005
8 0.3 0.004687500000000036 0.2921875 0.004687500000000036 0.2921875 0.010937500000000036 0.3 0.010937500000000036
8 0.2890625 0.0031250000000000353 0.284375 0.003125000000000035 0.284375 0.014062500000000033 0.2890625 0.014062500000000033
8 0.7046875 0.5015625 0.6921875 0.5015625 0.6921875 0.51875 0.7046875 0.51875
8 0.3859375 0.003125000000000047 0.384375 0.003125000000000047 0.384375 0.010937500000000048 0.3859375 0.010937500000000048