8 0.7906250000000001 0.7687500000000002 0.7312500000000002 0.7687500000000002 0.7312500000000002 0.8171875 0.7906250000000001 0.8171875
8 0.6578125 0.4328125 0.628125 0.4328125 0.628125 0.475 0.6578125 0.475
8 0.634375 0.3921875000000001 0.6140625 0.3921875000000001 0.6140625 0.4328125 0.634375 0.4328125
8 0.63125 0.3968750000000001 0.590625 0.3968750000000001 0.590625 0.4484375 0.63125 0.4484375
8 0.6046875 0.3703125000000001 0.584375 0.3703125000000001 0.584375 0.403125 0.6046875 0.403125
8 0.6640625 0.3281250000000001 0.6375 0.3281250000000001 0.6375 0.3625000000000001 0.6640625 0.3625000000000001
8 0.5546875 0.2171875000000001 0.5203125 0.2171875000000001 0.5203125 0.24218750000000008 0.5546875 0.24218750000000008
8 0.55625 0.1843750000000001 0.5453125 0.1843750000000001 0.5453125 0.2062500000000001 0.55625 0.2062500000000001
8 0.6765625 0.1218750000000001 0.6671875 0.1218750000000001 0.6671875 0.14218750000000008 0.6765625 0.14218750000000008
8 0.740625 0.05312500000000009 0.715625 0.05312500000000009 0.715625 0.07031250000000008 0.740625 0.07031250000000008
8 0.7953125 0.09375000000000008 0.7796875 0.09375000000000008 0.7796875 0.10468750000000009 0.7953125 0.10468750000000009
8 0.6828125 0.1218750000000001 0.6734375 0.1218750000000001 0.6734375 0.1437500000000001 0.6828125 0.1437500000000001