9 0.60625 0.009375000000000074 0.5859375 0.009375000000000073 0.5859375 0.035937500000000074 0.60625 0.03593750000000008
9 0.6390625 0.025000000000000078 0.6125 0.025000000000000078 0.6125 0.07187500000000008 0.6390625 0.07187500000000009
9 0.7515625 0.02968750000000009 0.7171875 0.02968750000000009 0.7171875 0.0671875000000001 0.7515625 0.0671875000000001
8 0.4328125 0.0015625000000000521 0.41875 0.0015625000000000513 0.41875 0.014062500000000052 0.4328125 0.014062500000000056
10 0.378125 4.5732903905658965e-17 0.36875 4.5158850718558645e-17 0.36875 0.007812500000000045 0.378125 0.007812500000000047
9 0.4046875 0.06718750000000004 0.346875 0.06718750000000004 0.346875 0.12500000000000006 0.4046875 0.12500000000000006
9 0.415625 0.11562500000000005 0.39375 0.11562500000000005 0.39375 0.14218750000000005 0.415625 0.14218750000000005
9 0.403125 0.13750000000000004 0.371875 0.13750000000000004 0.371875 0.18437500000000004 0.403125 0.18437500000000004
9 0.3796875 0.14375000000000004 0.346875 0.14375000000000004 0.346875 0.17968750000000006 0.3796875 0.17968750000000006
9 0.4796875 0.10625000000000004 0.446875 0.10625000000000004 0.446875 0.14687500000000003 0.4796875 0.14687500000000003
9 0.5109375 0.2171875000000001 0.4734375 0.2171875000000001 0.4734375 0.2593750000000001 0.5109375 0.2593750000000001
9 0.60625 0.15625000000000008 0.5703125 0.15625000000000008 0.5703125 0.1906250000000001 0.60625 0.1906250000000001
9 0.6625 0.22031250000000008 0.6296875 0.22031250000000008 0.6296875 0.2609375000000001 0.6625 0.2609375000000001
9 0.559375 0.2171875000000001 0.5296875 0.2171875000000001 0.5296875 0.2562500000000001 0.559375 0.2562500000000001
9 0.5890625 0.2578125000000001 0.546875 0.2578125000000001 0.546875 0.3062500000000001 0.5890625 0.3062500000000001
9 0.2046875 0.19531250000000003 0.17187500000000006 0.1953125 0.17187500000000006 0.2515625 0.2046875 0.2515625
9 0.184375 0.10000000000000002 0.171875 0.1 0.171875 0.11093750000000002 0.184375 0.11093750000000005
8 0.1890625 0.12656250000000005 0.1828125 0.12656250000000005 0.1828125 0.14218750000000005 0.1890625 0.14218750000000005
8 0.125 0.1078125 0.1078125 0.1078125 0.1078125 0.121875 0.125 0.121875
8 0.09375000000000001 0.08750000000000001 0.0859375 0.0875 0.08593750000000001 0.10625 0.09375000000000003 0.10625
9 0.415625 0.09375000000000004 0.396875 0.09375000000000004 0.396875 0.10937500000000004 0.415625 0.10937500000000004