18 0.1234375 0.1015625 0.1140625 0.1015625 0.1140625 0.109375 0.1234375 0.109375
18 0.1390625 0.11875 0.1265625 0.11875 0.1265625 0.1265625 0.1390625 0.1265625
18 0.121875 0.1171875 0.1171875 0.1171875 0.1171875 0.1234375 0.121875 0.1234375
18 0.11875 0.1171875 0.1140625 0.1171875 0.1140625 0.1234375 0.11875 0.1234375
18 0.1375 0.134375 0.1265625 0.134375 0.1265625 0.1390625 0.1375 0.1390625
18 0.13125 0.1515625 0.1265625 0.1515625 0.1265625 0.1640625 0.13125 0.1640625
18 0.2234375 0.17656250000000004 0.2140625 0.17656250000000004 0.2140625 0.18281250000000004 0.2234375 0.18281250000000004
18 0.2390625 0.16406250000000006 0.228125 0.16406250000000006 0.228125 0.17343750000000005 0.2390625 0.17343750000000005
18 0.2875 0.16250000000000003 0.2828125 0.16250000000000003 0.2828125 0.17031250000000003 0.2875 0.17031250000000003
18 0.234375 0.19218750000000004 0.225 0.19218750000000004 0.225 0.19843750000000004 0.234375 0.19843750000000004
18 0.2265625 0.20625 0.215625 0.20625 0.215625 0.2125 0.2265625 0.2125
18 0.2859375 0.215625 0.275 0.215625 0.275 0.221875 0.2859375 0.221875
18 0.3375 0.29375 0.325 0.29375 0.325 0.303125 0.3375 0.303125
18 0.4296875 0.3296875000000001 0.41875 0.3296875000000001 0.41875 0.3390625000000001 0.4296875 0.3390625000000001
18 0.35 0.3328125 0.3359375 0.3328125 0.3359375 0.3421875 0.35 0.3421875
18 0.315625 0.321875 0.303125 0.321875 0.303125 0.3328125 0.315625 0.3328125
18 0.2953125 0.325 0.2828125 0.325 0.2828125 0.3359375 0.2953125 0.3359375
18 0.3 0.325 0.290625 0.325 0.290625 0.3328125 0.3 0.3328125
18 0.3437500000000001 0.3671875 0.3343750000000001 0.3671875 0.3343750000000001 0.371875 0.3437500000000001 0.371875
18 0.3359375000000001 0.38125 0.3203125000000001 0.38125 0.3203125000000001 0.3875 0.3359375000000001 0.3875
18 0.3312500000000001 0.384375 0.3187500000000001 0.384375 0.3187500000000001 0.39375 0.3312500000000001 0.39375
18 0.3218750000000001 0.3765625 0.30937500000000007 0.3765625 0.30937500000000007 0.384375 0.3218750000000001 0.384375
18 0.37187500000000007 0.4265625 0.3546875000000001 0.4265625 0.3546875000000001 0.440625 0.37187500000000007 0.440625
18 0.3750000000000001 0.4375 0.3625000000000001 0.4375 0.3625000000000001 0.446875 0.3750000000000001 0.446875
18 0.415625 0.421875 0.4015625 0.421875 0.4015625 0.4359375 0.415625 0.4359375
18 0.4453125 0.428125 0.4328125 0.428125 0.4328125 0.440625 0.4453125 0.440625
18 0.4328125 0.475 0.4265625 0.475 0.4265625 0.4921875 0.4328125 0.4921875
18 0.44375 0.4828125 0.43125 0.4828125 0.43125 0.4921875 0.44375 0.4921875
18 0.43125 0.478125 0.41875 0.478125 0.41875 0.49375 0.43125 0.49375
18 0.3937500000000001 0.5 0.3812500000000001 0.5 0.3812500000000001 0.509375 0.3937500000000001 0.509375
18 0.4109375 0.5546875 0.3890625000000001 0.5546875 0.3890625000000001 0.56875 0.4109375 0.56875
18 0.4875 0.475 0.4703125 0.475 0.4703125 0.4875 0.4875 0.4875
18 0.4703125 0.4921875 0.4578125 0.4921875 0.4578125 0.5015625 0.4703125 0.5015625
18 0.4546875 0.4921875 0.446875 0.4921875 0.446875 0.5078125 0.4546875 0.5078125
18 0.4734375 0.5171875 0.4609375 0.5171875 0.4609375 0.5265625 0.4734375 0.5265625
18 0.4625 0.515625 0.4453125 0.515625 0.4453125 0.5296875 0.4625 0.5296875
18 0.4953125 0.49375 0.4828125 0.49375 0.4828125 0.50625 0.4953125 0.50625
18 0.5 0.4875 0.4859375 0.4875 0.4859375 0.4953125 0.5 0.4953125
18 0.5125 0.475 0.4984375 0.475 0.4984375 0.48125 0.5125 0.48125
18 0.521875 0.471875 0.509375 0.471875 0.509375 0.4828125 0.521875 0.4828125
18 0.5328125 0.4796875 0.525 0.4796875 0.525 0.490625 0.5328125 0.490625
18 0.5390625 0.490625 0.53125 0.490625 0.53125 0.5015625 0.5390625 0.5015625
18 0.5703125 0.5078125 0.5578125 0.5078125 0.5578125 0.5234375 0.5703125 0.5234375
18 0.51875 0.5203125 0.5046875 0.5203125 0.5046875 0.5296875 0.51875 0.5296875
18 0.5140625 0.5390625 0.5046875 0.5390625 0.5046875 0.5515625 0.5140625 0.5515625
18 0.49375 0.5390625 0.4859375 0.5390625 0.4859375 0.5546875 0.49375 0.5546875
18 0.4875 0.5421875 0.4796875 0.5421875 0.4796875 0.5546875 0.4875 0.5546875
18 0.49375 0.559375 0.4875 0.559375 0.4875 0.58125 0.49375 0.58125
18 0.4890625 0.56875 0.4734375 0.56875 0.4734375 0.5765625 0.4890625 0.5765625
18 0.503125 0.575 0.4953125 0.575 0.4953125 0.59375 0.503125 0.59375
18 0.5296875 0.590625 0.515625 0.590625 0.515625 0.603125 0.5296875 0.603125
18 0.5546875 0.6171875 0.540625 0.6171875 0.540625 0.6359375 0.5546875 0.6359375
18 0.49375 0.61875 0.4734375 0.61875 0.4734375 0.63125 0.49375 0.63125
18 0.5046875 0.63125 0.484375 0.63125 0.484375 0.6515625 0.5046875 0.6515625
18 0.528125 0.646875 0.5046875 0.646875 0.5046875 0.6609375 0.528125 0.6609375
18 0.5578125 0.6890625 0.5453125 0.6890625 0.5453125 0.7125 0.5578125 0.7125
18 0.5609375000000001 0.7203125 0.54375 0.7203125 0.5437500000000001 0.7296875 0.5609375000000002 0.7296875
18 0.5875000000000001 0.7296875 0.5671875000000002 0.7296875 0.5671875000000002 0.74375 0.5875000000000001 0.74375
18 0.5812500000000002 0.740625 0.5640625000000001 0.740625 0.5640625000000001 0.75 0.5812500000000002 0.75
18 0.5687500000000002 0.74375 0.5562500000000001 0.74375 0.5562500000000001 0.765625 0.5687500000000002 0.765625
18 0.5421875000000002 0.7703125 0.5218750000000002 0.7703125 0.5218750000000002 0.78125 0.5421875000000002 0.78125
18 0.6312500000000002 0.79375 0.6109375000000001 0.79375 0.6109375000000001 0.8171875 0.6312500000000002 0.8171875
18 0.5515625000000002 0.9078125 0.5359375000000002 0.9078125 0.5359375000000002 0.928125 0.5515625000000002 0.928125
18 0.865625 0.7859375000000002 0.846875 0.7859375000000002 0.846875 0.8046875 0.865625 0.8046875
18 0.8453125 0.9140625 0.8296875 0.9140625 0.8296875 0.934375 0.8453125 0.934375
18 0.809375 0.9453125 0.7875000000000002 0.9453125 0.7875000000000002 0.9671875 0.809375 0.9671875
18 0.7375000000000002 0.871875 0.7203125000000001 0.871875 0.7203125000000001 0.8921875 0.7375000000000002 0.8921875