18 0.5171875 0.2750000000000001 0.4328125 0.2750000000000001 0.4328125 0.3984375000000001 0.5171875 0.3984375000000001
18 0.8078125 0.2562500000000001 0.7453125 0.2562500000000001 0.7453125 0.3781250000000001 0.8078125 0.3781250000000001
18 0.9328125 0.21250000000000008 0.884375 0.21250000000000008 0.884375 0.3203125000000001 0.9328125 0.3203125000000001
18 0.36406250000000007 0.53125 0.2921875000000001 0.53125 0.2921875000000001 0.678125 0.36406250000000007 0.678125
18 0.6296875 0.4 0.54375 0.4 0.54375 0.5203125 0.6296875 0.5203125
18 0.9578125 0.48437500000000017 0.88125 0.48437500000000017 0.88125 0.6250000000000002 0.9578125 0.6250000000000002
18 1 0.909375 0.9515625 0.909375 0.9515625 1 1 1
18 0.871875 0.8421875 0.8171875 0.8421875 0.8171875 0.90625 0.871875 0.90625
18 0.8375 0.9109375 0.7843750000000002 0.9109375 0.7843750000000002 0.9984375 0.8375 0.9984375
18 0.7578125000000002 0.8234375 0.6812500000000001 0.8234375 0.6812500000000001 0.903125 0.7578125000000002 0.903125
18 0.7171875000000002 0.94375 0.6531250000000002 0.94375 0.6531250000000002 1 0.7171875000000002 1
18 0.42500000000000016 0.9203125 0.3546875000000001 0.9203125 0.3546875000000001 1 0.42500000000000016 1