18 0.3234375000000001 0.6578125 0.3062500000000001 0.6578125 0.3062500000000001 0.6984375 0.3234375000000001 0.6984375
18 0.5171875 0.48125 0.509375 0.48125 0.509375 0.50625 0.5171875 0.50625
18 0.2750000000000001 0.5359375 0.25468750000000007 0.5359375 0.25468750000000007 0.5609375 0.2750000000000001 0.5609375
18 0.3031250000000001 0.515625 0.2843750000000001 0.515625 0.2843750000000001 0.5390625 0.3031250000000001 0.5390625
18 0.3203125000000001 0.5171875 0.3031250000000001 0.5171875 0.3031250000000001 0.53125 0.3203125000000001 0.53125
18 0.3375000000000001 0.5078125 0.3187500000000001 0.5078125 0.3187500000000001 0.5234375 0.3375000000000001 0.5234375
18 0.3593750000000001 0.5015625 0.3421875000000001 0.5015625 0.3421875000000001 0.5171875 0.3593750000000001 0.5171875
18 0.465625 0.4421875 0.45625 0.4421875 0.45625 0.465625 0.465625 0.465625
18 0.509375 0.3828125000000001 0.490625 0.3828125000000001 0.490625 0.3984375000000001 0.509375 0.3984375000000001
18 0.5078125 0.3765625000000001 0.5 0.3765625000000001 0.5 0.3890625000000001 0.5078125 0.3890625000000001
18 0.5109375 0.3671875000000001 0.496875 0.3671875000000001 0.496875 0.3781250000000001 0.5109375 0.3781250000000001
18 0.5171875 0.3531250000000001 0.503125 0.3531250000000001 0.503125 0.3734375000000001 0.5171875 0.3734375000000001
18 0.3375000000000001 0.44375 0.3109375000000001 0.44375 0.3109375000000001 0.465625 0.3375000000000001 0.465625
18 0.2921875000000001 0.4125 0.27812500000000007 0.4125 0.27812500000000007 0.4296875 0.2921875000000001 0.4296875
18 0.353125 0.3 0.3375 0.3 0.3375 0.3203125 0.353125 0.3203125
18 0.3921875 0.2296875000000001 0.378125 0.2296875000000001 0.378125 0.2500000000000001 0.3921875 0.2500000000000001
18 0.415625 0.2328125000000001 0.4078125 0.2328125000000001 0.4078125 0.2515625000000001 0.415625 0.2515625000000001
18 0.509375 0.2593750000000001 0.4921875 0.2593750000000001 0.4921875 0.2765625000000001 0.509375 0.2765625000000001
18 0.4359375 0.2140625000000001 0.4203125 0.2140625000000001 0.4203125 0.2312500000000001 0.4359375 0.2312500000000001
18 0.6703125 0.3671875000000001 0.6609375 0.3671875000000001 0.6609375 0.3890625000000001 0.6703125 0.3890625000000001
18 0.4859375 0.14687500000000003 0.475 0.14687500000000003 0.475 0.15937500000000004 0.4859375 0.15937500000000004
18 0.5 0.13437500000000005 0.4859375 0.13437500000000005 0.4859375 0.14375000000000004 0.5 0.14375000000000004
18 0.5 0.12812500000000004 0.4890625 0.12812500000000004 0.4890625 0.13593750000000004 0.5 0.13593750000000004
18 0.4953125 0.11250000000000004 0.4828125 0.11250000000000004 0.4828125 0.12343750000000005 0.4953125 0.12343750000000005
18 0.490625 0.09531250000000006 0.4828125 0.09531250000000006 0.4828125 0.10937500000000004 0.490625 0.10937500000000004
18 0.5109375 0.11250000000000004 0.5015625 0.11250000000000004 0.5015625 0.12031250000000004 0.5109375 0.12031250000000004
18 0.525 0.10625000000000004 0.509375 0.10625000000000004 0.509375 0.11875000000000005 0.525 0.11875000000000005
18 0.5375 0.07968750000000006 0.5234375 0.07968750000000006 0.5234375 0.09062500000000007 0.5375 0.09062500000000007
18 0.55 0.07968750000000006 0.54375 0.07968750000000006 0.54375 0.09375000000000007 0.55 0.09375000000000007
18 0.5578125 0.09375000000000007 0.546875 0.09375000000000007 0.546875 0.10156250000000008 0.5578125 0.10156250000000008
18 0.56875 0.07968750000000006 0.55625 0.07968750000000006 0.55625 0.08750000000000006 0.56875 0.08750000000000006
18 0.56875 0.08281250000000007 0.5609375 0.08281250000000007 0.5609375 0.09843750000000007 0.56875 0.09843750000000007
18 0.58125 0.07343750000000007 0.571875 0.07343750000000007 0.571875 0.07968750000000006 0.58125 0.07968750000000006
18 0.5859375 0.07812500000000007 0.575 0.07812500000000007 0.575 0.08593750000000007 0.5859375 0.08593750000000007
18 0.6171875 0.08437500000000006 0.60625 0.08437500000000006 0.60625 0.09375000000000007 0.6171875 0.09375000000000007
18 0.56875 0.056250000000000064 0.5578125 0.056250000000000064 0.5578125 0.07031250000000007 0.56875 0.07031250000000007
18 0.571875 0.05468750000000007 0.5671875 0.05468750000000007 0.5671875 0.06406250000000006 0.571875 0.06406250000000006
18 0.578125 0.06093750000000007 0.5671875 0.06093750000000007 0.5671875 0.07031250000000007 0.578125 0.07031250000000007
18 0.6015625 0.057812500000000065 0.590625 0.057812500000000065 0.590625 0.06562500000000007 0.6015625 0.06562500000000007
18 0.6015625 0.06093750000000007 0.5921875 0.06093750000000007 0.5921875 0.07031250000000007 0.6015625 0.07031250000000007
18 0.6203125 0.07343750000000007 0.6171875 0.07343750000000007 0.6171875 0.08437500000000006 0.6203125 0.08437500000000006
18 0.6296875 0.06875000000000006 0.61875 0.06875000000000006 0.61875 0.07656250000000006 0.6296875 0.07656250000000006
18 0.6296875 0.06250000000000007 0.621875 0.06250000000000007 0.621875 0.06875000000000006 0.6296875 0.06875000000000006
18 0.6265625 0.057812500000000065 0.621875 0.057812500000000065 0.621875 0.06562500000000007 0.6265625 0.06562500000000007
18 0.609375 0.046875000000000076 0.5953125 0.046875000000000076 0.5953125 0.05468750000000007 0.609375 0.05468750000000007
18 0.6109375 0.05312500000000007 0.603125 0.05312500000000007 0.603125 0.057812500000000065 0.6109375 0.057812500000000065
18 0.60625 0.05468750000000007 0.5984375 0.05468750000000007 0.5984375 0.06093750000000007 0.60625 0.06093750000000007
18 0.6140625 0.04375000000000008 0.603125 0.04375000000000008 0.603125 0.04843750000000008 0.6140625 0.04843750000000008
18 0.6109375 0.03281250000000008 0.6015625 0.03281250000000008 0.6015625 0.04062500000000008 0.6109375 0.04062500000000008
18 0.609375 0.02968750000000008 0.6015625 0.02968750000000008 0.6015625 0.037500000000000075 0.609375 0.037500000000000075
18 0.6171875 0.031250000000000076 0.60625 0.031250000000000076 0.60625 0.039062500000000076 0.6171875 0.039062500000000076
18 0.5921875 0.03125000000000007 0.5765625 0.03125000000000007 0.5765625 0.04218750000000007 0.5921875 0.04218750000000008
18 0.5734375 0.01562500000000007 0.5578125 0.015625000000000066 0.5578125 0.026562500000000065 0.5734375 0.026562500000000065
18 0.5921875 0.020312500000000074 0.584375 0.020312500000000074 0.584375 0.028125000000000074 0.5921875 0.028125000000000077
18 0.6375 0.012500000000000077 0.6265625 0.012500000000000077 0.6265625 0.02656250000000008 0.6375 0.02656250000000008
18 0.65625 7.931501535102779e-17 0.6390625 7.826258450801054e-17 0.6390625 0.010937500000000079 0.65625 0.01093750000000008
18 0.653125 0.02968750000000008 0.6453125 0.02968750000000008 0.6453125 0.037500000000000075 0.653125 0.037500000000000075
18 0.6953125 0.018750000000000083 0.68125 0.018750000000000083 0.68125 0.02656250000000009 0.6953125 0.02656250000000009