18 0.3640625 0.28437500000000004 0.3515625 0.284375 0.3515625 0.29218750000000004 0.3640625 0.2921875000000001
18 0.378125 0.2765625000000001 0.36875 0.2765625000000001 0.36875 0.2890625000000001 0.378125 0.2890625000000001
18 0.3890625 0.2687500000000001 0.3828125 0.2687500000000001 0.3828125 0.2734375000000001 0.3890625 0.2734375000000001
18 0.3828125 0.2671875000000001 0.378125 0.2671875000000001 0.378125 0.2734375000000001 0.3828125 0.2734375000000001
18 0.390625 0.2515625000000001 0.3828125 0.2515625000000001 0.3828125 0.2562500000000001 0.390625 0.2562500000000001
18 0.3828125 0.25468750000000007 0.3734375 0.25468750000000007 0.3734375 0.2578125000000001 0.3828125 0.2578125000000001
18 0.3453125 0.29375 0.3421875 0.29375 0.3421875 0.296875 0.3453125 0.296875
18 0.3453125 0.2984375 0.340625 0.2984375 0.340625 0.3046875 0.3453125 0.3046875
18 0.34375 0.303125 0.340625 0.303125 0.340625 0.3109375 0.34375 0.3109375
18 0.4140625 0.24375000000000008 0.4109375 0.24375000000000008 0.4109375 0.2531250000000001 0.4140625 0.2531250000000001
18 0.4 0.2500000000000001 0.3890625 0.2500000000000001 0.3890625 0.2531250000000001 0.4 0.2531250000000001
18 0.4046875 0.24375000000000008 0.3953125 0.24375000000000008 0.3953125 0.2484375000000001 0.4046875 0.2484375000000001