9 0.2359375 2.5736717888331094e-17 0.184375 2.2579425359279323e-17 0.184375 0.03281250000000003 0.2359375 0.032812500000000036
9 0.3734375 0.14062500000000006 0.3421875 0.14062500000000006 0.3421875 0.18750000000000006 0.3734375 0.18750000000000006
9 0.4375 0.06562500000000004 0.3484375 0.06562500000000004 0.3484375 0.16562500000000005 0.4375 0.16562500000000005
9 0.45 0.17968750000000006 0.428125 0.17968750000000006 0.428125 0.2171875000000001 0.45 0.2171875000000001
9 0.4046875 0.23281250000000003 0.3578125 0.2328125 0.3578125 0.30937500000000007 0.4046875 0.30937500000000007
8 0.34375 0.24375 0.3203125 0.24375 0.3203125 0.259375 0.34375 0.259375
10 0.284375 0.253125 0.2703125 0.253125 0.2703125 0.2796875 0.284375 0.2796875
8 0.275 0.3609375 0.2609375 0.3609375 0.26093750000000004 0.390625 0.2750000000000001 0.390625
8 0.2312500000000001 0.421875 0.2093750000000001 0.421875 0.2093750000000001 0.4359375 0.2312500000000001 0.4359375
8 0.3500000000000001 0.63125 0.3390625000000001 0.63125 0.3390625000000001 0.665625 0.3500000000000001 0.665625
9 0.490625 0.534375 0.465625 0.534375 0.465625 0.5828125 0.490625 0.5828125
9 0.4296875 0.3937500000000001 0.3859375000000001 0.3937500000000001 0.3859375000000001 0.4859375 0.4296875 0.4859375
9 0.5296875000000001 0.66875 0.4828125 0.66875 0.4828125000000001 0.7453125 0.5296875000000002 0.7453125
9 0.3968750000000001 0.7203125 0.3546875000000001 0.7203125 0.3546875000000001 0.79375 0.3968750000000001 0.79375
9 0.4390625000000002 0.7984375 0.3937500000000001 0.7984375 0.3937500000000001 0.86875 0.4390625000000002 0.86875
9 0.48750000000000016 0.8296875 0.4281250000000002 0.8296875 0.4281250000000002 0.9203125 0.48750000000000016 0.9203125
9 0.44843750000000016 0.8578125 0.3937500000000001 0.8578125 0.3937500000000001 0.934375 0.44843750000000016 0.934375
8 0.1421875 1.674321795709272e-17 0.13125 1.607348923880901e-17 0.13125 0.007812500000000017 0.1421875 0.007812500000000017
10 0.3 0.15625000000000006 0.2796875 0.15625000000000006 0.2796875 0.17343750000000005 0.3 0.17343750000000005