8 0.13906250000000014 0.9359375 0.11875000000000013 0.9359375 0.11875000000000013 0.95 0.13906250000000014 0.95
8 0.4734375000000002 0.8765625 0.45625000000000016 0.8765625 0.45625000000000016 0.8953125 0.4734375000000002 0.8953125
8 0.4750000000000002 0.85625 0.46406250000000016 0.85625 0.46406250000000016 0.88125 0.4750000000000002 0.88125
8 0.47968750000000016 0.846875 0.4656250000000002 0.846875 0.4656250000000002 0.8609375 0.47968750000000016 0.8609375
8 0.4828125000000002 0.8140625 0.4734375000000002 0.8140625 0.4734375000000002 0.834375 0.4828125000000002 0.834375
8 0.48750000000000016 0.8296875 0.4750000000000002 0.8296875 0.4750000000000002 0.8453125 0.48750000000000016 0.8453125
8 0.2531250000000001 0.703125 0.24218750000000008 0.703125 0.24218750000000008 0.725 0.2531250000000001 0.725
8 0.7156250000000002 0.853125 0.7078125000000002 0.853125 0.7078125000000002 0.88125 0.7156250000000002 0.88125
8 0.4796875 0.6203125 0.465625 0.6203125 0.465625 0.6390625 0.4796875 0.6390625
8 0.31718750000000007 0.5640625 0.3046875000000001 0.5640625 0.3046875000000001 0.584375 0.31718750000000007 0.584375
8 0.3468750000000001 0.5671875 0.3421875000000001 0.5671875 0.3421875000000001 0.58125 0.3468750000000001 0.58125
8 0.3734375000000001 0.53125 0.36406250000000007 0.53125 0.36406250000000007 0.5484375 0.3734375000000001 0.5484375
8 0.4546875 0.4046875 0.44375 0.4046875 0.44375 0.4234375 0.4546875 0.4234375
8 0.471875 0.3734375000000001 0.4625 0.3734375000000001 0.4625 0.3812500000000001 0.471875 0.3812500000000001
8 0.471875 0.3625000000000001 0.4609375 0.3625000000000001 0.4609375 0.3781250000000001 0.471875 0.3781250000000001
8 0.4671875 0.3437500000000001 0.4546875 0.3437500000000001 0.4546875 0.3531250000000001 0.4671875 0.3531250000000001
8 0.4625 0.3187500000000001 0.45625 0.3187500000000001 0.45625 0.33281250000000007 0.4625 0.33281250000000007
10 0.4953125 0.3375000000000001 0.4828125 0.3375000000000001 0.4828125 0.3453125000000001 0.4953125 0.3453125000000001
8 0.509375 0.3281250000000001 0.4921875 0.3281250000000001 0.4921875 0.3359375000000001 0.509375 0.3359375000000001
8 0.5234375 0.28593750000000007 0.5078125 0.28593750000000007 0.5078125 0.2953125000000001 0.5234375 0.2953125000000001
8 0.5453125 0.2890625000000001 0.5359375 0.2890625000000001 0.5359375 0.3046875000000001 0.5453125 0.3046875000000001
8 0.5515625 0.30937500000000007 0.5421875 0.30937500000000007 0.5421875 0.31718750000000007 0.5515625 0.31718750000000007
8 0.5671875 0.2843750000000001 0.5546875 0.2843750000000001 0.5546875 0.2890625000000001 0.5671875 0.2890625000000001
8 0.5703125 0.2890625000000001 0.559375 0.2890625000000001 0.559375 0.3000000000000001 0.5703125 0.3000000000000001
8 0.56875 0.2953125000000001 0.5640625 0.2953125000000001 0.5640625 0.3062500000000001 0.56875 0.3062500000000001
8 0.5875 0.2765625000000001 0.5765625 0.2765625000000001 0.5765625 0.2843750000000001 0.5875 0.2843750000000001
8 0.5890625 0.2828125000000001 0.5796875 0.2828125000000001 0.5796875 0.2906250000000001 0.5890625 0.2906250000000001
8 0.571875 0.2500000000000001 0.5671875 0.2500000000000001 0.5671875 0.2609375000000001 0.571875 0.2609375000000001
8 0.578125 0.2562500000000001 0.571875 0.2562500000000001 0.571875 0.2671875000000001 0.578125 0.2671875000000001
8 0.5640625 0.2484375000000001 0.55625 0.2484375000000001 0.55625 0.2640625000000001 0.5640625 0.2640625000000001
8 0.625 0.2062500000000001 0.6171875 0.2062500000000001 0.6171875 0.2156250000000001 0.625 0.2156250000000001
8 0.59375 0.18906250000000008 0.5890625 0.18906250000000008 0.5890625 0.1984375000000001 0.59375 0.1984375000000001
10 0.5703125 0.18125000000000008 0.5546875 0.18125000000000008 0.5546875 0.19687500000000008 0.5703125 0.19687500000000008
8 0.621875 0.2140625000000001 0.6109375 0.2140625000000001 0.6109375 0.22031250000000008 0.621875 0.22031250000000008
8 0.625 0.22656250000000008 0.6140625 0.22656250000000008 0.6140625 0.2328125000000001 0.625 0.2328125000000001
8 0.6203125 0.23437500000000008 0.6046875 0.23437500000000008 0.6046875 0.24218750000000008 0.6203125 0.24218750000000008
8 0.6234375 0.2390625000000001 0.6171875 0.2390625000000001 0.6171875 0.2484375000000001 0.6234375 0.2484375000000001
8 0.6171875 0.24375000000000008 0.6125 0.24375000000000008 0.6125 0.25468750000000007 0.6171875 0.25468750000000007
8 0.6109375 0.2500000000000001 0.6046875 0.2500000000000001 0.6046875 0.2609375000000001 0.6109375 0.2609375000000001
8 0.6078125 0.2609375000000001 0.6 0.2609375000000001 0.6 0.2671875000000001 0.6078125 0.2671875000000001
8 0.6453125 0.25468750000000007 0.6375 0.25468750000000007 0.6375 0.2640625000000001 0.6453125 0.2640625000000001
8 0.6484375 0.2609375000000001 0.6390625 0.2609375000000001 0.6390625 0.2687500000000001 0.6484375 0.2687500000000001
8 0.6453125 0.2750000000000001 0.6375 0.2750000000000001 0.6375 0.2812500000000001 0.6453125 0.2812500000000001
8 0.6390625 0.2796875000000001 0.634375 0.2796875000000001 0.634375 0.2906250000000001 0.6390625 0.2906250000000001
8 0.6328125 0.2984375000000001 0.625 0.2984375000000001 0.625 0.3046875000000001 0.6328125 0.3046875000000001
8 0.728125 0.18750000000000008 0.71875 0.18750000000000008 0.71875 0.19531250000000008 0.728125 0.19531250000000008
10 0.6765625 0.2062500000000001 0.6703125 0.2062500000000001 0.6703125 0.2156250000000001 0.6765625 0.2156250000000001
8 0.6546875 0.18125000000000008 0.6453125 0.18125000000000008 0.6453125 0.19531250000000008 0.6546875 0.19531250000000008
8 0.6765625 0.1625000000000001 0.6640625 0.1625000000000001 0.6640625 0.1703125000000001 0.6765625 0.1703125000000001
8 0.6765625 0.12656250000000008 0.6671875 0.12656250000000008 0.6671875 0.13437500000000008 0.6765625 0.13437500000000008
10 0.68125 0.12031250000000009 0.6734375 0.12031250000000009 0.6734375 0.1281250000000001 0.68125 0.1281250000000001
8 0.69375 0.12500000000000008 0.6875 0.12500000000000008 0.6875 0.13281250000000008 0.69375 0.13281250000000008
10 0.7109375 0.12656250000000008 0.7046875 0.12656250000000008 0.7046875 0.1375000000000001 0.7109375 0.1375000000000001
8 0.65 0.1296875000000001 0.640625 0.1296875000000001 0.640625 0.13437500000000008 0.65 0.13437500000000008
8 0.73125 0.09687500000000009 0.7234375 0.09687500000000009 0.7234375 0.10312500000000009 0.73125 0.10312500000000009
8 0.7359375 0.07812500000000008 0.7328125 0.07812500000000008 0.7328125 0.08437500000000009 0.7359375 0.08437500000000009
8 0.8921875 0.02031250000000011 0.8859375 0.02031250000000011 0.8859375 0.02656250000000011 0.8921875 0.02656250000000011
8 0.8359375 0.0390625000000001 0.8328125 0.0390625000000001 0.8328125 0.0468750000000001 0.8359375 0.0468750000000001
12 0.834375 0.001562500000000102 0.83125 0.001562500000000102 0.83125 0.009375000000000102 0.834375 0.009375000000000102
8 0.81875 0.0015625000000000998 0.8109375 0.0015625000000000992 0.8109375 0.0078125000000001 0.81875 0.0078125000000001
8 0.73125 0.07343750000000009 0.7265625 0.07343750000000009 0.7265625 0.08437500000000009 0.73125 0.08437500000000009
9 0.7234375 0.09687500000000009 0.7171875 0.09687500000000009 0.7171875 0.10312500000000009 0.7234375 0.10312500000000009
8 0.6796875 0.12500000000000008 0.671875 0.12500000000000008 0.671875 0.13281250000000008 0.6796875 0.13281250000000008
8 0.66875 0.1593750000000001 0.6625 0.1593750000000001 0.6625 0.1687500000000001 0.66875 0.1687500000000001
8 0.6203125 0.20468750000000008 0.609375 0.20468750000000008 0.609375 0.21250000000000008 0.6203125 0.21250000000000008
8 0.5921875 0.20468750000000008 0.578125 0.20468750000000008 0.578125 0.2140625000000001 0.5921875 0.2140625000000001
8 0.50625 0.33281250000000007 0.4953125 0.33281250000000007 0.4953125 0.34062500000000007 0.50625 0.34062500000000007
8 0.471875 0.37968750000000007 0.45625 0.37968750000000007 0.45625 0.3890625000000001 0.471875 0.3890625000000001
8 0.2515625000000001 0.6984375 0.2390625000000001 0.6984375 0.2390625000000001 0.7203125 0.2515625000000001 0.7203125
8 0.3140625000000001 0.5625 0.3031250000000001 0.5625 0.3031250000000001 0.5796875 0.3140625000000001 0.5796875