8 0.946875 0.9375 0.9125 0.9375 0.9125 0.9828125 0.946875 0.9828125
8 0.88125 0.7640625000000002 0.8453125 0.7640625000000002 0.8453125 0.8140625 0.88125 0.8140625
8 0.9125 0.6125000000000002 0.8609375 0.6125000000000002 0.8609375 0.6484375000000002 0.9125 0.6484375000000002
8 0.875 0.5875000000000001 0.825 0.5875000000000001 0.825 0.6218750000000002 0.875 0.6218750000000002
8 0.9046875 0.5546875000000002 0.8734375 0.5546875000000002 0.8734375 0.6000000000000002 0.9046875 0.6000000000000002
8 0.8890625 0.5046875000000002 0.85 0.5046875000000002 0.85 0.5578125000000002 0.8890625 0.5578125000000002
8 0.846875 0.4937500000000002 0.815625 0.4937500000000002 0.815625 0.5203125000000002 0.846875 0.5203125000000002
8 0.8109375 0.47656250000000017 0.771875 0.47656250000000017 0.771875 0.5046875000000002 0.8109375 0.5046875000000002
8 0.7328125 0.5000000000000001 0.703125 0.5 0.703125 0.5312500000000001 0.7328125 0.5312500000000002
8 0.7703125 0.5875000000000001 0.740625 0.5875000000000001 0.740625 0.6250000000000002 0.7703125 0.6250000000000002
8 0.6328125 0.5 0.609375 0.5 0.609375 0.5234375 0.6328125 0.5234375
10 0.7046875 0.415625 0.684375 0.415625 0.684375 0.45 0.7046875 0.45
8 0.6234375 0.4203125 0.59375 0.4203125 0.59375 0.4359375 0.6234375 0.4359375
8 0.2375000000000001 0.5375 0.2250000000000001 0.5375 0.2250000000000001 0.578125 0.2375000000000001 0.578125
8 0.5546875 0.434375 0.5234375 0.434375 0.5234375 0.4625 0.5546875 0.4625
8 0.5859375 0.43125 0.559375 0.43125 0.559375 0.446875 0.5859375 0.446875
8 0.575 0.3906250000000001 0.5375 0.3906250000000001 0.5375 0.421875 0.575 0.421875
8 0.625 0.2406250000000001 0.6171875 0.2406250000000001 0.6171875 0.2640625000000001 0.625 0.2640625000000001
8 0.4203125 0.3859375000000001 0.3984375000000001 0.3859375000000001 0.3984375000000001 0.4015625 0.4203125 0.4015625
8 0.4703125 0.471875 0.4421875 0.471875 0.4421875 0.4921875 0.4703125 0.4921875
8 0.396875 0.2640625000000001 0.378125 0.2640625000000001 0.378125 0.2828125000000001 0.396875 0.2828125000000001
8 0.4640625 0.2093750000000001 0.45625 0.2093750000000001 0.45625 0.2296875000000001 0.4640625 0.2296875000000001
8 0.534375 0.22656250000000008 0.509375 0.22656250000000008 0.509375 0.24375000000000008 0.534375 0.24375000000000008
8 0.5203125 0.17343750000000005 0.50625 0.17343750000000005 0.50625 0.2000000000000001 0.5203125 0.2000000000000001
8 0.303125 0.2671875 0.2796875 0.2671875 0.2796875 0.2859375 0.303125 0.2859375
8 0.16406250000000006 0.1890625 0.14375000000000004 0.1890625 0.14375000000000004 0.2078125 0.16406250000000006 0.2078125
8 0.3640625 0.09218750000000005 0.3515625 0.09218750000000005 0.3515625 0.10937500000000004 0.3640625 0.10937500000000004
8 0.440625 0.05468750000000004 0.425 0.05468750000000004 0.425 0.06718750000000004 0.440625 0.06718750000000004
8 0.346875 0.035937500000000046 0.3390625 0.035937500000000046 0.3390625 0.05468750000000004 0.346875 0.05468750000000004
8 0.3546875 0.014062500000000044 0.3421875 0.014062500000000044 0.3421875 0.028125000000000046 0.3546875 0.028125000000000046
8 0.3390625 0.003125000000000041 0.33125 0.00312500000000004 0.33125 0.02187500000000004 0.3390625 0.02187500000000004
9 0.684375 0.07031250000000008 0.66875 0.07031250000000008 0.66875 0.08906250000000009 0.684375 0.08906250000000009
8 0.4015625 0.2578125000000001 0.390625 0.2578125000000001 0.390625 0.2796875000000001 0.4015625 0.2796875000000001
8 0.46875 0.2093750000000001 0.4625 0.2093750000000001 0.4625 0.2312500000000001 0.46875 0.2312500000000001
8 0.5390625 0.2234375000000001 0.51875 0.2234375000000001 0.51875 0.2390625000000001 0.5390625 0.2390625000000001
8 0.909375 0.6140625000000002 0.8734375 0.6140625000000002 0.8734375 0.6312500000000002 0.909375 0.6312500000000002
2 0.8515625 0.5765625000000002 0.83125 0.5765625000000002 0.83125 0.5968750000000002 0.8515625 0.5968750000000002
8 0.8875 0.5015625000000001 0.8609375 0.5015625000000001 0.8609375 0.5390625000000002 0.8875 0.5390625000000002
8 0.58125 0.41875 0.546875 0.41875 0.546875 0.440625 0.58125 0.440625
8 0.41875 0.3625000000000001 0.4109375 0.3625000000000001 0.4109375 0.3890625000000001 0.41875 0.3890625000000001
8 0.4109375 0.3593750000000001 0.403125 0.3593750000000001 0.403125 0.3812500000000001 0.4109375 0.3812500000000001