17 0.30625 0.321875 0.2875 0.321875 0.2875 0.3578125 0.30625 0.3578125
17 0.4875 0.409375 0.459375 0.409375 0.459375 0.4390625 0.4875 0.4390625
17 0.409375 0.4109375 0.3843750000000001 0.4109375 0.3843750000000001 0.4546875 0.409375 0.4546875
17 0.5796875 0.4796875 0.534375 0.4796875 0.534375 0.5265625 0.5796875 0.5265625
17 0.63125 0.5078125 0.6 0.5078125 0.6 0.553125 0.63125 0.553125
17 0.684375 0.571875 0.6578125 0.571875 0.6578125 0.5921875 0.684375 0.5921875
17 0.71875 0.59375 0.6796875 0.59375 0.6796875 0.65625 0.71875 0.65625
17 0.775 0.6671875000000002 0.7515625 0.6671875000000002 0.7515625 0.7140625000000002 0.775 0.7140625000000002
17 0.8234375 0.7093750000000002 0.8015625 0.7093750000000002 0.8015625 0.7718750000000002 0.8234375 0.7718750000000002
17 0.2109375 0.14687500000000003 0.184375 0.14687500000000003 0.184375 0.18281250000000004 0.2109375 0.18281250000000004
17 0.3890625 0.30312500000000003 0.34375 0.303125 0.34375 0.3453125 0.3890625 0.3453125000000001