9 0.60625 0.05937500000000007 0.5875 0.05937500000000007 0.5875 0.07968750000000006 0.60625 0.07968750000000006
9 0.5234375 0.0015625000000000634 0.5171875 0.0015625000000000632 0.5171875 0.007812500000000064 0.5234375 0.007812500000000064
9 0.6609375 0.09375000000000008 0.65 0.09375000000000008 0.65 0.1140625000000001 0.6609375 0.1140625000000001
10 0.6890625 0.0984375000000001 0.675 0.0984375000000001 0.675 0.10937500000000008 0.6890625 0.10937500000000008
10 0.6328125 0.10781250000000009 0.6265625 0.10781250000000009 0.6265625 0.1140625000000001 0.6328125 0.1140625000000001
8 0.6640625 0.1687500000000001 0.65625 0.1687500000000001 0.65625 0.1750000000000001 0.6640625 0.1750000000000001
8 0.696875 0.1703125000000001 0.6921875 0.1703125000000001 0.6921875 0.17968750000000008 0.696875 0.17968750000000008
9 0.634375 0.1437500000000001 0.615625 0.1437500000000001 0.615625 0.1687500000000001 0.634375 0.1687500000000001
9 0.61875 0.14062500000000008 0.6 0.14062500000000008 0.6 0.1671875000000001 0.61875 0.1671875000000001
9 0.59375 0.17343750000000008 0.590625 0.17343750000000008 0.590625 0.1828125000000001 0.59375 0.1828125000000001
9 0.625 0.1937500000000001 0.609375 0.1937500000000001 0.609375 0.21250000000000008 0.625 0.21250000000000008
8 0.65625 0.2328125000000001 0.64375 0.2328125000000001 0.64375 0.24218750000000008 0.65625 0.24218750000000008
8 0.6453125 0.2218750000000001 0.621875 0.2218750000000001 0.621875 0.2484375000000001 0.6453125 0.2484375000000001
9 0.609375 0.2609375000000001 0.5859375 0.2609375000000001 0.5859375 0.2843750000000001 0.609375 0.2843750000000001
9 0.596875 0.2750000000000001 0.5765625 0.2750000000000001 0.5765625 0.2984375000000001 0.596875 0.2984375000000001
9 0.590625 0.2953125000000001 0.5671875 0.2953125000000001 0.5671875 0.3187500000000001 0.590625 0.3187500000000001
9 0.621875 0.2812500000000001 0.603125 0.2812500000000001 0.603125 0.30156250000000007 0.621875 0.30156250000000007
9 0.6484375 0.3000000000000001 0.6234375 0.3000000000000001 0.6234375 0.32500000000000007 0.6484375 0.32500000000000007
9 0.6109375 0.3468750000000001 0.5953125 0.3468750000000001 0.5953125 0.3656250000000001 0.6109375 0.3656250000000001
8 0.659375 0.421875 0.6515625 0.421875 0.6515625 0.4390625 0.659375 0.4390625
9 0.6828125 0.4609375 0.646875 0.4609375 0.646875 0.5046875 0.6828125 0.5046875
8 0.753125 0.5359375000000002 0.7390625 0.5359375000000002 0.7390625 0.5531250000000002 0.753125 0.5531250000000002
8 0.7734375 0.5140625000000002 0.75625 0.5140625000000002 0.75625 0.5218750000000002 0.7734375 0.5218750000000002
9 0.7671875 0.6000000000000002 0.7546875 0.6000000000000002 0.7546875 0.6156250000000002 0.7671875 0.6156250000000002
8 0.73125 0.6125 0.7140625 0.6125 0.7140625 0.6218750000000001 0.73125 0.6218750000000002
9 0.940625 0.7156250000000002 0.8828125 0.7156250000000002 0.8828125 0.7953125000000002 0.940625 0.7953125000000002
9 0.984375 0.7906250000000001 0.9703125 0.7906250000000001 0.9703125 0.8265625 0.984375 0.8265625
10 0.9890625 0.8984375 0.9609375 0.8984375 0.9609375 0.928125 0.9890625 0.928125
8 0.959375 0.953125 0.9484375 0.953125 0.9484375 0.9828125 0.959375 0.9828125
8 0.971875 0.9890625 0.9515625 0.9890625 0.9515625 1 0.971875 1
9 0.9234375 0.9515625 0.8859375 0.9515625 0.8859375 1 0.9234375 1
9 0.8609375 0.95 0.8171875 0.95 0.8171875 1 0.8609375 1
9 0.7406250000000001 0.6515625 0.6703125 0.6515625 0.6703125000000001 0.7500000000000001 0.7406250000000002 0.7500000000000002
9 0.734375 0.6531250000000001 0.709375 0.653125 0.709375 0.6921875000000001 0.734375 0.6921875000000002
9 0.659375 0.609375 0.6390625 0.609375 0.6390625 0.634375 0.659375 0.634375
10 0.784375 0.6703125000000002 0.7671875 0.6703125000000002 0.7671875 0.6843750000000002 0.784375 0.6843750000000002
8 0.659375 0.2328125000000001 0.6484375 0.2328125000000001 0.6484375 0.2406250000000001 0.659375 0.2406250000000001
9 0.6953125 0.5734375 0.6640625 0.5734375 0.6640625 0.61875 0.6953125 0.61875