18 0.8109375 0.050000000000000086 0.7984375 0.050000000000000086 0.7984375 0.07812500000000008 0.8109375 0.07812500000000008
18 0.9390625 1.1471496188888098e-16 0.934375 1.144279352953308e-16 0.934375 0.006250000000000114 0.9390625 0.006250000000000114
18 0.75625 0.1453125000000001 0.7484375 0.1453125000000001 0.7484375 0.1625000000000001 0.75625 0.1625000000000001
18 0.7890625 0.1625000000000001 0.7703125 0.1625000000000001 0.7703125 0.17968750000000008 0.7890625 0.17968750000000008
18 0.8125 0.2656250000000001 0.7984375 0.2656250000000001 0.7984375 0.28593750000000007 0.8125 0.28593750000000007
18 0.740625 0.1390625000000001 0.725 0.1390625000000001 0.725 0.1531250000000001 0.740625 0.1531250000000001
18 0.740625 0.14843750000000008 0.725 0.14843750000000008 0.725 0.1625000000000001 0.740625 0.1625000000000001
18 0.7359375 0.14843750000000008 0.7234375 0.14843750000000008 0.7234375 0.1625000000000001 0.7359375 0.1625000000000001
18 0.6984375 0.1515625000000001 0.6828125 0.1515625000000001 0.6828125 0.1609375000000001 0.6984375 0.1609375000000001
18 0.790625 0.09531250000000009 0.7765625 0.09531250000000009 0.7765625 0.10937500000000008 0.790625 0.10937500000000008
18 0.8 0.10000000000000009 0.7875 0.10000000000000009 0.7875 0.1140625000000001 0.8 0.1140625000000001
18 0.7359375 0.2093750000000001 0.71875 0.2093750000000001 0.71875 0.2156250000000001 0.7359375 0.2156250000000001
18 0.740625 0.2140625000000001 0.7203125 0.2140625000000001 0.7203125 0.2312500000000001 0.740625 0.2312500000000001
18 0.640625 0.2593750000000001 0.6328125 0.2593750000000001 0.6328125 0.2812500000000001 0.640625 0.2812500000000001
18 0.596875 0.24218750000000008 0.565625 0.24218750000000008 0.565625 0.2734375000000001 0.596875 0.2734375000000001
18 0.728125 0.2593750000000001 0.703125 0.2593750000000001 0.703125 0.2812500000000001 0.728125 0.2812500000000001
18 0.7359375 0.2968750000000001 0.7234375 0.2968750000000001 0.7234375 0.3187500000000001 0.7359375 0.3187500000000001
18 0.671875 0.2953125000000001 0.6609375 0.2953125000000001 0.6609375 0.3187500000000001 0.671875 0.3187500000000001
18 0.6640625 0.2953125000000001 0.6546875 0.2953125000000001 0.6546875 0.3187500000000001 0.6640625 0.3187500000000001
18 0.6609375 0.31718750000000007 0.64375 0.31718750000000007 0.64375 0.3296875000000001 0.6609375 0.3296875000000001
18 0.6453125 0.3125000000000001 0.6265625 0.3125000000000001 0.6265625 0.3343750000000001 0.6453125 0.3343750000000001
18 0.6625 0.3375000000000001 0.65 0.3375000000000001 0.65 0.3578125000000001 0.6625 0.3578125000000001
18 0.69375 0.3812500000000001 0.6796875 0.3812500000000001 0.6796875 0.4046875 0.69375 0.4046875
18 0.6953125 0.3968750000000001 0.6765625 0.3968750000000001 0.6765625 0.415625 0.6953125 0.415625
18 0.6890625 0.4203125 0.6734375 0.4203125 0.6734375 0.43125 0.6890625 0.43125
18 0.684375 0.425 0.66875 0.425 0.66875 0.4515625 0.684375 0.4515625
18 0.671875 0.45625 0.6640625 0.45625 0.6640625 0.48125 0.671875 0.48125
18 0.6578125 0.3500000000000001 0.6359375 0.3500000000000001 0.6359375 0.3703125000000001 0.6578125 0.3703125000000001
18 0.6625 0.3625000000000001 0.6453125 0.3625000000000001 0.6453125 0.3781250000000001 0.6625 0.3781250000000001
18 0.6546875 0.37187500000000007 0.6390625 0.37187500000000007 0.6390625 0.3906250000000001 0.6546875 0.3906250000000001
18 0.6453125 0.3843750000000001 0.628125 0.3843750000000001 0.628125 0.3984375000000001 0.6453125 0.3984375000000001
18 0.6484375 0.3890625000000001 0.6328125 0.3890625000000001 0.6328125 0.409375 0.6484375 0.409375
18 0.6046875 0.3687500000000001 0.59375 0.3687500000000001 0.59375 0.39531250000000007 0.6046875 0.39531250000000007
18 0.603125 0.3843750000000001 0.590625 0.3843750000000001 0.590625 0.40625 0.603125 0.40625
18 0.6015625 0.3921875000000001 0.5859375 0.3921875000000001 0.5859375 0.425 0.6015625 0.425
18 0.6109375 0.4515625 0.603125 0.4515625 0.603125 0.475 0.6109375 0.475
18 0.6171875 0.4625 0.6078125 0.4625 0.6078125 0.4796875 0.6171875 0.4796875
18 0.5875 0.4640625 0.5734375 0.4640625 0.5734375 0.484375 0.5875 0.484375
18 0.5890625 0.475 0.571875 0.475 0.571875 0.496875 0.5890625 0.496875
18 0.6 0.4828125 0.5796875 0.4828125 0.5796875 0.4984375 0.6 0.4984375
18 0.5765625 0.5109375 0.5625 0.5109375 0.5625 0.534375 0.5765625 0.534375
18 0.56875 0.4484375 0.55 0.4484375 0.55 0.484375 0.56875 0.484375
18 0.5390625 0.4671875 0.525 0.4671875 0.525 0.5015625 0.5390625 0.5015625
18 0.515625 0.559375 0.49375 0.559375 0.49375 0.5890625 0.515625 0.5890625
18 0.3390625000000001 0.953125 0.3062500000000001 0.953125 0.3062500000000001 0.984375 0.3390625000000001 0.984375
18 0.4453125000000001 0.684375 0.434375 0.684375 0.43437500000000007 0.7328125 0.44531250000000017 0.7328125
18 0.459375 0.6671875 0.4390625 0.6671875 0.4390625 0.696875 0.459375 0.696875
18 0.45625 0.659375 0.440625 0.659375 0.440625 0.6796875 0.45625 0.6796875
18 0.478125 0.63125 0.4578125 0.63125 0.4578125 0.665625 0.478125 0.665625
18 0.46875 0.5765625 0.4421875 0.5765625 0.4421875 0.609375 0.46875 0.609375
18 0.484375 0.5390625 0.459375 0.5390625 0.459375 0.578125 0.484375 0.578125
18 0.4453125 0.4984375 0.434375 0.4984375 0.434375 0.5328125 0.4453125 0.5328125
18 0.3359375000000001 0.540625 0.3187500000000001 0.540625 0.3187500000000001 0.565625 0.3359375000000001 0.565625