7 0.396875 0.007812500000000049 0.39375 0.007812500000000047 0.39375 0.01562500000000005 0.396875 0.01562500000000005
8 0.3890625 0.02187500000000005 0.3859375 0.02187500000000005 0.3859375 0.026562500000000044 0.3890625 0.026562500000000044
7 0.39375 0.02187500000000005 0.3875 0.02187500000000005 0.3875 0.026562500000000044 0.39375 0.026562500000000044
8 0.3984375 0.025000000000000043 0.39375 0.025000000000000043 0.39375 0.03125000000000004 0.3984375 0.03125000000000004
7 0.3890625 0.034375000000000044 0.3828125 0.034375000000000044 0.3828125 0.03906250000000004 0.3890625 0.03906250000000004
8 0.4421875 0.08906250000000004 0.434375 0.08906250000000004 0.434375 0.09375000000000004 0.4421875 0.09375000000000004
8 0.4953125 0.10000000000000005 0.4890625 0.10000000000000005 0.4890625 0.10468750000000004 0.4953125 0.10468750000000004
8 0.4234375 0.10781250000000005 0.4171875 0.10781250000000005 0.4171875 0.11406250000000004 0.4234375 0.11406250000000004
9 0.4234375 0.09218750000000005 0.41875 0.09218750000000005 0.41875 0.09687500000000004 0.4234375 0.09687500000000004
8 0.409375 0.11406250000000004 0.4015625 0.11406250000000004 0.4015625 0.11875000000000005 0.409375 0.11875000000000005
8 0.44375 0.14062500000000006 0.4390625 0.14062500000000006 0.4390625 0.14843750000000006 0.44375 0.14843750000000006
8 0.4765625 0.2078125000000001 0.4734375 0.2078125000000001 0.4734375 0.2171875000000001 0.4765625 0.2171875000000001
8 0.5390625 0.2484375000000001 0.5328125 0.2484375000000001 0.5328125 0.2562500000000001 0.5390625 0.2562500000000001
8 0.45625 0.2375000000000001 0.4515625 0.2375000000000001 0.4515625 0.2468750000000001 0.45625 0.2468750000000001
8 0.409375 0.22031250000000008 0.3984375 0.22031250000000008 0.3984375 0.22812500000000008 0.409375 0.22812500000000008
8 0.4109375 0.22031250000000008 0.403125 0.22031250000000008 0.403125 0.2234375000000001 0.4109375 0.2234375000000001
7 0.4140625 0.2234375000000001 0.40625 0.2234375000000001 0.40625 0.2296875000000001 0.4140625 0.2296875000000001
8 0.421875 0.2593750000000001 0.41875 0.2593750000000001 0.41875 0.2687500000000001 0.421875 0.2687500000000001
8 0.4 0.2671875000000001 0.390625 0.2671875000000001 0.390625 0.2750000000000001 0.4 0.2750000000000001
8 0.396875 0.2687500000000001 0.3875 0.2687500000000001 0.3875 0.2765625000000001 0.396875 0.2765625000000001
7 0.3890625 0.2640625000000001 0.3796875 0.2640625000000001 0.3796875 0.27031250000000007 0.3890625 0.27031250000000007
8 0.3453125 0.31875 0.3390625 0.31875 0.3390625 0.328125 0.3453125 0.328125
8 0.39375 0.3125000000000001 0.3828125 0.3125000000000001 0.3828125 0.3234375000000001 0.39375 0.3234375000000001
7 0.4453125 0.3437500000000001 0.4390625 0.3437500000000001 0.4390625 0.3531250000000001 0.4453125 0.3531250000000001
8 0.3859375 0.3296875000000001 0.378125 0.3296875000000001 0.378125 0.3390625000000001 0.3859375 0.3390625000000001
8 0.38906250000000003 0.3625000000000001 0.3796875 0.3625000000000001 0.37968750000000007 0.3687500000000001 0.3890625000000001 0.3687500000000001
8 0.3578125000000001 0.3984375 0.3500000000000001 0.3984375 0.3500000000000001 0.415625 0.3578125000000001 0.415625
8 0.5 0.3546875000000001 0.49375 0.3546875000000001 0.49375 0.37187500000000007 0.5 0.37187500000000007
8 0.4234375 0.3750000000000001 0.4125 0.3750000000000001 0.4125 0.3843750000000001 0.4234375 0.3843750000000001
8 0.4265625 0.3765625000000001 0.41875 0.3765625000000001 0.41875 0.38750000000000007 0.4265625 0.38750000000000007
8 0.4296875 0.38750000000000007 0.4171875 0.38750000000000007 0.4171875 0.4015625 0.4296875 0.4015625
8 0.43125 0.3937500000000001 0.421875 0.3937500000000001 0.421875 0.403125 0.43125 0.403125
8 0.4375 0.4 0.4328125 0.4 0.4328125 0.4109375 0.4375 0.4109375
8 0.415625 0.3984375000000001 0.409375 0.3984375000000001 0.409375 0.4109375 0.415625 0.4109375
8 0.4609375 0.403125 0.453125 0.403125 0.453125 0.4125 0.4609375 0.4125
8 0.4625 0.409375 0.4515625 0.409375 0.4515625 0.4171875 0.4625 0.4171875
8 0.478125 0.4109375 0.4703125 0.4109375 0.4703125 0.4203125 0.478125 0.4203125
8 0.48125 0.4171875 0.475 0.4171875 0.475 0.4296875 0.48125 0.4296875
7 0.3125000000000001 0.421875 0.2968750000000001 0.421875 0.2968750000000001 0.440625 0.3125000000000001 0.440625
8 0.521875 0.46875 0.515625 0.46875 0.515625 0.478125 0.521875 0.478125
8 0.48125 0.4328125 0.475 0.4328125 0.475 0.4421875 0.48125 0.4421875
8 0.4765625 0.4421875 0.471875 0.4421875 0.471875 0.453125 0.4765625 0.453125
8 0.453125 0.4234375 0.44375 0.4234375 0.44375 0.434375 0.453125 0.434375
8 0.4578125 0.5046875 0.45 0.5046875 0.45 0.51875 0.4578125 0.51875
8 0.4375 0.440625 0.4296875 0.440625 0.4296875 0.45 0.4375 0.45
8 0.4265625 0.434375 0.415625 0.434375 0.415625 0.44375 0.4265625 0.44375
8 0.4140625 0.4390625 0.40625 0.4390625 0.40625 0.4515625 0.4140625 0.4515625
8 0.4234375 0.5125 0.4125 0.5125 0.4125 0.5234375 0.4234375 0.5234375
8 0.4 0.465625 0.3906250000000001 0.465625 0.3906250000000001 0.4734375 0.4 0.4734375
8 0.4046875 0.4640625 0.3984375000000001 0.4640625 0.3984375000000001 0.4796875 0.4046875 0.4796875
8 0.4015625 0.4765625 0.39531250000000007 0.4765625 0.39531250000000007 0.490625 0.4015625 0.490625
8 0.3859375000000001 0.465625 0.37968750000000007 0.465625 0.37968750000000007 0.4828125 0.3859375000000001 0.4828125
8 0.37187500000000007 0.49375 0.35625000000000007 0.49375 0.35625000000000007 0.5078125 0.37187500000000007 0.5078125
8 0.3812500000000001 0.4875 0.3687500000000001 0.4875 0.3687500000000001 0.503125 0.3812500000000001 0.503125
8 0.3046875000000001 0.65 0.2921875000000001 0.65 0.2921875000000001 0.6625 0.3046875000000001 0.6625
8 0.3578125000000001 0.6859375 0.3437500000000001 0.6859375 0.3437500000000001 0.7109375 0.3578125000000001 0.7109375
8 0.3765625000000001 0.61875 0.3703125000000001 0.61875 0.3703125000000001 0.6375 0.3765625000000001 0.6375
8 0.3812500000000001 0.625 0.37187500000000007 0.625 0.37187500000000007 0.646875 0.3812500000000001 0.646875
8 0.3625000000000001 0.6125 0.3468750000000001 0.6125 0.3468750000000001 0.625 0.3625000000000001 0.625
8 0.3687500000000001 0.5875 0.3546875000000001 0.5875 0.3546875000000001 0.5984375 0.3687500000000001 0.5984375
8 0.3703125000000001 0.58125 0.3546875000000001 0.58125 0.3546875000000001 0.5921875 0.3703125000000001 0.5921875
8 0.3750000000000001 0.8109375 0.36406250000000007 0.8109375 0.36406250000000007 0.8296875 0.3750000000000001 0.8296875
8 0.4125000000000002 0.89375 0.3968750000000001 0.89375 0.3968750000000001 0.91875 0.4125000000000002 0.91875
8 0.47187500000000016 0.909375 0.46406250000000016 0.909375 0.46406250000000016 0.9265625 0.47187500000000016 0.9265625
8 0.5562500000000001 0.859375 0.5375000000000002 0.859375 0.5375000000000002 0.8734375 0.5562500000000001 0.8734375
8 0.8390625 0.8171875 0.8265625 0.8171875 0.8265625 0.8390625 0.8390625 0.8390625
8 0.4453125 0.3140625000000001 0.4328125 0.3140625000000001 0.4328125 0.32500000000000007 0.4453125 0.32500000000000007
8 0.40937500000000016 0.8890625 0.3968750000000001 0.8890625 0.3968750000000001 0.909375 0.40937500000000016 0.909375
8 0.375 0.050000000000000044 0.371875 0.050000000000000044 0.371875 0.05625000000000004 0.375 0.05625000000000004