8 0.953125 0.90625 0.9203125 0.90625 0.9203125 0.953125 0.953125 0.953125
8 0.903125 0.7250000000000002 0.871875 0.7250000000000002 0.871875 0.7765625000000002 0.903125 0.7765625000000002
8 0.91875 0.5718750000000001 0.8734375 0.5718750000000001 0.8734375 0.6218750000000002 0.91875 0.6218750000000002
8 0.934375 0.5921875000000002 0.903125 0.5921875000000002 0.903125 0.6265625000000001 0.934375 0.6265625000000001
8 0.925 0.5453125000000002 0.8921875 0.5453125000000002 0.8921875 0.5875000000000001 0.925 0.5875000000000001
8 0.903125 0.4890625000000002 0.859375 0.4890625000000002 0.859375 0.5390625000000002 0.903125 0.5390625000000002
8 0.8703125 0.5359375000000002 0.8234375 0.5359375000000002 0.8234375 0.5750000000000002 0.8703125 0.5750000000000002
8 0.8484375 0.4656250000000002 0.8203125 0.4656250000000002 0.8203125 0.5000000000000002 0.8484375 0.5000000000000002
8 0.80625 0.5468750000000002 0.7765625 0.5468750000000002 0.7765625 0.5875000000000001 0.80625 0.5875000000000001
8 0.8046875 0.43750000000000017 0.76875 0.43750000000000017 0.76875 0.46875000000000017 0.8046875 0.46875000000000017
8 0.7609375 0.4671875000000002 0.7390625 0.4671875000000002 0.7390625 0.5031250000000002 0.7609375 0.5031250000000002
8 0.70625 0.403125 0.6734375 0.403125 0.6734375 0.4171875 0.70625 0.4171875
8 0.6359375 0.4734375 0.6203125 0.4734375 0.6203125 0.503125 0.6359375 0.503125
8 0.22812500000000008 0.5203125 0.2062500000000001 0.5203125 0.2062500000000001 0.5609375 0.22812500000000008 0.5609375
8 0.421875 0.3687500000000001 0.4 0.3687500000000001 0.4 0.3843750000000001 0.421875 0.3843750000000001
8 0.4609375 0.425 0.4359375 0.425 0.4359375 0.4484375 0.4609375 0.4484375
8 0.5375 0.39531250000000007 0.515625 0.39531250000000007 0.515625 0.428125 0.5375 0.428125
8 0.5828125 0.409375 0.55625 0.409375 0.55625 0.4265625 0.5828125 0.4265625
8 0.578125 0.3656250000000001 0.5484375 0.3656250000000001 0.5484375 0.3984375000000001 0.578125 0.3984375000000001
8 0.6171875 0.3937500000000001 0.590625 0.3937500000000001 0.590625 0.40625 0.6171875 0.40625
8 0.625 0.23593750000000008 0.6171875 0.23593750000000008 0.6171875 0.2578125000000001 0.625 0.2578125000000001
8 0.5359375 0.2218750000000001 0.5109375 0.2218750000000001 0.5109375 0.2375000000000001 0.5359375 0.2375000000000001
8 0.51875 0.16562500000000005 0.50625 0.16562500000000005 0.50625 0.19375000000000003 0.51875 0.19375000000000003
8 0.4609375 0.20312500000000008 0.4546875 0.20312500000000008 0.4546875 0.2250000000000001 0.4609375 0.2250000000000001
9 0.6859375 0.06875000000000009 0.671875 0.06875000000000009 0.671875 0.08437500000000009 0.6859375 0.08437500000000009
8 0.3953125 0.2578125000000001 0.3765625 0.2578125000000001 0.3765625 0.27812500000000007 0.3953125 0.27812500000000007
8 0.3 0.2609375 0.278125 0.2609375 0.278125 0.28125 0.3 0.28125
8 0.16406250000000006 0.184375 0.14375000000000004 0.184375 0.14375000000000004 0.2 0.16406250000000006 0.2
8 0.365625 0.08593750000000004 0.3515625 0.08593750000000004 0.3515625 0.10625000000000004 0.365625 0.10625000000000004
8 0.4421875 0.04843750000000006 0.4265625 0.04843750000000006 0.4265625 0.06250000000000004 0.4421875 0.06250000000000004
8 0.3484375 0.03125000000000004 0.3375 0.03125000000000004 0.3375 0.050000000000000044 0.3484375 0.050000000000000044
8 0.3546875 0.006250000000000043 0.34375 0.006250000000000042 0.34375 0.023437500000000045 0.3546875 0.023437500000000045
8 0.340625 4.0949127346489623e-17 0.328125 4.0183723097022526e-17 0.328125 0.014062500000000042 0.340625 0.014062500000000044
2 0.85 0.5312500000000002 0.8296875 0.5312500000000002 0.8296875 0.5500000000000002 0.85 0.5500000000000002
8 0.8984375 0.4859375000000002 0.865625 0.4859375000000002 0.865625 0.5171875000000001 0.8984375 0.5171875000000001
8 0.58125 0.3937500000000001 0.55 0.3937500000000001 0.55 0.4125 0.58125 0.4125
8 0.409375 0.3468750000000001 0.3984375 0.3468750000000001 0.39843750000000006 0.3687500000000001 0.409375 0.3687500000000001
8 0.4140625 0.3515625000000001 0.4046875 0.3515625000000001 0.4046875 0.3750000000000001 0.4140625 0.3750000000000001
8 0.3984375 0.2531250000000001 0.3890625 0.2531250000000001 0.3890625 0.2765625000000001 0.3984375 0.2765625000000001
8 0.4671875 0.20468750000000008 0.4609375 0.20468750000000008 0.4609375 0.22812500000000008 0.4671875 0.22812500000000008
8 0.540625 0.21875000000000008 0.5203125 0.21875000000000008 0.5203125 0.2328125000000001 0.540625 0.2328125000000001