17 0.6296875 0.3296875000000001 0.584375 0.3296875000000001 0.584375 0.4125 0.6296875 0.4125
17 0.628125 0.4328125 0.60625 0.4328125 0.60625 0.4734375 0.628125 0.4734375
17 0.6421875 0.5078125 0.6125 0.5078125 0.6125 0.5703125 0.6421875 0.5703125
17 0.609375 0.5796875 0.56875 0.5796875 0.56875 0.6484375 0.609375 0.6484375
17 0.5250000000000001 0.7375 0.48750000000000016 0.7375 0.48750000000000016 0.775 0.5250000000000001 0.775
17 0.5593750000000002 0.765625 0.5328125000000001 0.765625 0.5328125000000001 0.83125 0.5593750000000002 0.83125
17 0.38750000000000007 0.825 0.32500000000000007 0.825 0.32500000000000007 0.8671875 0.38750000000000007 0.8671875
17 0.3437500000000001 0.88125 0.3078125000000001 0.88125 0.3078125000000001 0.9140625 0.3437500000000001 0.9140625
17 0.11718750000000011 0.8984375 0.08593750000000011 0.8984375 0.08593750000000011 0.95 0.11718750000000014 0.95
17 0.5140625 0.2218750000000001 0.4671875 0.2218750000000001 0.4671875 0.2843750000000001 0.5140625 0.2843750000000001
17 0.5625 0.2390625000000001 0.51875 0.2390625000000001 0.51875 0.2906250000000001 0.5625 0.2906250000000001