17 0.16093750000000004 0.3515625 0.13437500000000005 0.3515625 0.13437500000000005 0.3859375 0.16093750000000004 0.3859375
17 0.34843750000000007 0.36875 0.3156250000000001 0.36875 0.3156250000000001 0.4203125 0.34843750000000007 0.4203125
17 0.5515625 0.3906250000000001 0.5125 0.3906250000000001 0.5125 0.4203125 0.5515625 0.4203125
17 0.453125 0.3890625000000001 0.43125 0.3890625000000001 0.43125 0.425 0.453125 0.425
17 0.640625 0.4015625 0.61875 0.4015625 0.61875 0.4265625 0.640625 0.4265625
17 0.59375 0.415625 0.5640625 0.415625 0.5640625 0.446875 0.59375 0.446875
17 0.790625 0.4109375000000002 0.7625 0.4109375000000002 0.7625 0.4578125000000002 0.790625 0.4578125000000002
17 0.684375 0.4125 0.6390625 0.4125 0.6390625 0.4578125 0.684375 0.4578125
17 0.7328125 0.4140625000000001 0.7171875 0.4140625 0.7171875 0.4562500000000001 0.7328125 0.45625000000000016
17 0.31718750000000007 0.4359375 0.2984375000000001 0.4359375 0.2984375000000001 0.46875 0.31718750000000007 0.46875
17 0.4359375 0.4359375 0.4109375 0.4359375 0.4109375 0.4734375 0.4359375 0.4734375