17 0.18281250000000004 0.4546875 0.16250000000000003 0.4546875 0.16250000000000003 0.4921875 0.18281250000000004 0.4921875
17 0.36406250000000007 0.465625 0.3468750000000001 0.465625 0.3468750000000001 0.521875 0.36406250000000007 0.521875
17 0.6625 0.4859375 0.64375 0.4859375 0.64375 0.5203125 0.6625 0.5203125
17 0.5828125 0.490625 0.5390625 0.490625 0.5390625 0.5203125 0.5828125 0.5203125
17 0.48125 0.4875 0.45625 0.4875 0.45625 0.5234375 0.48125 0.5234375
17 0.634375 0.50625 0.5953125 0.50625 0.5953125 0.5390625 0.634375 0.5390625
17 0.7203125 0.5078125 0.6734375 0.5078125 0.6734375 0.5421875 0.7203125 0.5421875
17 0.775 0.5109375000000002 0.75625 0.5109375000000002 0.75625 0.5546875000000002 0.775 0.5546875000000002
17 0.834375 0.5109375000000002 0.79375 0.5109375000000002 0.79375 0.5593750000000002 0.834375 0.5593750000000002
17 0.421875 0.534375 0.3906250000000001 0.534375 0.3906250000000001 0.5671875 0.421875 0.5671875
17 0.30156250000000007 0.5421875 0.28593750000000007 0.5421875 0.28593750000000007 0.5703125 0.30156250000000007 0.5703125