18 0.846875 0.825 0.7609375000000002 0.825 0.7609375000000002 0.9328125 0.846875 0.9328125
18 0.7953125000000002 0.7781250000000002 0.7609375000000002 0.7781250000000002 0.7609375000000002 0.8328125 0.7953125000000002 0.8328125
18 0.6078125000000002 0.865625 0.5671875000000002 0.865625 0.5671875000000002 0.903125 0.6078125000000002 0.903125
18 0.678125 0.5 0.659375 0.5 0.659375 0.534375 0.678125 0.534375
18 0.628125 0.421875 0.6015625 0.421875 0.6015625 0.45625 0.628125 0.45625
18 0.7046875 0.34062500000000007 0.6765625 0.34062500000000007 0.6765625 0.4109375 0.7046875 0.4109375
18 0.7609375 0.47968750000000016 0.7296875 0.47968750000000016 0.7296875 0.5453125000000002 0.7609375 0.5453125000000002
18 0.8375 0.3781250000000001 0.809375 0.3781250000000001 0.809375 0.4437500000000002 0.8375 0.4437500000000002
18 0.825 0.45625000000000016 0.7984375 0.45625000000000016 0.7984375 0.5203125000000002 0.825 0.5203125000000002
18 0.840625 0.4359375000000002 0.8109375 0.4359375000000002 0.8109375 0.5125000000000002 0.840625 0.5125000000000002
18 0.8359375 0.5265625000000002 0.8109375 0.5265625000000002 0.8109375 0.5406250000000001 0.8359375 0.5406250000000001
18 0.7875 0.4890625000000002 0.771875 0.4890625000000002 0.771875 0.5171875000000001 0.7875 0.5171875000000001
18 0.8109375 0.5781250000000002 0.771875 0.5781250000000002 0.771875 0.6125000000000002 0.8109375 0.6125000000000002
18 0.8546875 0.6421875000000001 0.8375 0.6421875000000001 0.8375 0.6875000000000002 0.8546875 0.6875000000000002
18 0.853125 0.7625000000000002 0.8140625 0.7625000000000002 0.8140625 0.8125 0.853125 0.8125
18 0.8140625 0.6750000000000002 0.76875 0.6750000000000002 0.76875 0.7218750000000002 0.8140625 0.7218750000000002
18 0.84375 0.5515625000000002 0.8046875 0.5515625000000002 0.8046875 0.5984375000000002 0.84375 0.5984375000000002
18 0.85 0.5390625000000002 0.8328125 0.5390625000000002 0.8328125 0.5718750000000001 0.85 0.5718750000000001
18 0.834375 0.5875000000000001 0.8203125 0.5875000000000001 0.8203125 0.6140625000000002 0.834375 0.6140625000000002
18 0.7203125 0.34062500000000007 0.7046875 0.34062500000000007 0.7046875 0.3687500000000001 0.7203125 0.3687500000000001
18 0.7484375 0.29375000000000007 0.7359375 0.29375000000000007 0.7359375 0.3156250000000001 0.7484375 0.3156250000000001
18 0.7703125 0.2890625000000001 0.7578125 0.2890625000000001 0.7578125 0.3078125000000001 0.7703125 0.3078125000000001
18 0.703125 0.2968750000000001 0.6796875 0.2968750000000001 0.6796875 0.3281250000000001 0.703125 0.3281250000000001
18 0.696875 0.27812500000000007 0.6890625 0.27812500000000007 0.6890625 0.2906250000000001 0.696875 0.2906250000000001
18 0.7265625 0.2312500000000001 0.6984375 0.2312500000000001 0.6984375 0.2750000000000001 0.7265625 0.2750000000000001
18 0.7109375 0.05312500000000009 0.69375 0.05312500000000009 0.69375 0.08593750000000008 0.7109375 0.08593750000000008
18 0.725 0.0671875000000001 0.7140625 0.0671875000000001 0.7140625 0.08437500000000009 0.725 0.08437500000000009
18 0.7390625 0.08593750000000008 0.7234375 0.08593750000000008 0.7234375 0.1062500000000001 0.7390625 0.1062500000000001
18 0.7515625 0.08750000000000009 0.7390625 0.08750000000000009 0.7390625 0.11250000000000009 0.7515625 0.11250000000000009
18 0.7390625 0.09531250000000009 0.7296875 0.09531250000000009 0.7296875 0.11250000000000009 0.7390625 0.11250000000000009
18 0.7515625 0.028125000000000087 0.7359375 0.028125000000000087 0.7359375 0.05312500000000009 0.7515625 0.05312500000000009
18 0.7328125 0.017187500000000088 0.7125 0.017187500000000088 0.7125 0.04531250000000009 0.7328125 0.04531250000000009
18 0.7109375 0.0015625000000000853 0.6859375 0.001562500000000084 0.6859375 0.017187500000000085 0.7109375 0.017187500000000088
18 0.659375 7.93150153510278e-17 0.6359375 7.787988238327699e-17 0.6359375 0.01406250000000008 0.659375 0.014062500000000084
18 0.71875 0.3281250000000001 0.70625 0.3281250000000001 0.70625 0.3375000000000001 0.71875 0.3375000000000001
18 0.74375 0.3281250000000001 0.7375 0.3281250000000001 0.7375 0.3390625000000001 0.74375 0.3390625000000001
18 0.7671875 0.09375000000000008 0.7578125 0.09375000000000008 0.7578125 0.10156250000000008 0.7671875 0.10156250000000008
18 0.7921875 0.10000000000000009 0.784375 0.10000000000000009 0.784375 0.1062500000000001 0.7921875 0.1062500000000001
18 0.7140625 0.04531250000000009 0.70625 0.04531250000000009 0.70625 0.05312500000000009 0.7140625 0.05312500000000009