8 0.14218750000000013 0.9296875 0.12187500000000014 0.9296875 0.12187500000000014 0.9453125 0.14218750000000013 0.9453125
8 0.2062500000000001 0.9890625 0.17812500000000014 0.9890625 0.17812500000000014 1 0.2062500000000001 1
8 0.48437500000000017 0.8125 0.4750000000000002 0.8125 0.4750000000000002 0.83125 0.48437500000000017 0.83125
8 0.4890625000000002 0.8265625 0.47656250000000017 0.8265625 0.47656250000000017 0.84375 0.4890625000000002 0.84375
8 0.4812500000000002 0.84375 0.4671875000000002 0.84375 0.4671875000000002 0.8578125 0.4812500000000002 0.8578125
8 0.47656250000000017 0.853125 0.46406250000000016 0.853125 0.46406250000000016 0.878125 0.47656250000000017 0.878125
8 0.4750000000000002 0.8734375 0.4578125000000002 0.8734375 0.4578125000000002 0.8921875 0.4750000000000002 0.8921875
8 0.7171875000000002 0.8515625 0.7093750000000002 0.8515625 0.7093750000000002 0.878125 0.7171875000000002 0.878125
8 0.2562500000000001 0.7 0.2453125000000001 0.7 0.2453125000000001 0.721875 0.2562500000000001 0.721875
8 0.4796875 0.61875 0.4671875 0.61875 0.4671875 0.6375 0.4796875 0.6375
8 0.3187500000000001 0.5625 0.3062500000000001 0.5625 0.3062500000000001 0.5828125 0.3187500000000001 0.5828125
8 0.34843750000000007 0.565625 0.3437500000000001 0.565625 0.3437500000000001 0.5796875 0.34843750000000007 0.5796875
8 0.3750000000000001 0.5296875 0.36406250000000007 0.5296875 0.36406250000000007 0.546875 0.3750000000000001 0.546875
8 0.45625 0.4015625 0.4453125 0.4015625 0.4453125 0.4203125 0.45625 0.4203125
8 0.471875 0.3750000000000001 0.4578125 0.3750000000000001 0.4578125 0.3859375000000001 0.471875 0.3859375000000001
8 0.471875 0.3609375000000001 0.4625 0.3609375000000001 0.4625 0.3750000000000001 0.471875 0.3750000000000001
8 0.4671875 0.34062500000000007 0.45625 0.34062500000000007 0.45625 0.3531250000000001 0.4671875 0.3531250000000001
8 0.4640625 0.3187500000000001 0.4578125 0.3187500000000001 0.4578125 0.33281250000000007 0.4640625 0.33281250000000007
8 0.496875 0.3359375000000001 0.484375 0.3359375000000001 0.484375 0.3437500000000001 0.496875 0.3437500000000001
8 0.5078125 0.3281250000000001 0.4984375 0.3281250000000001 0.4984375 0.3375000000000001 0.5078125 0.3375000000000001
8 0.5234375 0.2828125000000001 0.5078125 0.2828125000000001 0.5078125 0.2921875000000001 0.5234375 0.2921875000000001
10 0.571875 0.18125000000000008 0.5546875 0.18125000000000008 0.5546875 0.19531250000000008 0.571875 0.19531250000000008
8 0.565625 0.2468750000000001 0.55625 0.2468750000000001 0.55625 0.26250000000000007 0.565625 0.26250000000000007
8 0.546875 0.2875000000000001 0.5390625 0.2875000000000001 0.5390625 0.3031250000000001 0.546875 0.3031250000000001
8 0.5546875 0.3062500000000001 0.54375 0.3062500000000001 0.54375 0.3140625000000001 0.5546875 0.3140625000000001
8 0.5671875 0.2812500000000001 0.55625 0.2812500000000001 0.55625 0.2875000000000001 0.5671875 0.2875000000000001
8 0.5734375 0.28593750000000007 0.5625 0.28593750000000007 0.5625 0.2968750000000001 0.5734375 0.2968750000000001
8 0.571875 0.29375000000000007 0.5671875 0.29375000000000007 0.5671875 0.3046875000000001 0.571875 0.3046875000000001
8 0.5734375 0.2500000000000001 0.56875 0.2500000000000001 0.56875 0.2609375000000001 0.5734375 0.2609375000000001
8 0.5796875 0.25468750000000007 0.5734375 0.25468750000000007 0.5734375 0.2671875000000001 0.5796875 0.2671875000000001
8 0.590625 0.2734375000000001 0.5796875 0.2734375000000001 0.5796875 0.2812500000000001 0.590625 0.2812500000000001
8 0.590625 0.2812500000000001 0.58125 0.2812500000000001 0.58125 0.2875000000000001 0.590625 0.2875000000000001
8 0.634375 0.2968750000000001 0.625 0.2968750000000001 0.625 0.3031250000000001 0.634375 0.3031250000000001
8 0.640625 0.2796875000000001 0.6359375 0.2796875000000001 0.6359375 0.2890625000000001 0.640625 0.2890625000000001
8 0.646875 0.2750000000000001 0.6390625 0.2750000000000001 0.6390625 0.2812500000000001 0.646875 0.2812500000000001
8 0.65 0.2593750000000001 0.640625 0.2593750000000001 0.640625 0.2687500000000001 0.65 0.2687500000000001
8 0.6078125 0.2593750000000001 0.6 0.2593750000000001 0.6 0.2656250000000001 0.6078125 0.2656250000000001
8 0.6125 0.2484375000000001 0.6078125 0.2484375000000001 0.6078125 0.2593750000000001 0.6125 0.2593750000000001
8 0.6203125 0.24218750000000008 0.6140625 0.24218750000000008 0.6140625 0.2531250000000001 0.6203125 0.2531250000000001
8 0.621875 0.2328125000000001 0.60625 0.2328125000000001 0.60625 0.2406250000000001 0.621875 0.2406250000000001
8 0.6234375 0.23593750000000008 0.61875 0.23593750000000008 0.61875 0.2453125000000001 0.6234375 0.2453125000000001
8 0.625 0.2250000000000001 0.6140625 0.2250000000000001 0.6140625 0.2312500000000001 0.625 0.2312500000000001
8 0.621875 0.21250000000000008 0.6125 0.21250000000000008 0.6125 0.21875000000000008 0.621875 0.21875000000000008
8 0.621875 0.20312500000000008 0.6125 0.20312500000000008 0.6125 0.21250000000000008 0.621875 0.21250000000000008
8 0.625 0.2078125000000001 0.6171875 0.2078125000000001 0.6171875 0.2140625000000001 0.625 0.2140625000000001
8 0.5921875 0.20312500000000008 0.5796875 0.20312500000000008 0.5796875 0.2140625000000001 0.5921875 0.2140625000000001
8 0.59375 0.18750000000000008 0.5890625 0.18750000000000008 0.5890625 0.1984375000000001 0.59375 0.1984375000000001
8 0.65625 0.17968750000000008 0.6453125 0.17968750000000008 0.6453125 0.1937500000000001 0.65625 0.1937500000000001
10 0.6765625 0.20468750000000008 0.6703125 0.20468750000000008 0.6703125 0.2140625000000001 0.6765625 0.2140625000000001
8 0.678125 0.1593750000000001 0.665625 0.1593750000000001 0.665625 0.1687500000000001 0.678125 0.1687500000000001
8 0.7296875 0.18750000000000008 0.7203125 0.18750000000000008 0.7203125 0.19531250000000008 0.7296875 0.19531250000000008
8 0.6953125 0.12343750000000009 0.690625 0.12343750000000009 0.690625 0.13281250000000008 0.6953125 0.13281250000000008
10 0.7109375 0.12656250000000008 0.7046875 0.12656250000000008 0.7046875 0.1359375000000001 0.7109375 0.1359375000000001
10 0.68125 0.12031250000000009 0.675 0.12031250000000009 0.675 0.12656250000000008 0.68125 0.12656250000000008
8 0.678125 0.12656250000000008 0.6671875 0.12656250000000008 0.6671875 0.13281250000000008 0.678125 0.13281250000000008
8 0.65 0.1281250000000001 0.640625 0.1281250000000001 0.640625 0.13437500000000008 0.65 0.13437500000000008
10 0.725 0.09531250000000009 0.7171875 0.09531250000000009 0.7171875 0.10312500000000009 0.725 0.10312500000000009
8 0.734375 0.09687500000000009 0.725 0.09687500000000009 0.725 0.10312500000000009 0.734375 0.10312500000000009
8 0.7328125 0.07343750000000009 0.7265625 0.07343750000000009 0.7265625 0.08437500000000009 0.7328125 0.08437500000000009
8 0.7359375 0.07812500000000008 0.7328125 0.07812500000000008 0.7328125 0.08437500000000009 0.7359375 0.08437500000000009
8 0.8375 0.0375000000000001 0.834375 0.0375000000000001 0.834375 0.0453125000000001 0.8375 0.0453125000000001
8 0.8921875 0.01875000000000011 0.8859375 0.01875000000000011 0.8859375 0.025000000000000112 0.8921875 0.025000000000000112
8 0.8359375 0.0015625000000001024 0.83125 0.001562500000000102 0.83125 0.007812500000000102 0.8359375 0.007812500000000102
8 0.81875 0.0015625000000000998 0.8109375 0.0015625000000000992 0.8109375 0.0078125000000001 0.81875 0.0078125000000001
8 0.25468750000000007 0.6953125 0.24218750000000008 0.6953125 0.24218750000000008 0.7171875 0.25468750000000007 0.7171875
8 0.3156250000000001 0.5609375 0.3046875000000001 0.5609375 0.3046875000000001 0.578125 0.3156250000000001 0.578125
8 0.4734375 0.37187500000000007 0.4640625 0.37187500000000007 0.4640625 0.37968750000000007 0.4734375 0.37968750000000007
8 0.5109375 0.32500000000000007 0.4953125 0.32500000000000007 0.4953125 0.3359375000000001 0.5109375 0.3359375000000001
8 0.646875 0.2531250000000001 0.6390625 0.2531250000000001 0.6390625 0.2609375000000001 0.646875 0.2609375000000001
8 0.66875 0.15781250000000008 0.6625 0.15781250000000008 0.6625 0.1671875000000001 0.66875 0.1671875000000001
8 0.68125 0.12500000000000008 0.671875 0.12500000000000008 0.671875 0.13281250000000008 0.68125 0.13281250000000008