18 0.396875 0.0031250000000000487 0.3921875 0.0031250000000000487 0.3921875 0.010937500000000048 0.396875 0.01093750000000005
18 0.45625 0.037500000000000054 0.4484375 0.037500000000000054 0.4484375 0.04218750000000006 0.45625 0.04218750000000006
18 0.509375 0.04375000000000007 0.5015625 0.04375000000000007 0.5015625 0.050000000000000065 0.509375 0.050000000000000065
18 0.440625 0.039062500000000056 0.434375 0.039062500000000056 0.434375 0.04375000000000005 0.440625 0.04375000000000005
18 0.44375 0.051562500000000046 0.434375 0.051562500000000046 0.434375 0.057812500000000044 0.44375 0.057812500000000044
18 0.428125 0.05625000000000004 0.41875 0.05625000000000004 0.41875 0.06093750000000005 0.428125 0.06093750000000005
18 0.4578125 0.07812500000000006 0.453125 0.07812500000000004 0.453125 0.08437500000000006 0.4578125 0.08437500000000006
18 0.4953125 0.12968750000000004 0.490625 0.12968750000000004 0.490625 0.14062500000000006 0.4953125 0.14062500000000006
18 0.478125 0.15312500000000004 0.46875 0.15312500000000004 0.46875 0.16250000000000003 0.478125 0.16250000000000003
18 0.43125 0.14062500000000006 0.421875 0.14062500000000006 0.421875 0.14843750000000006 0.43125 0.14843750000000006
18 0.434375 0.13750000000000004 0.4265625 0.13750000000000004 0.4265625 0.14375000000000004 0.434375 0.14375000000000004
18 0.4390625 0.14218750000000005 0.4296875 0.14218750000000005 0.4296875 0.15000000000000005 0.4390625 0.15000000000000005
18 0.4453125 0.17031250000000003 0.4390625 0.17031250000000003 0.4390625 0.17812500000000003 0.4453125 0.17812500000000003
18 0.425 0.17500000000000004 0.4125 0.17500000000000004 0.4125 0.18281250000000004 0.425 0.18281250000000004
18 0.415625 0.17187500000000006 0.40625 0.17187500000000006 0.40625 0.17812500000000003 0.415625 0.17812500000000003
18 0.55 0.15937500000000007 0.540625 0.15937500000000004 0.540625 0.16875000000000007 0.55 0.1687500000000001
18 0.3765625 0.2156250000000001 0.3640625 0.2156250000000001 0.3640625 0.22656250000000008 0.3765625 0.22656250000000008
18 0.4203125 0.2078125000000001 0.40625 0.2078125000000001 0.40625 0.2250000000000001 0.4203125 0.2250000000000001
18 0.4640625 0.21250000000000008 0.4515625 0.21250000000000008 0.4515625 0.2234375000000001 0.4640625 0.2234375000000001
18 0.4703125 0.2328125000000001 0.4546875 0.2328125000000001 0.4546875 0.2453125000000001 0.4703125 0.2453125000000001
18 0.5171875 0.24218750000000008 0.503125 0.24218750000000008 0.503125 0.26250000000000007 0.5171875 0.26250000000000007
18 0.4171875 0.2468750000000001 0.4046875 0.2468750000000001 0.4046875 0.2578125000000001 0.4171875 0.2578125000000001
18 0.4171875 0.2218750000000001 0.403125 0.2218750000000001 0.403125 0.2328125000000001 0.4171875 0.2328125000000001
18 0.446875 0.2578125000000001 0.434375 0.2578125000000001 0.434375 0.2671875000000001 0.446875 0.2671875000000001
18 0.45 0.2609375000000001 0.440625 0.2609375000000001 0.440625 0.2687500000000001 0.45 0.2687500000000001
18 0.4484375 0.2687500000000001 0.440625 0.2687500000000001 0.440625 0.2750000000000001 0.4484375 0.2750000000000001
18 0.4578125 0.27031250000000007 0.4421875 0.27031250000000007 0.4421875 0.27812500000000007 0.4578125 0.27812500000000007
18 0.4578125 0.2734375000000001 0.446875 0.2734375000000001 0.446875 0.2828125000000001 0.4578125 0.2828125000000001
18 0.4609375 0.2765625000000001 0.4546875 0.2765625000000001 0.4546875 0.28593750000000007 0.4609375 0.28593750000000007
18 0.48125 0.2750000000000001 0.4734375 0.2750000000000001 0.4734375 0.2875000000000001 0.48125 0.2875000000000001
18 0.478125 0.2796875000000001 0.4671875 0.2796875000000001 0.4671875 0.2875000000000001 0.478125 0.2875000000000001
18 0.4921875 0.2828125000000001 0.4828125 0.2828125000000001 0.4828125 0.29375000000000007 0.4921875 0.29375000000000007
18 0.4953125 0.2890625000000001 0.4875 0.2890625000000001 0.4875 0.2984375000000001 0.4953125 0.2984375000000001
18 0.49375 0.3000000000000001 0.484375 0.3000000000000001 0.484375 0.3078125000000001 0.49375 0.3078125000000001
18 0.4890625 0.3046875000000001 0.4828125 0.3046875000000001 0.4828125 0.31718750000000007 0.4890625 0.31718750000000007
18 0.4703125 0.2890625000000001 0.4609375 0.2890625000000001 0.4609375 0.3031250000000001 0.4703125 0.3031250000000001
18 0.4421875 0.2750000000000001 0.43125 0.2750000000000001 0.43125 0.28593750000000007 0.4421875 0.28593750000000007
18 0.3921875 0.2750000000000001 0.38125 0.2750000000000001 0.38125 0.2906250000000001 0.3921875 0.2906250000000001
18 0.4421875 0.3078125000000001 0.4328125 0.3078125000000001 0.4328125 0.3140625000000001 0.4421875 0.3140625000000001
18 0.45 0.3031250000000001 0.440625 0.3031250000000001 0.440625 0.3109375000000001 0.45 0.3109375000000001
18 0.45625 0.3031250000000001 0.4484375 0.3031250000000001 0.4484375 0.3140625000000001 0.45625 0.3140625000000001
18 0.53125 0.3312500000000001 0.5234375 0.3312500000000001 0.5234375 0.3390625000000001 0.53125 0.3390625000000001
18 0.484375 0.3531250000000001 0.478125 0.3531250000000001 0.478125 0.3687500000000001 0.484375 0.3687500000000001
18 0.45 0.3609375000000001 0.4375 0.3609375000000001 0.4375 0.3703125000000001 0.45 0.3703125000000001
18 0.4359375 0.3343750000000001 0.4234375 0.3343750000000001 0.4234375 0.34062500000000007 0.4359375 0.34062500000000007
18 0.4296875 0.32500000000000007 0.4203125 0.32500000000000007 0.4203125 0.3375000000000001 0.4296875 0.3375000000000001
18 0.421875 0.3281250000000001 0.415625 0.3281250000000001 0.415625 0.33281250000000007 0.421875 0.33281250000000007
18 0.4171875 0.3281250000000001 0.40625 0.3281250000000001 0.40625 0.34062500000000007 0.4171875 0.34062500000000007
18 0.4140625 0.3359375000000001 0.40625 0.3359375000000001 0.40625 0.3500000000000001 0.4140625 0.3500000000000001
18 0.4078125 0.3437500000000001 0.3921875 0.3437500000000001 0.3921875 0.35625000000000007 0.4078125 0.35625000000000007
18 0.3468750000000001 0.4546875 0.3359375000000001 0.4546875 0.3359375000000001 0.465625 0.3468750000000001 0.465625
18 0.3937500000000001 0.478125 0.3828125000000001 0.478125 0.3828125000000001 0.5015625 0.3937500000000001 0.5015625
18 0.4140625 0.434375 0.4046875 0.434375 0.4046875 0.45625 0.4140625 0.45625
18 0.4015625 0.4265625 0.38750000000000007 0.4265625 0.38750000000000007 0.44375 0.4015625 0.44375
18 0.40625 0.40625 0.3890625000000001 0.40625 0.3890625000000001 0.425 0.40625 0.425
18 0.415625 0.5625 0.4015625 0.5625 0.4015625 0.5796875 0.415625 0.5796875
18 0.45 0.6203125 0.4328125 0.6203125 0.4328125 0.640625 0.45 0.640625
18 0.4921875 0.6296875 0.478125 0.6296875 0.478125 0.64375 0.4921875 0.64375
18 0.55625 0.590625 0.534375 0.590625 0.534375 0.6125 0.55625 0.6125
18 0.4343750000000002 0.746875 0.4234375000000002 0.746875 0.4234375000000002 0.771875 0.4343750000000002 0.771875
18 0.4390625000000002 0.934375 0.4234375000000002 0.934375 0.4234375000000002 0.965625 0.4390625000000002 0.965625
18 0.49531250000000016 0.9578125 0.46875000000000017 0.9578125 0.46875000000000017 0.990625 0.49531250000000016 0.990625
18 0.6718750000000002 0.909375 0.6531250000000002 0.909375 0.6531250000000002 0.940625 0.6718750000000002 0.940625
18 0.7562500000000002 0.94375 0.7406250000000002 0.94375 0.7406250000000002 0.9703125 0.7562500000000002 0.9703125
18 0.6578125 0.7125 0.6421875 0.7125 0.6421875 0.7234375 0.6578125 0.7234375
18 0.659375 0.721875 0.6515625 0.721875 0.6515625 0.7390625 0.6593750000000002 0.7390625
18 0.6625000000000002 0.728125 0.6546875000000002 0.728125 0.6546875000000002 0.746875 0.6625000000000002 0.746875
18 0.6734375000000001 0.725 0.6609375 0.725 0.6609375000000001 0.734375 0.6734375000000001 0.734375
18 0.6781250000000001 0.7234375 0.66875 0.7234375 0.6687500000000001 0.7484375 0.6781250000000002 0.7484375
18 0.7828125 0.5640625000000001 0.7703125 0.5640625000000001 0.7703125 0.5984375000000002 0.7828125 0.5984375000000002