8 0.6390625 0.1140625000000001 0.6265625 0.1140625000000001 0.6265625 0.14218750000000008 0.6390625 0.14218750000000008
8 0.34843750000000007 0.390625 0.31718750000000007 0.390625 0.31718750000000007 0.4078125 0.34843750000000007 0.4078125
9 0.4234375000000002 0.99375 0.40937500000000016 0.99375 0.40937500000000016 1 0.4234375000000002 1
8 0.5203125000000002 0.9453125 0.48437500000000017 0.9453125 0.48437500000000017 0.9859375 0.5203125000000002 0.9859375
8 0.5156250000000002 0.7484375 0.4828125000000002 0.7484375 0.4828125000000002 0.79375 0.5156250000000002 0.79375
8 0.5640625000000001 0.7484375 0.5250000000000001 0.7484375 0.5250000000000001 0.778125 0.5640625000000001 0.778125
8 0.3921875000000001 0.6375 0.3578125000000001 0.6375 0.3578125000000001 0.68125 0.3921875000000001 0.68125
8 0.7484375000000002 0.7703125000000001 0.7062500000000002 0.7703125 0.7062500000000002 0.8046875 0.7484375000000002 0.8046875
8 0.8734375 0.7312500000000002 0.809375 0.7312500000000002 0.809375 0.7781250000000002 0.8734375 0.7781250000000002
8 0.9640625 0.8953125 0.9046875 0.8953125 0.9046875 0.9640625 0.9640625 0.9640625
8 0.88125 0.40625000000000017 0.8546875 0.40625000000000017 0.8546875 0.4390625000000002 0.88125 0.4390625000000002
8 0.7015625 0.4109375 0.6671875 0.4109375 0.6671875 0.4359375 0.7015625 0.4359375
8 0.734375 0.28593750000000007 0.7140625 0.28593750000000007 0.7140625 0.3156250000000001 0.734375 0.3156250000000001
8 0.7625 0.2375000000000001 0.7484375 0.2375000000000001 0.7484375 0.27031250000000007 0.7625 0.27031250000000007
8 0.7609375 0.18125000000000008 0.7328125 0.18125000000000008 0.7328125 0.2171875000000001 0.7609375 0.2171875000000001
8 0.740625 0.20312500000000008 0.7234375 0.20312500000000008 0.7234375 0.23593750000000008 0.740625 0.23593750000000008
8 0.7578125000000002 0.7593750000000001 0.7156250000000002 0.759375 0.7156250000000002 0.7953125000000001 0.7578125000000002 0.7953125000000002
8 0.9734375 0.89375 0.925 0.89375 0.925 0.9515625 0.9734375 0.9515625