8 0.9640625 0.17656250000000012 0.9015625 0.1765625000000001 0.9015625 0.21250000000000008 0.9640625 0.21250000000000008
8 0.6859375 0.1750000000000001 0.6578125 0.1750000000000001 0.6578125 0.2015625000000001 0.6859375 0.2015625000000001
8 0.7359375 0.23437500000000008 0.703125 0.23437500000000008 0.703125 0.27031250000000007 0.7359375 0.27031250000000007
8 0.621875 0.2296875000000001 0.5953125 0.2296875000000001 0.5953125 0.2750000000000001 0.621875 0.2750000000000001
8 0.6015625 0.21093750000000008 0.5796875 0.21093750000000008 0.5796875 0.2375000000000001 0.6015625 0.2375000000000001
8 0.6515625 0.4140625 0.6171875 0.4140625 0.6171875 0.4546875 0.6515625 0.4546875
8 0.590625 0.35625000000000007 0.5546875 0.35625000000000007 0.5546875 0.3921875000000001 0.590625 0.3921875000000001
8 0.571875 0.4578125 0.5296875 0.4578125 0.5296875 0.509375 0.571875 0.509375
8 0.55 0.4078125 0.51875 0.4078125 0.51875 0.4453125 0.55 0.4453125
8 0.5078125 0.409375 0.4703125 0.409375 0.4703125 0.45 0.5078125 0.45
8 0.465625 0.2968750000000001 0.43125 0.2968750000000001 0.43125 0.3375000000000001 0.465625 0.3375000000000001
8 0.41875 0.259375 0.3484375 0.259375 0.3484375 0.31093750000000003 0.41875 0.3109375000000001
8 0.4125 0.3078125000000001 0.3875 0.3078125000000001 0.3875 0.3390625000000001 0.4125 0.3390625000000001
8 0.4 0.3296875000000001 0.36875 0.3296875000000001 0.36875 0.3750000000000001 0.4 0.3750000000000001
8 0.3765625 0.33437500000000003 0.346875 0.334375 0.34687500000000004 0.36562500000000003 0.3765625000000001 0.3656250000000001
8 0.20625000000000004 0.3625 0.16093750000000004 0.3625 0.16093750000000004 0.4171875 0.2062500000000001 0.4171875
8 0.14062500000000006 0.2953125 0.12343750000000005 0.2953125 0.12343750000000005 0.3078125 0.14062500000000006 0.3078125
8 0.11093750000000005 0.2765625 0.10312500000000005 0.2765625 0.10312500000000005 0.29375 0.11093750000000005 0.29375
8 0.3453125 0.17968750000000006 0.328125 0.17968750000000006 0.328125 0.18906250000000005 0.3453125 0.18906250000000005
7 0.3859375 0.19062500000000004 0.3765625 0.19062500000000004 0.3765625 0.20312500000000008 0.3859375 0.20312500000000008
8 0.4359375 0.2000000000000001 0.4234375 0.2000000000000001 0.4234375 0.2093750000000001 0.4359375 0.2093750000000001
8 0.446875 0.19218750000000004 0.4390625 0.19218750000000004 0.4390625 0.2015625000000001 0.446875 0.2015625000000001
8 0.5078125 0.17500000000000004 0.4890625 0.17500000000000004 0.4890625 0.18281250000000004 0.5078125 0.18281250000000004
8 0.2015625 0.3125 0.19531250000000006 0.3125 0.19531250000000006 0.328125 0.2015625 0.328125