9 0.4296875 0.051562500000000046 0.396875 0.051562500000000046 0.396875 0.09687500000000004 0.4296875 0.09687500000000004
9 0.3796875 4.420209540672478e-17 0.3421875 4.190588265832349e-17 0.3421875 0.018750000000000044 0.3796875 0.018750000000000044
9 0.3640625 0.09218750000000005 0.3484375 0.09218750000000005 0.3484375 0.11406250000000004 0.3640625 0.11406250000000004
9 0.3953125 0.09531250000000005 0.384375 0.09531250000000005 0.384375 0.10625000000000004 0.3953125 0.10625000000000004
9 0.590625 0.19687500000000008 0.559375 0.19687500000000008 0.559375 0.2234375000000001 0.590625 0.2234375000000001
9 0.4328125 0.3453125000000001 0.384375 0.3453125000000001 0.384375 0.4078125 0.4328125 0.4078125
9 0.3578125 0.3140625 0.328125 0.3140625 0.328125 0.3515625 0.3578125 0.3515625
9 0.23125 0.2484375 0.2 0.2484375 0.2 0.2734375 0.23125 0.2734375
8 0.209375 0.2984375 0.19687500000000005 0.2984375 0.19687500000000005 0.3265625 0.209375 0.3265625
8 0.2234375000000001 0.3703125 0.19843750000000004 0.3703125 0.19843750000000004 0.39375 0.2234375000000001 0.39375
8 0.2375000000000001 0.3984375 0.2234375000000001 0.3984375 0.2234375000000001 0.4109375 0.2375000000000001 0.4109375
8 0.2375000000000001 0.4109375 0.2296875000000001 0.4109375 0.2296875000000001 0.4375 0.2375000000000001 0.4375
8 0.19687500000000005 0.4828125 0.17343750000000005 0.4828125 0.17343750000000005 0.5046875 0.19687500000000005 0.5046875
8 0.1468750000000001 0.5453125 0.13281250000000008 0.5453125 0.13281250000000008 0.575 0.1468750000000001 0.575
9 0.3109375000000001 0.796875 0.2968750000000001 0.796875 0.2968750000000001 0.821875 0.3109375000000001 0.821875
10 0.3187500000000001 0.6890625 0.2984375000000001 0.6890625 0.2984375000000001 0.70625 0.3187500000000001 0.70625
8 0.3734375000000001 0.771875 0.34843750000000007 0.771875 0.34843750000000007 0.7890625 0.3734375000000001 0.7890625
8 0.3109375000000001 0.925 0.2921875000000001 0.925 0.2921875000000001 0.95625 0.3109375000000001 0.95625
9 0.4515625000000002 0.759375 0.41406250000000017 0.759375 0.41406250000000017 0.790625 0.4515625000000002 0.790625
9 0.5140625 0.60625 0.475 0.60625 0.475 0.6515625 0.5140625 0.6515625
9 0.6234375 0.684375 0.5921875 0.684375 0.5921875 0.7140625 0.6234375 0.7140625
9 0.703125 0.625 0.6703125 0.625 0.6703125 0.6859375 0.703125 0.6859375
9 0.6343750000000001 0.81875 0.6078125000000002 0.81875 0.6078125000000002 0.9015625 0.6343750000000001 0.9015625
9 0.6781250000000002 0.80625 0.6281250000000002 0.80625 0.6281250000000002 0.9265625 0.6781250000000002 0.9265625
9 0.5640625000000001 0.9046875 0.5109375000000002 0.9046875 0.5109375000000002 0.9921875 0.5640625000000001 0.9921875
9 0.5218750000000002 0.9171875 0.4781250000000002 0.9171875 0.4781250000000002 0.9953125 0.5218750000000002 0.9953125
9 0.5718750000000001 0.9828125 0.5500000000000002 0.9828125 0.5500000000000002 1 0.5718750000000001 1
9 0.5015625000000001 0.76875 0.46406250000000016 0.76875 0.46406250000000016 0.85 0.5015625000000001 0.85
9 0.434375 0.5265625 0.3468750000000001 0.5265625 0.3468750000000001 0.63125 0.434375 0.63125
9 0.434375 0.5875 0.4125 0.5875 0.4125 0.61875 0.434375 0.61875
9 0.4453125 0.6125 0.415625 0.6125 0.415625 0.6578125 0.4453125 0.6578125