17 0.696875 0.4125 0.6453125 0.4125 0.6453125 0.446875 0.696875 0.446875
17 0.8078125 0.4187500000000002 0.7828125 0.4187500000000002 0.7828125 0.45312500000000017 0.8078125 0.45312500000000017
17 0.18906250000000005 0.40625 0.15156250000000004 0.40625 0.15156250000000004 0.4671875 0.18906250000000005 0.4671875
17 0.4234375 0.4046875 0.38750000000000007 0.4046875 0.38750000000000007 0.4703125 0.4234375 0.4703125
17 0.5625 0.415625 0.534375 0.415625 0.534375 0.4640625 0.5625 0.4640625
17 0.7546875 0.4406250000000001 0.7140625 0.440625 0.7140625 0.4750000000000001 0.7546875 0.4750000000000002
17 0.86875 0.44062500000000016 0.8125 0.44062500000000016 0.8125 0.48750000000000016 0.86875 0.48750000000000016
17 0.934375 0.4359375000000002 0.9171875 0.4359375000000002 0.9171875 0.4937500000000002 0.934375 0.4937500000000002
17 1 0.4390625000000002 0.96875 0.4390625000000002 0.96875 0.49531250000000016 1 0.49531250000000016
17 0.5640625 0.45625 0.5234375 0.45625 0.5234375 0.4875 0.5640625 0.4875
17 0.32500000000000007 0.45625 0.2968750000000001 0.45625 0.2968750000000001 0.496875 0.32500000000000007 0.496875