8 0.5875 0.009375000000000073 0.58125 0.009375000000000073 0.58125 0.025000000000000067 0.5875 0.025000000000000067
8 0.60625 7.347880794884119e-17 0.59375 7.271340369937409e-17 0.59375 0.003125000000000073 0.60625 0.0031250000000000735
8 0.4828125 5.884045167778298e-17 0.478125 5.855342508423283e-17 0.478125 0.015625000000000062 0.4828125 0.015625000000000062
8 0.509375 0.02968750000000006 0.4984375 0.029687500000000054 0.4984375 0.04531250000000006 0.509375 0.04531250000000007
8 0.54375 0.04375000000000007 0.5265625 0.04375000000000007 0.5265625 0.057812500000000065 0.54375 0.057812500000000065
8 0.50625 0.056250000000000064 0.4921875 0.056250000000000064 0.4921875 0.06718750000000007 0.50625 0.06718750000000007
8 0.5140625 0.08750000000000006 0.503125 0.08750000000000006 0.503125 0.10312500000000005 0.5140625 0.10312500000000005
8 0.5015625 0.10312500000000005 0.4875 0.10312500000000005 0.4875 0.11718750000000004 0.5015625 0.11718750000000004
8 0.4921875 0.11093750000000005 0.484375 0.11093750000000005 0.484375 0.13437500000000005 0.4921875 0.13437500000000005
8 0.509375 0.3265625000000001 0.496875 0.3265625000000001 0.496875 0.3468750000000001 0.509375 0.3468750000000001
8 0.421875 0.2515625000000001 0.40625 0.2515625000000001 0.40625 0.2640625000000001 0.421875 0.2640625000000001
8 0.396875 0.28593750000000007 0.384375 0.28593750000000007 0.384375 0.2953125000000001 0.396875 0.2953125000000001
8 0.3578125 0.290625 0.340625 0.290625 0.340625 0.303125 0.3578125 0.303125
8 0.7484375 0.5328125000000001 0.740625 0.5328125000000001 0.740625 0.5593750000000002 0.7484375 0.5593750000000002
8 0.5234375 0.5125 0.5109375 0.5125 0.5109375 0.53125 0.5234375 0.53125
8 0.528125 0.5234375 0.5203125 0.5234375 0.5203125 0.54375 0.528125 0.54375
8 0.5265625 0.5421875 0.5125 0.5421875 0.5125 0.5578125 0.5265625 0.5578125
8 0.5203125 0.5546875 0.509375 0.5546875 0.509375 0.5765625 0.5203125 0.5765625
8 0.5171875 0.5734375 0.5015625 0.5734375 0.5015625 0.5875 0.5171875 0.5875
8 0.2890625000000001 0.434375 0.2750000000000001 0.434375 0.2750000000000001 0.4515625 0.2890625000000001 0.4515625
8 0.5375000000000002 0.790625 0.5281250000000002 0.790625 0.5281250000000002 0.8203125 0.5375000000000002 0.8203125
8 0.459375 0.6984375 0.446875 0.6984375 0.446875 0.725 0.459375 0.725
8 0.25468750000000007 0.7359375 0.22812500000000008 0.7359375 0.22812500000000008 0.759375 0.25468750000000007 0.759375
8 0.2062500000000001 0.65 0.1859375000000001 0.65 0.1859375000000001 0.665625 0.2062500000000001 0.665625
8 0.27812500000000007 0.8578125 0.2531250000000001 0.8578125 0.2531250000000001 0.875 0.27812500000000007 0.875
8 0.25468750000000007 0.846875 0.2328125000000001 0.846875 0.2328125000000001 0.8703125 0.25468750000000007 0.8703125
8 0.23437500000000008 0.8515625 0.21093750000000008 0.8515625 0.21093750000000008 0.86875 0.23437500000000008 0.86875
8 0.2062500000000001 0.859375 0.18125000000000008 0.859375 0.18125000000000008 0.884375 0.2062500000000001 0.884375
8 0.1671875000000001 0.890625 0.1375000000000001 0.890625 0.13750000000000012 0.934375 0.16718750000000013 0.934375
11 0.5921875 7.204367498109039e-17 0.584375 7.156529732517345e-17 0.584375 0.004687500000000072 0.5921875 0.004687500000000072
8 0.5375 0.042187500000000065 0.5265625 0.042187500000000065 0.5265625 0.05312500000000007 0.5375 0.05312500000000007
8 0.5015625 0.09687500000000007 0.4921875 0.09687500000000007 0.4921875 0.10781250000000005 0.5015625 0.10781250000000005
8 0.3578125 0.2875 0.3421875 0.2875 0.3421875 0.2953125 0.3578125 0.2953125
8 0.2906250000000001 0.4296875 0.2750000000000001 0.4296875 0.2750000000000001 0.4453125 0.2906250000000001 0.4453125