18 0.384375 0.2687500000000001 0.38125 0.2687500000000001 0.38125 0.2734375000000001 0.384375 0.2734375000000001
18 0.3796875 0.2671875000000001 0.375 0.2671875000000001 0.375 0.2734375000000001 0.3796875 0.2734375000000001
18 0.3703125 0.2796875000000001 0.365625 0.2796875000000001 0.365625 0.2843750000000001 0.3703125 0.2843750000000001
18 0.3734375 0.27812500000000007 0.3703125 0.27812500000000007 0.3703125 0.2828125000000001 0.3734375 0.2828125000000001
18 0.35625 0.2875 0.35 0.2875 0.35 0.2921875 0.35625 0.2921875
18 0.3609375 0.2859375 0.35625 0.2859375 0.35625 0.2921875 0.3609375 0.2921875
18 0.3421875 0.2921875 0.3375 0.2921875 0.3375 0.2984375 0.3421875 0.2984375
18 0.3421875 0.296875 0.3359375 0.296875 0.3359375 0.303125 0.3421875 0.303125
18 0.340625 0.3015625 0.3375 0.3015625 0.3375 0.309375 0.340625 0.309375
18 0.3890625 0.2515625000000001 0.38125 0.2515625000000001 0.38125 0.2562500000000001 0.3890625 0.2562500000000001
18 0.403125 0.24375000000000008 0.3921875 0.24375000000000008 0.3921875 0.2468750000000001 0.403125 0.2468750000000001
18 0.396875 0.2484375000000001 0.3859375 0.2484375000000001 0.3859375 0.2515625000000001 0.396875 0.2515625000000001
18 0.3796875 0.2531250000000001 0.371875 0.2531250000000001 0.371875 0.2562500000000001 0.3796875 0.2562500000000001
18 0.390625 0.2562500000000001 0.3828125 0.2562500000000001 0.3828125 0.2593750000000001 0.390625 0.2593750000000001
18 0.4125 0.24375000000000008 0.4078125 0.24375000000000008 0.4078125 0.2531250000000001 0.4125 0.2531250000000001