17 0.5484375 0.3203125000000001 0.5140625 0.3203125000000001 0.5140625 0.3546875000000001 0.5484375 0.3546875000000001
17 0.33437500000000003 0.3140625 0.3203125 0.3140625 0.32031250000000006 0.365625 0.3343750000000001 0.365625
17 0.640625 0.33281250000000007 0.621875 0.33281250000000007 0.621875 0.3578125000000001 0.640625 0.3578125000000001
17 0.44375 0.33281250000000007 0.4359375 0.33281250000000007 0.4359375 0.36406250000000007 0.44375 0.36406250000000007
17 0.596875 0.3500000000000001 0.5671875 0.3500000000000001 0.5671875 0.3765625000000001 0.596875 0.3765625000000001
17 0.734375 0.3453125000000001 0.7203125 0.3453125000000001 0.7203125 0.3843750000000001 0.734375 0.3843750000000001
17 0.79375 0.3437500000000001 0.76875 0.3437500000000001 0.76875 0.3890625000000001 0.79375 0.3890625000000001
17 0.6828125 0.34843750000000007 0.64375 0.34843750000000007 0.64375 0.38750000000000007 0.6828125 0.38750000000000007
17 0.45 0.3578125000000001 0.425 0.3578125000000001 0.425 0.38750000000000007 0.45 0.38750000000000007
17 0.3265625000000001 0.3671875 0.3109375000000001 0.3671875 0.3109375000000001 0.384375 0.3265625000000001 0.384375
17 0.15468750000000003 0.3125 0.13437500000000005 0.3125 0.13437500000000005 0.3390625 0.15468750000000003 0.3390625