18 0.1203125 0.1015625 0.1109375 0.1015625 0.1109375 0.1109375 0.1203125 0.1109375
18 0.115625 0.11875 0.1109375 0.11875 0.1109375 0.125 0.115625 0.125
18 0.11875 0.11875 0.1140625 0.11875 0.1140625 0.125 0.11875 0.125
18 0.1328125 0.121875 0.1234375 0.121875 0.1234375 0.1265625 0.1328125 0.1265625
18 0.134375 0.134375 0.1234375 0.134375 0.1234375 0.140625 0.134375 0.140625
18 0.1296875 0.1546875 0.125 0.1546875 0.125 0.1640625 0.1296875 0.1640625
18 0.2359375 0.16406250000000006 0.2265625 0.16406250000000006 0.2265625 0.17187500000000006 0.2359375 0.17187500000000006
18 0.2859375 0.16406250000000006 0.278125 0.16406250000000006 0.278125 0.17187500000000006 0.2859375 0.17187500000000006
18 0.23125 0.19375000000000003 0.221875 0.19375000000000003 0.221875 0.2 0.23125 0.2
18 0.221875 0.20625 0.2109375 0.20625 0.2109375 0.2125 0.221875 0.2125
18 0.2828125 0.215625 0.271875 0.215625 0.271875 0.2234375 0.2828125 0.2234375
18 0.3359375 0.2890625 0.325 0.2890625 0.325 0.296875 0.3359375 0.296875
18 0.428125 0.3218750000000001 0.415625 0.3218750000000001 0.415625 0.3296875000000001 0.428125 0.3296875000000001
18 0.3453125 0.328125 0.334375 0.328125 0.334375 0.3359375 0.3453125 0.3359375
18 0.3109375 0.3203125 0.3015625 0.3203125 0.3015625 0.3296875 0.3109375 0.3296875
18 0.29375 0.325 0.28125 0.325 0.28125 0.334375 0.29375 0.334375
18 0.2984375 0.3234375 0.2890625 0.3234375 0.2890625 0.33125 0.2984375 0.33125
18 0.34062500000000007 0.359375 0.33125 0.359375 0.33125000000000004 0.36875 0.34062500000000007 0.36875
18 0.3312500000000001 0.378125 0.3187500000000001 0.378125 0.3187500000000001 0.384375 0.3312500000000001 0.384375
18 0.3296875000000001 0.3796875 0.31718750000000007 0.3796875 0.31718750000000007 0.3890625 0.3296875000000001 0.3890625
18 0.3187500000000001 0.375 0.3046875000000001 0.375 0.3046875000000001 0.384375 0.3187500000000001 0.384375
18 0.4140625 0.415625 0.3984375000000001 0.415625 0.3984375000000001 0.425 0.4140625 0.425
18 0.440625 0.421875 0.4296875 0.421875 0.4296875 0.4328125 0.440625 0.4328125
18 0.3687500000000001 0.4234375 0.3531250000000001 0.4234375 0.3531250000000001 0.4375 0.3687500000000001 0.4375
18 0.37187500000000007 0.434375 0.3593750000000001 0.434375 0.3593750000000001 0.4453125 0.37187500000000007 0.4453125
18 0.4875 0.459375 0.46875 0.459375 0.46875 0.471875 0.4875 0.471875
18 0.5078125 0.4671875 0.4953125 0.4671875 0.4953125 0.4765625 0.5078125 0.4765625
18 0.51875 0.465625 0.50625 0.465625 0.50625 0.475 0.51875 0.475
18 0.528125 0.4765625 0.5203125 0.4765625 0.5203125 0.4875 0.528125 0.4875
18 0.5359375 0.484375 0.525 0.484375 0.525 0.496875 0.5359375 0.496875
18 0.5671875 0.5 0.5546875 0.5 0.5546875 0.5109375 0.5671875 0.5109375
18 0.5171875 0.509375 0.503125 0.509375 0.503125 0.521875 0.5171875 0.521875
18 0.49375 0.48125 0.4828125 0.48125 0.4828125 0.4875 0.49375 0.4875
18 0.4921875 0.490625 0.478125 0.490625 0.478125 0.5 0.4921875 0.5
18 0.465625 0.4859375 0.4546875 0.4859375 0.4546875 0.4921875 0.465625 0.4921875
18 0.440625 0.4765625 0.428125 0.4765625 0.428125 0.4859375 0.440625 0.4859375
18 0.4328125 0.4703125 0.425 0.4703125 0.425 0.484375 0.4328125 0.484375
18 0.428125 0.4734375 0.4171875 0.4734375 0.4171875 0.4875 0.428125 0.4875
18 0.3937500000000001 0.4921875 0.3781250000000001 0.4921875 0.3781250000000001 0.503125 0.3937500000000001 0.503125
18 0.409375 0.5515625 0.3859375000000001 0.5515625 0.3859375000000001 0.565625 0.409375 0.565625
18 0.4546875 0.5046875 0.4390625 0.5046875 0.4390625 0.521875 0.4546875 0.521875
18 0.4515625 0.484375 0.44375 0.484375 0.44375 0.5 0.4515625 0.5
18 0.465625 0.50625 0.453125 0.50625 0.453125 0.515625 0.465625 0.515625
18 0.5078125 0.5328125 0.496875 0.5328125 0.496875 0.540625 0.5078125 0.540625
18 0.49375 0.5328125 0.4796875 0.5328125 0.4796875 0.546875 0.49375 0.546875
18 0.4859375 0.5375 0.478125 0.5375 0.478125 0.55 0.4859375 0.55
18 0.48125 0.55625 0.465625 0.55625 0.465625 0.565625 0.48125 0.565625
18 0.49375 0.55625 0.4828125 0.55625 0.4828125 0.5734375 0.49375 0.5734375
18 0.5 0.5734375 0.4921875 0.5734375 0.4921875 0.590625 0.5 0.590625
18 0.5296875 0.5828125 0.5171875 0.5828125 0.5171875 0.5953125 0.5296875 0.5953125
18 0.5515625 0.6015625 0.5375 0.6015625 0.5375 0.615625 0.5515625 0.615625
18 0.490625 0.60625 0.4703125 0.60625 0.4703125 0.6203125 0.490625 0.6203125
18 0.5 0.6234375 0.48125 0.6234375 0.48125 0.640625 0.5 0.640625
18 0.5203125 0.63125 0.5015625 0.63125 0.5015625 0.6453125 0.5203125 0.6453125
18 0.553125 0.678125 0.5421875 0.678125 0.5421875 0.7 0.553125 0.7
18 0.5546875 0.7 0.5375 0.7 0.5375 0.71875 0.5546875 0.71875
18 0.5828125000000001 0.7171875 0.5640625 0.7171875 0.5640625000000001 0.73125 0.5828125000000002 0.73125
18 0.5765625000000002 0.7265625 0.5593750000000002 0.7265625 0.5593750000000002 0.7359375 0.5765625000000002 0.7359375
18 0.5609375000000002 0.7265625 0.5515625000000002 0.7265625 0.5515625000000002 0.7546875 0.5609375000000002 0.7546875
18 0.5390625000000002 0.7640625 0.5171875000000001 0.7640625 0.5171875000000001 0.7765625 0.5390625000000002 0.7765625
18 0.6265625000000001 0.775 0.6062500000000002 0.775 0.6062500000000002 0.803125 0.6265625000000001 0.803125
18 0.85625 0.7687500000000002 0.8390625 0.7687500000000002 0.8390625 0.7843750000000002 0.85625 0.7843750000000002
18 0.7218750000000002 0.853125 0.7125000000000001 0.853125 0.7125000000000001 0.88125 0.7218750000000002 0.88125
18 0.8359375 0.8890625 0.8203125 0.8890625 0.8203125 0.903125 0.8359375 0.903125
18 0.8015625 0.91875 0.7781250000000002 0.91875 0.7781250000000002 0.9359375 0.8015625 0.9359375
18 0.8 0.9265625 0.7765625000000002 0.9265625 0.7765625000000002 0.9453125 0.8 0.9453125
18 1 0.6046875000000002 0.9921875 0.6046875000000002 0.9921875 0.6156250000000002 1 0.6156250000000002