17 0.7390625 0.3984375000000001 0.725 0.3984375000000001 0.725 0.43437500000000007 0.7390625 0.4343750000000002
17 0.6296875 0.403125 0.58125 0.403125 0.58125 0.4484375 0.6296875 0.4484375
17 0.875 0.41406250000000017 0.85625 0.41406250000000017 0.85625 0.46875000000000017 0.875 0.46875000000000017
17 0.95 0.40937500000000016 0.915625 0.40937500000000016 0.915625 0.47187500000000016 0.95 0.47187500000000016
17 0.8109375 0.4203125000000002 0.753125 0.4203125000000002 0.753125 0.4703125000000002 0.8109375 0.4703125000000002
17 0.69375 0.43125 0.653125 0.43125 0.653125 0.4671875 0.69375 0.4671875
17 0.4953125 0.4375 0.475 0.4375 0.475 0.4734375 0.4953125 0.4734375
17 0.35625000000000007 0.428125 0.3218750000000001 0.428125 0.3218750000000001 0.490625 0.35625000000000007 0.490625
17 0.11093750000000005 0.459375 0.08593750000000007 0.459375 0.08593750000000007 0.496875 0.11093750000000005 0.496875
17 0.4953125 0.46875 0.465625 0.46875 0.465625 0.509375 0.4953125 0.509375
17 0.2718750000000001 0.5078125 0.2484375000000001 0.5078125 0.2484375000000001 0.5375 0.2718750000000001 0.5375