17 0.7828125 0.3703125000000001 0.7609375 0.3703125000000001 0.7609375 0.4109375000000002 0.7828125 0.4109375000000002
17 0.740625 0.3765625000000001 0.696875 0.3765625000000001 0.696875 0.4140625000000001 0.740625 0.41406250000000017
17 0.9703125 0.37187500000000007 0.9375 0.37187500000000007 0.9375 0.4421875000000002 0.9703125 0.4421875000000002
17 0.9171875 0.3750000000000001 0.8984375 0.3750000000000001 0.8984375 0.44062500000000016 0.9171875 0.44062500000000016
17 0.8578125 0.38750000000000007 0.7984375 0.38750000000000007 0.7984375 0.43750000000000017 0.8578125 0.43750000000000017
17 0.5546875 0.4109375 0.53125 0.4109375 0.53125 0.45625 0.5546875 0.45625
17 0.6875 0.4078125 0.634375 0.4078125 0.634375 0.459375 0.6875 0.459375
17 0.41875 0.4015625 0.3890625000000001 0.4015625 0.3890625000000001 0.4796875 0.41875 0.4796875
17 0.18281250000000004 0.421875 0.15468750000000003 0.421875 0.15468750000000003 0.4640625 0.18281250000000004 0.4640625
17 0.478125 0.4328125 0.45 0.4328125 0.45 0.4890625 0.478125 0.4890625
17 0.3187500000000001 0.4859375 0.2953125000000001 0.4859375 0.2953125000000001 0.5265625 0.3187500000000001 0.5265625