18 0.21250000000000008 0.4484375 0.12343750000000005 0.4484375 0.12343750000000006 0.58125 0.21250000000000008 0.58125
18 0.86875 0.4656250000000002 0.796875 0.4656250000000002 0.796875 0.5656250000000002 0.86875 0.5656250000000002
18 0.4109375 0.30156250000000007 0.3265625 0.3015625 0.32656250000000003 0.44375 0.4109375 0.44375
18 0.475 0.421875 0.4015625 0.421875 0.4015625 0.5578125 0.475 0.5578125
18 0.7546875000000002 0.81875 0.6984375000000002 0.81875 0.6984375000000002 0.9125 0.7546875000000002 0.9125
18 0.690625 0.5046875 0.6265625 0.5046875 0.6265625 0.64375 0.690625 0.64375
18 1 0.6390625000000002 0.928125 0.6390625000000002 0.928125 0.7703125000000002 1 0.7703125000000002
18 1 0.7375000000000002 0.928125 0.7375000000000002 0.928125 0.8625 1 0.8625
18 0.5312500000000002 0.9390625 0.4515625000000002 0.9390625 0.4515625000000002 1 0.5312500000000002 1
18 0.6687500000000002 0.9671875 0.5937500000000002 0.9671875 0.5937500000000002 1 0.6687500000000002 1
18 0.8796875 0.6578125000000001 0.7953125 0.6578125000000001 0.7953125000000001 0.7984375000000001 0.8796875 0.7984375000000001