9 0.678125 0.2578125000000001 0.6296875 0.2578125000000001 0.6296875 0.3203125000000001 0.678125 0.3203125000000001
8 0.9609375 0.17812500000000014 0.95 0.17812500000000014 0.95 0.19531250000000014 0.9609375 0.19531250000000014
8 0.9921875 0.32500000000000007 0.971875 0.32500000000000007 0.971875 0.3453125000000001 0.9921875 0.3453125000000001
8 0.93125 0.3140625000000001 0.9234375 0.3140625000000001 0.9234375 0.3375000000000001 0.93125 0.3375000000000001
8 0.8390625 0.3203125000000001 0.81875 0.3203125000000001 0.81875 0.3437500000000001 0.8390625 0.3437500000000001
7 0.8859375 0.3578125000000001 0.8734375 0.3578125000000001 0.8734375 0.3765625000000001 0.8859375 0.3765625000000001
8 0.9046875 0.6843750000000002 0.875 0.6843750000000002 0.875 0.7125000000000001 0.9046875 0.7125000000000001
8 0.8203125 0.7125000000000001 0.79375 0.7125000000000001 0.7937500000000001 0.7531250000000002 0.8203125 0.7531250000000002
8 0.7156250000000002 0.7359375 0.6953125000000002 0.7359375 0.6953125000000002 0.771875 0.7156250000000002 0.771875
8 0.7250000000000002 0.8078125 0.7031250000000002 0.8078125 0.7031250000000002 0.8296875 0.7250000000000002 0.8296875
8 0.7046875000000001 0.8015625 0.6671875000000002 0.8015625 0.6671875000000002 0.83125 0.7046875000000001 0.83125
8 0.6250000000000002 0.890625 0.5906250000000002 0.890625 0.5906250000000002 0.934375 0.6250000000000002 0.934375
9 0.3781250000000001 0.909375 0.3421875000000001 0.909375 0.3421875000000001 0.971875 0.3781250000000001 0.971875
9 0.2671875000000001 0.8390625 0.2093750000000001 0.8390625 0.2093750000000001 0.95 0.2671875000000001 0.95
9 0.49375 0.50625 0.4484375 0.50625 0.4484375 0.5703125 0.49375 0.5703125
9 0.55625 0.3937500000000001 0.5078125 0.3937500000000001 0.5078125 0.44375 0.55625 0.44375
9 0.5953125 0.4890625 0.5609375 0.4890625 0.5609375 0.5359375 0.5953125 0.5359375
9 0.6875 0.44375 0.5890625 0.44375 0.5890625 0.5609375 0.6875 0.5609375
9 0.384375 0.3609375 0.346875 0.3609375 0.34687500000000004 0.409375 0.3843750000000001 0.409375
9 0.31093750000000003 0.3390625 0.2609375 0.3390625 0.26093750000000004 0.4 0.3109375000000001 0.4
9 0.2609375000000001 0.396875 0.2171875000000001 0.396875 0.2171875000000001 0.453125 0.2609375000000001 0.453125