8 0.19687500000000005 0.2 0.16875000000000004 0.2 0.16875000000000004 0.2375 0.19687500000000005 0.2375
8 0.17031250000000003 0.2109375 0.15625000000000006 0.2109375 0.15625000000000006 0.24375 0.17031250000000003 0.24375
8 0.215625 0.2390625 0.19843750000000004 0.2390625 0.19843750000000004 0.25 0.215625 0.25
8 0.209375 0.25625 0.19687500000000005 0.25625 0.19687500000000005 0.2859375 0.209375 0.2859375
8 0.16093750000000004 0.3359375 0.13437500000000005 0.3359375 0.13437500000000005 0.359375 0.16093750000000004 0.359375
8 0.10156250000000004 0.41875 0.08593750000000004 0.41875 0.08593750000000006 0.4578125 0.10156250000000004 0.4578125
8 0.1859375 0.08593750000000003 0.171875 0.08593750000000003 0.171875 0.12343750000000002 0.1859375 0.12343750000000005
9 0.2140625 0.010937500000000024 0.178125 0.010937500000000022 0.178125 0.04687500000000002 0.2140625 0.04687500000000002
9 0.2828125 3.348643591418544e-17 0.2640625 3.2338329539984796e-17 0.2640625 0.007812500000000033 0.2828125 0.007812500000000033
9 0.4453125 0.04843750000000006 0.4203125 0.04843750000000006 0.4203125 0.11406250000000004 0.4453125 0.11406250000000004
9 0.41875 0.006250000000000047 0.3640625 0.006250000000000045 0.3640625 0.07343750000000004 0.41875 0.07343750000000004
9 0.6359375 0.09218750000000007 0.5984375 0.09218750000000006 0.5984375 0.1515625000000001 0.6359375 0.1515625000000001
9 0.2984375 0.2328125 0.2671875 0.2328125 0.2671875 0.2796875 0.2984375 0.2796875
9 0.2312500000000001 0.4125 0.16718750000000004 0.4125 0.16718750000000004 0.5046875 0.2312500000000001 0.5046875
9 0.43125 0.5296875 0.3296875000000001 0.5296875 0.3296875000000001 0.646875 0.43125 0.646875
9 0.4421875 0.6640625 0.415625 0.6640625 0.415625 0.70625 0.4421875 0.70625
9 0.3687500000000001 0.6375 0.3343750000000001 0.6375 0.3343750000000001 0.6875 0.3687500000000001 0.6875
7 0.2718750000000001 0.646875 0.2500000000000001 0.646875 0.2500000000000001 0.6671875 0.2718750000000001 0.6671875
8 0.3203125000000001 0.7625 0.2953125000000001 0.7625 0.2953125000000001 0.7765625 0.3203125000000001 0.7765625
9 0.2531250000000001 0.771875 0.2390625000000001 0.771875 0.2390625000000001 0.803125 0.2531250000000001 0.803125
8 0.2406250000000001 0.9125 0.2250000000000001 0.9125 0.2250000000000001 0.9484375 0.2406250000000001 0.9484375
8 0.19218750000000012 0.9921875 0.16562500000000013 0.9921875 0.16562500000000013 1 0.19218750000000012 1
9 0.36406250000000007 0.7796875 0.3421875000000001 0.7796875 0.3421875000000001 0.8390625 0.36406250000000007 0.8390625
9 0.3921875000000001 0.75625 0.35625000000000007 0.75625 0.35625000000000007 0.8296875 0.3921875000000001 0.8296875
9 0.46406250000000016 0.925 0.4000000000000002 0.925 0.4000000000000002 1 0.46406250000000016 1