7 0.05625000000000002 0.2171875 0.04687500000000002 0.2171875 0.04687500000000002 0.2265625 0.05625000000000002 0.2265625
8 0.051562500000000025 0.2390625 0.04531250000000003 0.2390625 0.04531250000000003 0.246875 0.051562500000000025 0.246875
7 0.05625000000000002 0.2359375 0.048437500000000036 0.2359375 0.048437500000000036 0.2453125 0.05625000000000002 0.2453125
8 0.06875000000000002 0.240625 0.06093750000000002 0.240625 0.06093750000000002 0.246875 0.06875000000000002 0.246875
7 0.06875000000000002 0.259375 0.05625000000000002 0.259375 0.05625000000000002 0.2671875 0.06875000000000002 0.2671875
7 0.06093750000000005 0.2890625 0.05625000000000004 0.2890625 0.05625000000000004 0.3 0.06093750000000005 0.3
8 0.18906250000000005 0.3015625 0.17968750000000006 0.3015625 0.17968750000000006 0.3125 0.18906250000000005 0.3125
8 0.2546875 0.296875 0.25 0.296875 0.25 0.30625 0.2546875 0.30625
8 0.2390625000000001 0.3734375 0.2296875000000001 0.3734375 0.2296875000000001 0.3828125 0.2390625000000001 0.3828125
8 0.18125000000000005 0.3421875 0.17187500000000006 0.3421875 0.17187500000000006 0.346875 0.18125000000000005 0.346875
9 0.16562500000000005 0.31875 0.15937500000000004 0.31875 0.15937500000000004 0.325 0.16562500000000005 0.325
8 0.16718750000000004 0.3625 0.15625000000000006 0.3625 0.15625000000000006 0.36875 0.16718750000000004 0.36875
8 0.31718750000000007 0.4671875 0.3062500000000001 0.4671875 0.3062500000000001 0.475 0.31718750000000007 0.475
8 0.4203125 0.509375 0.409375 0.509375 0.409375 0.5171875 0.4203125 0.5171875
7 0.3203125000000001 0.5265625 0.3078125000000001 0.5265625 0.3078125000000001 0.5375 0.3203125000000001 0.5375
7 0.2718750000000001 0.528125 0.2609375000000001 0.528125 0.2609375000000001 0.540625 0.2718750000000001 0.540625
8 0.2593750000000001 0.5296875 0.2468750000000001 0.5296875 0.2468750000000001 0.5359375 0.2593750000000001 0.5359375
8 0.25468750000000007 0.534375 0.2390625000000001 0.534375 0.2390625000000001 0.54375 0.25468750000000007 0.54375
8 0.3078125000000001 0.5828125 0.3000000000000001 0.5828125 0.3000000000000001 0.5921875 0.3078125000000001 0.5921875
8 0.29375000000000007 0.609375 0.2812500000000001 0.609375 0.2812500000000001 0.6171875 0.29375000000000007 0.6171875
8 0.2906250000000001 0.6140625 0.2765625000000001 0.6140625 0.2765625000000001 0.6234375 0.2906250000000001 0.6234375
7 0.2734375000000001 0.6109375 0.2609375000000001 0.6109375 0.2609375000000001 0.6234375 0.2734375000000001 0.6234375
8 0.2734375000000001 0.7140625 0.2671875000000001 0.7140625 0.2671875000000001 0.7328125 0.2734375000000001 0.7328125
7 0.3359375000000001 0.68125 0.3187500000000001 0.68125 0.3187500000000001 0.703125 0.3359375000000001 0.703125
8 0.3390625000000001 0.709375 0.32500000000000007 0.709375 0.32500000000000007 0.721875 0.3390625000000001 0.721875
8 0.4 0.653125 0.3812500000000001 0.653125 0.3812500000000001 0.665625 0.4 0.665625
7 0.428125 0.68125 0.4171875 0.68125 0.4171875 0.69375 0.428125 0.69375
8 0.490625 0.7078125 0.4703125 0.7078125 0.4703125 0.7203125 0.490625 0.7203125
8 0.4343750000000002 0.75625 0.42187500000000017 0.75625 0.42187500000000017 0.7703125 0.4343750000000002 0.7703125
8 0.42187500000000017 0.75 0.4125000000000002 0.75 0.4125000000000002 0.76875 0.42187500000000017 0.76875
8 0.41718750000000016 0.75 0.40625000000000017 0.75 0.40625000000000017 0.7765625 0.41718750000000016 0.7765625
8 0.3750000000000001 0.7796875 0.3609375000000001 0.7796875 0.3609375000000001 0.7890625 0.3750000000000001 0.7890625
8 0.3859375000000001 0.878125 0.36406250000000007 0.878125 0.36406250000000007 0.89375 0.3859375000000001 0.89375
7 0.3421875000000001 0.9203125 0.3156250000000001 0.9203125 0.3156250000000001 0.9515625 0.3421875000000001 0.9515625
8 0.47656250000000017 0.8828125 0.46093750000000017 0.8828125 0.46093750000000017 0.8921875 0.47656250000000017 0.8921875
8 0.49531250000000016 0.8484375 0.4812500000000002 0.8484375 0.4812500000000002 0.859375 0.49531250000000016 0.859375
8 0.5078125000000002 0.85 0.4968750000000002 0.85 0.4968750000000002 0.8625 0.5078125000000002 0.8625
8 0.4906250000000002 0.7859375 0.47656250000000017 0.7859375 0.47656250000000017 0.7984375 0.4906250000000002 0.7984375
8 0.4625000000000002 0.7796875 0.4515625000000002 0.7796875 0.4515625000000002 0.790625 0.4625000000000002 0.790625
8 0.4468750000000002 0.775 0.43750000000000017 0.775 0.43750000000000017 0.796875 0.4468750000000002 0.796875
8 0.4515625000000002 0.8046875 0.43750000000000017 0.8046875 0.43750000000000017 0.81875 0.4515625000000002 0.81875
8 0.5015625000000001 0.76875 0.48750000000000016 0.76875 0.48750000000000016 0.778125 0.5015625000000001 0.778125
8 0.5203125000000002 0.7515625 0.5062500000000002 0.7515625 0.5062500000000002 0.7609375 0.5203125000000002 0.7609375
8 0.5328125000000001 0.7515625 0.5203125000000002 0.7515625 0.5203125000000002 0.765625 0.5328125000000001 0.765625
8 0.5453125000000002 0.76875 0.5390625000000002 0.76875 0.5390625000000002 0.7828125 0.5453125000000002 0.7828125
8 0.5546875000000002 0.7875 0.5437500000000002 0.7875 0.5437500000000002 0.8 0.5546875000000002 0.8
8 0.5203125000000002 0.809375 0.5062500000000002 0.809375 0.5062500000000002 0.8203125 0.5203125000000002 0.8203125
8 0.4890625000000002 0.878125 0.47968750000000016 0.878125 0.47968750000000016 0.89375 0.4890625000000002 0.89375
8 0.5062500000000002 0.890625 0.4906250000000002 0.890625 0.4906250000000002 0.90625 0.5062500000000002 0.90625
8 0.5062500000000002 0.9234375 0.5000000000000002 0.9234375 0.5000000000000002 0.946875 0.5062500000000002 0.946875
8 0.4859375000000002 0.959375 0.4625000000000002 0.959375 0.4625000000000002 0.9796875 0.4859375000000002 0.9796875
7 0.5140625000000002 0.9921875 0.5015625000000001 0.9921875 0.5015625000000001 1 0.5140625000000002 1
8 0.5500000000000002 0.94375 0.5421875000000002 0.94375 0.5421875000000002 0.96875 0.5500000000000002 0.96875
8 0.5796875000000001 0.95 0.5656250000000002 0.95 0.5656250000000002 0.9625 0.5796875000000001 0.9625
8 0.6046875000000002 0.7921875 0.5921875000000002 0.7921875 0.5921875000000002 0.803125 0.6046875000000002 0.803125
8 0.44843750000000016 0.7984375 0.4281250000000002 0.7984375 0.4281250000000002 0.81875 0.44843750000000016 0.81875