17 0.6312500000000002 0.8953125 0.6031250000000001 0.8953125 0.6031250000000001 0.9765625 0.6312500000000002 0.9765625
17 0.6890625000000001 0.90625 0.6609375000000002 0.90625 0.6609375000000002 0.9875 0.6890625000000001 0.9875
17 0.7015625 0.3843750000000001 0.678125 0.3843750000000001 0.678125 0.41875 0.7015625 0.41875
17 0.4421875 0.4125 0.40625 0.4125 0.40625 0.50625 0.4421875 0.50625
17 0.671875 0.4640625 0.65 0.4640625 0.65 0.5078125 0.671875 0.5078125
17 0.6671875 0.5125 0.6578125 0.5125 0.6578125 0.54375 0.6671875 0.54375
17 0.5703125 0.5234375 0.509375 0.5234375 0.509375 0.56875 0.5703125 0.56875
17 0.646875 0.5203125 0.625 0.5203125 0.625 0.603125 0.646875 0.603125
17 0.6765625 0.5484375 0.659375 0.5484375 0.659375 0.628125 0.6765625 0.628125
17 0.6859375 0.6 0.66875 0.6 0.66875 0.6359375 0.6859375 0.6359375
17 0.546875 0.5875 0.525 0.5875 0.525 0.6625 0.546875 0.6625
17 0.490625 0.60625 0.4703125 0.60625 0.4703125 0.690625 0.490625 0.690625
17 0.5171875 0.61875 0.4890625 0.61875 0.4890625 0.6984375 0.5171875 0.6984375
17 0.5953125 0.65625 0.575 0.65625 0.575 0.690625 0.5953125 0.690625
17 0.5453125 0.6765625 0.51875 0.6765625 0.51875 0.709375 0.5453125 0.709375
17 0.58125 0.66875 0.5546875 0.66875 0.5546875000000001 0.746875 0.5812500000000002 0.746875
17 0.5375000000000002 0.78125 0.5125000000000002 0.78125 0.5125000000000002 0.8203125 0.5375000000000002 0.8203125
17 0.6703125000000002 0.78125 0.6515625000000002 0.78125 0.6515625000000002 0.86875 0.6703125000000002 0.86875
17 0.5921875000000002 0.8109375 0.5734375000000002 0.8109375 0.5734375000000002 0.8953125 0.5921875000000002 0.8953125
17 0.7250000000000002 0.884375 0.6953125000000002 0.884375 0.6953125000000002 0.9125 0.7250000000000002 0.9125
17 0.6609375000000002 0.8765625 0.6468750000000002 0.8765625 0.6468750000000002 0.9328125 0.6609375000000002 0.9328125