17 0.6218750000000002 0.890625 0.5906250000000002 0.890625 0.5906250000000002 0.9640625 0.6218750000000002 0.9640625
17 0.6765625000000002 0.8890625 0.6515625000000002 0.8890625 0.6515625000000002 0.9734375 0.6765625000000002 0.9734375
17 0.7140625 0.4109375 0.6828125 0.4109375 0.6828125 0.4515625 0.7140625 0.4515625
17 0.4375 0.4359375 0.409375 0.4359375 0.409375 0.525 0.4375 0.525
17 0.5640625 0.5453125 0.515625 0.5453125 0.515625 0.59375 0.5640625 0.59375
17 0.653125 0.534375 0.63125 0.534375 0.63125 0.6265625 0.653125 0.6265625
17 0.6875 0.5625 0.65625 0.5625 0.65625 0.6390625 0.6875 0.6390625
17 0.69375 0.615625 0.678125 0.615625 0.678125 0.6625 0.69375 0.6625
17 0.5546875 0.603125 0.5234375 0.603125 0.5234375 0.678125 0.5546875 0.678125
17 0.4953125 0.621875 0.475 0.621875 0.475 0.709375 0.4953125 0.709375
17 0.515625 0.634375 0.4890625 0.634375 0.4890625 0.71875 0.515625 0.71875
17 0.5984375 0.6734375 0.584375 0.6734375 0.584375 0.7078125 0.5984375 0.7078125
17 0.5468750000000001 0.6859375 0.51875 0.6859375 0.51875 0.728125 0.5468750000000002 0.728125
17 0.5828125000000001 0.675 0.559375 0.675 0.5593750000000001 0.75625 0.5828125000000002 0.75625
17 0.5343750000000002 0.7859375 0.5109375000000002 0.7859375 0.5109375000000002 0.828125 0.5343750000000002 0.828125
17 0.6687500000000002 0.7703125 0.6468750000000002 0.7703125 0.6468750000000002 0.85625 0.6687500000000002 0.85625
17 0.5828125000000002 0.809375 0.5656250000000002 0.809375 0.5656250000000002 0.89375 0.5828125000000002 0.89375
17 0.6531250000000002 0.8609375 0.6375000000000002 0.8609375 0.6375000000000002 0.90625 0.6531250000000002 0.90625
17 0.7265625000000002 0.8734375 0.6937500000000002 0.8734375 0.6937500000000002 0.89375 0.7265625000000002 0.89375