17 0.3515625 0.203125 0.3328125 0.203125 0.3328125 0.2296875 0.3515625 0.2296875
17 0.3484375 0.240625 0.303125 0.240625 0.303125 0.2875 0.3484375 0.2875
17 0.3171875 0.265625 0.303125 0.265625 0.303125 0.296875 0.3171875 0.296875
17 0.346875 0.29375 0.325 0.29375 0.325 0.31875 0.346875 0.31875
17 0.3546875 0.328125 0.303125 0.328125 0.303125 0.359375 0.3546875 0.359375
17 0.3921875 0.33281250000000007 0.365625 0.33281250000000007 0.36562500000000003 0.3671875000000001 0.3921875000000001 0.3671875000000001
17 0.37031250000000004 0.34687500000000004 0.3421875 0.346875 0.34218750000000003 0.4359375 0.3703125000000001 0.4359375
17 0.3453125000000001 0.36875 0.33281250000000007 0.36875 0.33281250000000007 0.41875 0.3453125000000001 0.41875
17 0.3062500000000001 0.3671875 0.2734375000000001 0.3671875 0.2734375000000001 0.45 0.3062500000000001 0.45
17 0.3421875000000001 0.3828125 0.3000000000000001 0.3828125 0.3000000000000001 0.4515625 0.3421875000000001 0.4515625
17 0.38750000000000007 0.4109375 0.37187500000000007 0.4109375 0.37187500000000007 0.4359375 0.38750000000000007 0.4359375
17 0.3687500000000001 0.4453125 0.34062500000000007 0.4453125 0.34062500000000007 0.48125 0.3687500000000001 0.48125
17 0.3468750000000001 0.45 0.3234375000000001 0.45 0.3234375000000001 0.534375 0.3468750000000001 0.534375
17 0.3750000000000001 0.4921875 0.3609375000000001 0.4921875 0.3609375000000001 0.5328125 0.3750000000000001 0.5328125
17 0.425 0.5328125 0.3734375000000001 0.5328125 0.3734375000000001 0.5671875 0.425 0.5671875
17 0.37187500000000007 0.5359375 0.3578125000000001 0.5359375 0.3578125000000001 0.6 0.37187500000000007 0.6
17 0.4359375 0.5703125 0.421875 0.5703125 0.421875 0.625 0.4359375 0.625
17 0.478125 0.596875 0.446875 0.596875 0.446875 0.621875 0.478125 0.621875
17 0.5171875 0.590625 0.46875 0.590625 0.46875 0.640625 0.5171875 0.640625
17 0.40625 0.5984375 0.3812500000000001 0.5984375 0.3812500000000001 0.6828125 0.40625 0.6828125
17 0.4625 0.634375 0.4296875 0.634375 0.4296875 0.7125 0.4625 0.7125