17 0.665625 0.3687500000000001 0.6421875 0.3687500000000001 0.6421875 0.4140625 0.665625 0.4140625
17 0.4234375 0.4140625 0.403125 0.4140625 0.403125 0.4984375 0.4234375 0.4984375
17 0.54375 0.5171875 0.4953125 0.5171875 0.4953125 0.559375 0.54375 0.559375
17 0.6265625 0.525 0.596875 0.525 0.596875 0.5734375 0.6265625 0.5734375
17 0.653125 0.5328125 0.63125 0.5328125 0.63125 0.6109375 0.653125 0.6109375
17 0.6640625 0.58125 0.65 0.58125 0.65 0.6 0.6640625 0.6
17 0.528125 0.565625 0.503125 0.565625 0.503125 0.640625 0.528125 0.640625
17 0.5015625 0.5984375 0.4671875 0.5984375 0.4671875 0.6703125 0.5015625 0.6703125
17 0.471875 0.590625 0.453125 0.590625 0.453125 0.678125 0.471875 0.678125
17 0.5703125 0.6484375 0.55625 0.6484375 0.55625 0.6734375 0.5703125 0.6734375
17 0.5234375 0.6578125 0.496875 0.6578125 0.496875 0.6921875 0.5234375 0.6921875
17 0.5593750000000001 0.6515625 0.5359375 0.6515625 0.5359375000000001 0.7296875 0.5593750000000002 0.7296875
17 0.5250000000000001 0.7640625 0.5015625000000001 0.7640625 0.5015625000000001 0.8046875 0.5250000000000001 0.8046875
17 0.6500000000000001 0.7765625 0.6250000000000002 0.7765625 0.6250000000000002 0.8609375 0.6500000000000001 0.8609375
17 0.5812500000000002 0.7984375 0.5640625000000001 0.7984375 0.5640625000000001 0.8828125 0.5812500000000002 0.8828125
17 0.7000000000000002 0.8515625 0.6718750000000002 0.8515625 0.6718750000000002 0.884375 0.7000000000000002 0.884375
17 0.6406250000000002 0.8625 0.6265625000000001 0.8625 0.6265625000000001 0.9171875 0.6406250000000002 0.9171875
17 0.6140625000000002 0.865625 0.5875000000000001 0.865625 0.5875000000000001 0.9515625 0.6140625000000002 0.9515625
17 0.6687500000000002 0.871875 0.6406250000000002 0.871875 0.6406250000000002 0.9546875 0.6687500000000002 0.9546875