17 0.7421875000000002 0.940625 0.7109375000000002 0.940625 0.7109375000000002 0.9703125 0.7421875000000002 0.9703125
17 0.6390625000000002 0.9453125 0.6046875000000002 0.9453125 0.6046875000000002 1 0.6390625000000002 1
17 0.6843750000000002 0.959375 0.6546875000000002 0.959375 0.6546875000000002 1 0.6843750000000002 1
17 0.4359375 0.4671875 0.409375 0.4671875 0.409375 0.5609375 0.4359375 0.5609375
17 0.721875 0.5265625 0.7015625 0.5265625 0.7015625 0.565625 0.721875 0.565625
17 0.578125 0.5796875 0.5265625 0.5796875 0.5265625 0.615625 0.578125 0.615625
17 0.6828125 0.565625 0.65625 0.565625 0.65625 0.6453125 0.6828125 0.6453125
17 0.7171875 0.59375 0.68125 0.59375 0.68125 0.6640625 0.7171875 0.6640625
17 0.5921875 0.6515625 0.5453125 0.6515625 0.5453125 0.69375 0.5921875 0.69375
17 0.5156250000000001 0.646875 0.490625 0.646875 0.4906250000000001 0.7328125 0.5156250000000002 0.7328125
17 0.5359375000000001 0.659375 0.5078125 0.659375 0.5078125000000001 0.746875 0.5359375000000002 0.746875
17 0.5718750000000001 0.728125 0.5437500000000002 0.728125 0.5437500000000002 0.7703125 0.5718750000000001 0.7703125
17 0.6093750000000001 0.7109375 0.5859375 0.7109375 0.5859375000000001 0.7953125 0.6093750000000002 0.7953125
17 0.5531250000000002 0.8125 0.5312500000000002 0.8125 0.5312500000000002 0.859375 0.5531250000000002 0.859375
17 0.6906250000000002 0.8046875 0.6718750000000002 0.8046875 0.6718750000000002 0.89375 0.6906250000000002 0.89375
17 0.6015625000000002 0.8390625 0.5828125000000002 0.8390625 0.5828125000000002 0.925 0.6015625000000002 0.925
17 0.6812500000000001 0.903125 0.6578125000000001 0.903125 0.6578125000000001 0.95 0.6812500000000001 0.95