17 0.2750000000000001 0.409375 0.2562500000000001 0.409375 0.2562500000000001 0.4859375 0.2750000000000001 0.4859375
17 0.7609375 0.4421875000000002 0.74375 0.4421875000000002 0.74375 0.4812500000000002 0.7609375 0.4812500000000002
17 0.64375 0.4671875 0.628125 0.4671875 0.628125 0.53125 0.64375 0.53125
17 0.696875 0.4828125 0.6828125 0.4828125 0.6828125 0.525 0.696875 0.525
17 0.478125 0.4890625 0.45 0.4890625 0.45 0.5546875 0.478125 0.5546875
17 0.6328125 0.5109375 0.61875 0.5109375 0.61875 0.5453125 0.6328125 0.5453125
17 0.6734375 0.54375 0.65 0.54375 0.65 0.5734375 0.6734375 0.5734375
17 0.4203125 0.5203125 0.4015625 0.5203125 0.4015625 0.6 0.4203125 0.6
17 0.5484375 0.5578125 0.5078125 0.5578125 0.5078125 0.5953125 0.5484375 0.5953125
17 0.4734375 0.5703125 0.4328125 0.5703125 0.4328125 0.6171875 0.4734375 0.6171875
17 0.6015625 0.590625 0.5921875 0.590625 0.5921875 0.6203125 0.6015625 0.6203125
17 0.5640625 0.6515625 0.525 0.6515625 0.525 0.6953125 0.5640625 0.6953125
17 0.515625 0.6625 0.496875 0.6625 0.496875 0.7015625 0.515625 0.7015625
17 0.47343750000000007 0.678125 0.4515625 0.678125 0.4515625000000001 0.75 0.4734375000000002 0.75
17 0.5984375000000001 0.6984375 0.56875 0.6984375 0.5687500000000001 0.7625 0.5984375000000002 0.7625
17 0.4609375000000001 0.725 0.446875 0.725 0.4468750000000001 0.76875 0.46093750000000017 0.76875
17 0.5734375000000002 0.7765625 0.5609375000000002 0.7765625 0.5609375000000002 0.81875 0.5734375000000002 0.81875
17 0.4906250000000002 0.8703125 0.4593750000000002 0.8703125 0.4593750000000002 0.9359375 0.4906250000000002 0.9359375
17 0.5437500000000002 0.8734375 0.5125000000000002 0.8734375 0.5125000000000002 0.934375 0.5437500000000002 0.934375
17 0.5921875000000002 0.903125 0.5671875000000002 0.903125 0.5671875000000002 0.925 0.5921875000000002 0.925