17 0.3140625 0.17656250000000004 0.290625 0.17656250000000004 0.290625 0.2015625 0.3140625 0.2015625
17 0.30625 0.2171875 0.2609375 0.2171875 0.2609375 0.2609375 0.30625 0.2609375
17 0.2734375 0.2546875 0.259375 0.2546875 0.259375 0.278125 0.2734375 0.278125
17 0.3078125 0.275 0.2890625 0.275 0.2890625 0.2953125 0.3078125 0.2953125
17 0.315625 0.3078125 0.2671875 0.3078125 0.2671875 0.3390625 0.315625 0.3390625
17 0.36875 0.30937500000000007 0.328125 0.309375 0.328125 0.35468750000000004 0.36875 0.3546875000000001
17 0.34062500000000007 0.3265625 0.3140625 0.3265625 0.3140625 0.40625 0.34062500000000007 0.40625
17 0.31250000000000006 0.353125 0.3 0.353125 0.30000000000000004 0.4 0.3125000000000001 0.4
17 0.26875000000000004 0.3515625 0.234375 0.3515625 0.23437500000000006 0.4265625 0.2687500000000001 0.4265625
17 0.3062500000000001 0.3640625 0.2656250000000001 0.3640625 0.2656250000000001 0.4328125 0.3062500000000001 0.4328125
17 0.3578125000000001 0.3984375 0.3421875000000001 0.3984375 0.3421875000000001 0.4203125 0.3578125000000001 0.4203125
17 0.33281250000000007 0.428125 0.3125000000000001 0.428125 0.3125000000000001 0.4640625 0.33281250000000007 0.4640625
17 0.3109375000000001 0.4421875 0.2875000000000001 0.4421875 0.2875000000000001 0.5203125 0.3109375000000001 0.5203125
17 0.3468750000000001 0.4796875 0.3265625000000001 0.4796875 0.3265625000000001 0.51875 0.3468750000000001 0.51875
17 0.39531250000000007 0.5140625 0.3468750000000001 0.5140625 0.3468750000000001 0.5484375 0.39531250000000007 0.5484375
17 0.3390625000000001 0.528125 0.3265625000000001 0.528125 0.3265625000000001 0.578125 0.3390625000000001 0.578125
17 0.4078125 0.55625 0.39531250000000007 0.55625 0.39531250000000007 0.60625 0.4078125 0.60625
17 0.45 0.584375 0.421875 0.584375 0.421875 0.6140625 0.45 0.6140625
17 0.490625 0.5796875 0.446875 0.5796875 0.446875 0.6234375 0.490625 0.6234375
17 0.3765625000000001 0.584375 0.3500000000000001 0.584375 0.3500000000000001 0.6640625 0.3765625000000001 0.6640625
17 0.4390625 0.6265625 0.4078125 0.6265625 0.4078125 0.70625 0.4390625 0.70625