17 0.6781250000000002 0.8890625 0.6515625000000002 0.8890625 0.6515625000000002 0.9640625 0.6781250000000002 0.9640625
17 0.6875 0.3890625000000001 0.6703125 0.3890625000000001 0.6703125 0.41875 0.6875 0.41875
17 0.4359375 0.4203125 0.4140625 0.4203125 0.4140625 0.5015625 0.4359375 0.5015625
17 0.6625 0.4734375 0.6453125 0.4734375 0.6453125 0.4984375 0.6625 0.4984375
17 0.5578125 0.528125 0.5125 0.528125 0.5125 0.5671875 0.5578125 0.5671875
17 0.6421875 0.5265625 0.6203125 0.5265625 0.6203125 0.603125 0.6421875 0.603125
17 0.6734375 0.546875 0.653125 0.546875 0.653125 0.6265625 0.6734375 0.6265625
17 0.68125 0.603125 0.6640625 0.603125 0.6640625 0.625 0.68125 0.625
17 0.540625 0.5828125 0.5234375 0.5828125 0.5234375 0.6609375 0.540625 0.6609375
17 0.4875 0.60625 0.471875 0.60625 0.471875 0.6875 0.4875 0.6875
17 0.515625 0.6125 0.4859375 0.6125 0.4859375 0.690625 0.515625 0.690625
17 0.5921875 0.6640625 0.5734375 0.6640625 0.5734375 0.6859375 0.5921875 0.6859375
17 0.5421875 0.66875 0.5171875 0.66875 0.5171875 0.7078125 0.5421875 0.7078125
17 0.5781250000000001 0.665625 0.55625 0.665625 0.5562500000000001 0.7453125 0.5781250000000002 0.7453125
17 0.5390625000000002 0.7703125 0.5156250000000002 0.7703125 0.5156250000000002 0.8109375 0.5390625000000002 0.8109375
17 0.6656250000000001 0.775 0.6437500000000002 0.775 0.6437500000000002 0.85625 0.6656250000000001 0.85625
17 0.5921875000000002 0.8015625 0.5750000000000002 0.8015625 0.5750000000000002 0.8859375 0.5921875000000002 0.8859375
17 0.7156250000000002 0.8671875 0.6875000000000002 0.8671875 0.6875000000000002 0.8890625 0.7156250000000002 0.8890625
17 0.6531250000000002 0.8640625 0.6390625000000002 0.8640625 0.6390625000000002 0.9140625 0.6531250000000002 0.9140625
17 0.6234375000000002 0.8828125 0.6015625000000002 0.8828125 0.6015625000000002 0.9625 0.6234375000000002 0.9625