17 0.38125 0.20937500000000003 0.35625 0.209375 0.35625 0.24687500000000004 0.38125 0.2468750000000001
17 0.378125 0.25468750000000007 0.33125 0.2546875 0.33125 0.30312500000000003 0.378125 0.3031250000000001
17 0.3484375 0.284375 0.325 0.284375 0.325 0.309375 0.3484375 0.309375
17 0.3796875 0.31562500000000004 0.3484375 0.315625 0.3484375 0.34062500000000007 0.3796875 0.34062500000000007
17 0.37968750000000007 0.3453125 0.3296875 0.3453125 0.3296875 0.38125000000000003 0.37968750000000007 0.3812500000000001
17 0.4203125 0.3453125000000001 0.4015625 0.3453125000000001 0.4015625 0.3984375000000001 0.4203125 0.3984375000000001
17 0.4 0.3750000000000001 0.3687500000000001 0.3750000000000001 0.3687500000000001 0.459375 0.4 0.459375
17 0.3750000000000001 0.39687500000000003 0.3593750000000001 0.396875 0.3593750000000001 0.446875 0.3750000000000001 0.446875
17 0.3296875000000001 0.3875 0.30156250000000007 0.3875 0.30156250000000007 0.4703125 0.3296875000000001 0.4703125
17 0.3656250000000001 0.403125 0.3281250000000001 0.403125 0.3281250000000001 0.478125 0.3656250000000001 0.478125
17 0.4 0.4609375 0.36406250000000007 0.4609375 0.36406250000000007 0.5234375 0.4 0.5234375
17 0.3765625000000001 0.4796875 0.3515625000000001 0.4796875 0.3515625000000001 0.5640625 0.3765625000000001 0.5640625
17 0.40625 0.525 0.38750000000000007 0.525 0.38750000000000007 0.55625 0.40625 0.55625
17 0.453125 0.5671875 0.403125 0.5671875 0.403125 0.6078125 0.453125 0.6078125
17 0.403125 0.571875 0.38750000000000007 0.571875 0.38750000000000007 0.6265625 0.403125 0.6265625
17 0.465625 0.609375 0.4484375 0.609375 0.4484375 0.665625 0.465625 0.665625
17 0.5109375 0.634375 0.4796875 0.634375 0.4796875 0.665625 0.5109375 0.665625
17 0.5515625 0.6296875 0.503125 0.6296875 0.503125 0.684375 0.5515625 0.684375
17 0.440625 0.6328125 0.4140625 0.6328125 0.4140625 0.721875 0.440625 0.721875
17 0.49687500000000007 0.671875 0.459375 0.671875 0.4593750000000001 0.7515625 0.4968750000000002 0.7515625