17 0.6859375000000002 0.9296875 0.6593750000000002 0.9296875 0.6593750000000002 0.9828125 0.6859375000000002 0.9828125
17 0.759375 0.4937500000000002 0.740625 0.4937500000000002 0.740625 0.5406250000000001 0.759375 0.5406250000000001
17 0.446875 0.4984375 0.40625 0.4984375 0.40625 0.5953125 0.446875 0.5953125
17 0.728125 0.6078125000000001 0.7125 0.6078125 0.7125 0.6328125000000001 0.728125 0.6328125000000002
17 0.578125 0.596875 0.534375 0.596875 0.534375 0.6609375 0.578125 0.6609375
17 0.6953125 0.6078125 0.66875 0.6078125 0.66875 0.6828125 0.6953125 0.6828125
17 0.7296875 0.6375000000000001 0.684375 0.6375 0.684375 0.7140625 0.7296875 0.7140625000000002
17 0.6078125 0.6921875 0.5609375 0.6921875 0.5609375 0.7234375 0.6078125 0.7234375
17 0.7421875000000001 0.6937500000000001 0.7125 0.69375 0.7125000000000001 0.7406250000000001 0.7421875000000002 0.7406250000000002
17 0.5265625 0.6703125 0.5046875 0.6703125 0.5046875000000001 0.765625 0.5265625000000002 0.765625
17 0.5437500000000001 0.6890625 0.521875 0.6890625 0.5218750000000001 0.7765625 0.5437500000000002 0.7765625
17 0.6390625000000001 0.7234375 0.6203125 0.7234375 0.6203125 0.7796875 0.6390625000000002 0.7796875
17 0.5812500000000002 0.7625 0.5531250000000002 0.7625 0.5531250000000002 0.815625 0.5812500000000002 0.815625
17 0.6218750000000002 0.74375 0.5937500000000002 0.74375 0.5937500000000002 0.834375 0.6218750000000002 0.834375
17 0.5609375000000002 0.8484375 0.5359375000000002 0.8484375 0.5359375000000002 0.9015625 0.5609375000000002 0.9015625
17 0.7031250000000002 0.8265625 0.6703125000000002 0.8265625 0.6703125000000002 0.928125 0.7031250000000002 0.928125
17 0.6000000000000002 0.8671875 0.5781250000000002 0.8671875 0.5781250000000002 0.95625 0.6000000000000002 0.95625