17 0.6000000000000002 0.890625 0.5796875000000001 0.890625 0.5796875000000001 0.9859375 0.6000000000000002 0.9859375
17 0.6937500000000002 0.953125 0.6593750000000002 0.953125 0.6593750000000002 1 0.6937500000000002 1
17 0.7703125 0.5046875000000002 0.7484375 0.5046875000000002 0.7484375 0.5546875000000002 0.7703125 0.5546875000000002
17 0.4328125 0.5171875 0.3937500000000001 0.5171875 0.3937500000000001 0.5953125 0.4328125 0.5953125
17 0.75 0.5718750000000001 0.7328125 0.5718750000000001 0.7328125 0.6156250000000002 0.75 0.6156250000000002
17 0.7390625 0.6078125000000001 0.71875 0.6078125 0.71875 0.6578125000000001 0.7390625 0.6578125000000001
17 0.584375 0.61875 0.5390625 0.61875 0.5390625 0.6875 0.584375 0.6875
17 0.7046875 0.621875 0.665625 0.621875 0.665625 0.690625 0.7046875 0.690625
17 0.73125 0.6531250000000001 0.6890625 0.653125 0.6890625 0.721875 0.73125 0.7218750000000002
17 0.6109375000000001 0.7 0.5609375 0.7 0.5609375000000001 0.75 0.6109375000000001 0.75
17 0.7500000000000001 0.7093750000000001 0.7234375 0.709375 0.7234375000000001 0.7562500000000001 0.7500000000000002 0.7562500000000002
17 0.534375 0.696875 0.5125 0.696875 0.5125000000000001 0.79375 0.5343750000000002 0.79375
17 0.55 0.7109375 0.5265625 0.7109375 0.5265625 0.8 0.5500000000000002 0.8
17 0.6406250000000002 0.7484375 0.6187500000000001 0.7484375 0.6187500000000001 0.7984375 0.6406250000000002 0.7984375
17 0.5812500000000002 0.7875 0.5578125000000002 0.7875 0.5578125000000002 0.84375 0.5812500000000002 0.84375
17 0.6218750000000002 0.771875 0.5937500000000002 0.771875 0.5937500000000002 0.8625 0.6218750000000002 0.8625
17 0.7046875000000001 0.8546875 0.6718750000000002 0.8546875 0.6718750000000002 0.946875 0.7046875000000001 0.946875
17 0.5687500000000002 0.8703125 0.5437500000000002 0.8703125 0.5437500000000002 0.9328125 0.5687500000000002 0.9328125