17 0.5625 0.425 0.540625 0.425 0.540625 0.453125 0.5625 0.453125
17 0.5125 0.4359375 0.490625 0.4359375 0.490625 0.4765625 0.5125 0.4765625
17 0.565625 0.45625 0.5234375 0.45625 0.5234375 0.503125 0.565625 0.503125
17 0.53125 0.4875 0.5140625 0.4875 0.5140625 0.5265625 0.53125 0.5265625
17 0.4390625 0.4796875 0.4203125 0.4796875 0.4203125 0.5671875 0.4390625 0.5671875
17 0.5203125 0.515625 0.471875 0.515625 0.471875 0.5609375 0.5203125 0.5609375
17 0.540625 0.5390625 0.5015625 0.5390625 0.5015625 0.6 0.540625 0.6
17 0.5515625 0.5703125 0.525 0.5703125 0.525 0.596875 0.5515625 0.596875
17 0.5171875 0.5890625 0.471875 0.5890625 0.471875 0.640625 0.5171875 0.640625
17 0.465625 0.58125 0.4375 0.58125 0.4375 0.6671875 0.465625 0.6671875
17 0.4796875 0.6171875 0.453125 0.6171875 0.453125 0.640625 0.4796875 0.640625
17 0.534375 0.6171875 0.5125 0.6171875 0.5125 0.6609375 0.534375 0.6609375
17 0.51875 0.634375 0.484375 0.634375 0.484375 0.7 0.51875 0.7
17 0.5375 0.6453125 0.5234375 0.6453125 0.5234375 0.690625 0.5375 0.690625
17 0.5203125000000002 0.7703125 0.5015625000000001 0.7703125 0.5015625000000001 0.81875 0.5203125000000002 0.81875
17 0.5953125000000001 0.7640625 0.5671875000000002 0.7640625 0.5671875000000002 0.8453125 0.5953125000000001 0.8453125
17 0.6140625000000002 0.8078125 0.6015625000000002 0.8078125 0.6015625000000002 0.859375 0.6140625000000002 0.859375
17 0.6468750000000002 0.8140625 0.6234375000000002 0.8140625 0.6234375000000002 0.8546875 0.6468750000000002 0.8546875
17 0.5703125000000002 0.828125 0.5484375000000001 0.828125 0.5484375000000001 0.9125 0.5703125000000002 0.9125
17 0.6156250000000002 0.846875 0.5718750000000001 0.846875 0.5718750000000001 0.903125 0.6156250000000002 0.903125
17 0.6921875000000002 0.8546875 0.6515625000000002 0.8546875 0.6515625000000002 0.9109375 0.6921875000000002 0.9109375