17 0.5484375 0.3781250000000001 0.5265625 0.3781250000000001 0.5265625 0.421875 0.5484375 0.421875
17 0.509375 0.3843750000000001 0.496875 0.3843750000000001 0.496875 0.434375 0.509375 0.434375
17 0.5265625 0.4265625 0.515625 0.4265625 0.515625 0.4765625 0.5265625 0.4765625
17 0.53125 0.4671875 0.490625 0.4671875 0.490625 0.525 0.53125 0.525
17 0.459375 0.471875 0.440625 0.471875 0.440625 0.55625 0.459375 0.55625
17 0.55625 0.484375 0.5234375 0.484375 0.5234375 0.553125 0.55625 0.553125
17 0.5578125 0.525 0.5390625 0.525 0.5390625 0.5515625 0.5578125 0.5515625
17 0.5390625 0.5265625 0.4984375 0.5265625 0.4984375 0.58125 0.5390625 0.58125
17 0.49375 0.5390625 0.4578125 0.5390625 0.4578125 0.609375 0.49375 0.609375
17 0.5046875 0.559375 0.478125 0.559375 0.478125 0.5890625 0.5046875 0.5890625
17 0.5484375 0.5921875 0.5109375 0.5921875 0.5109375 0.640625 0.5484375 0.640625
17 0.5171875 0.596875 0.49375 0.596875 0.49375 0.6734375 0.5171875 0.6734375
17 0.55625 0.6296875 0.53125 0.6296875 0.53125 0.6515625 0.55625 0.6515625
17 0.5390625000000001 0.725 0.5171875 0.725 0.5171875000000001 0.7703125 0.5390625000000002 0.7703125
17 0.596875 0.7234375 0.5578125 0.7234375 0.5578125 0.7875 0.5968750000000002 0.7875
17 0.6062500000000002 0.7625 0.5921875000000002 0.7625 0.5921875000000002 0.8125 0.6062500000000002 0.8125
17 0.6531250000000002 0.7890625 0.6281250000000002 0.7890625 0.6281250000000002 0.8234375 0.6531250000000002 0.8234375
17 0.6828125000000002 0.8 0.6500000000000001 0.8 0.6500000000000001 0.865625 0.6828125000000002 0.865625
17 0.5734375000000002 0.8 0.5562500000000001 0.8 0.5562500000000001 0.88125 0.5734375000000002 0.88125
17 0.6218750000000002 0.8109375 0.5890625000000002 0.8109375 0.5890625000000002 0.88125 0.6218750000000002 0.88125