17 0.3078125 0.15312500000000004 0.2859375 0.15312500000000004 0.2859375 0.17500000000000004 0.3078125 0.17500000000000004
17 0.3046875 0.19375000000000003 0.25625 0.19375000000000003 0.25625 0.2328125 0.3046875 0.2328125
17 0.2734375 0.2359375 0.25625 0.2359375 0.25625 0.259375 0.2734375 0.259375
17 0.3 0.2515625 0.2828125 0.2515625 0.2828125 0.271875 0.3 0.271875
17 0.3109375 0.28125 0.259375 0.28125 0.259375 0.3171875 0.3109375 0.3171875
17 0.3546875 0.284375 0.3203125 0.284375 0.3203125 0.3296875 0.3546875 0.3296875
17 0.3296875 0.29375 0.303125 0.29375 0.30312500000000003 0.378125 0.3296875000000001 0.378125
17 0.30625 0.31875 0.2921875 0.31875 0.29218750000000004 0.36875 0.3062500000000001 0.36875
17 0.26875000000000004 0.33125 0.234375 0.33125 0.23437500000000006 0.4078125 0.2687500000000001 0.4078125
17 0.30468750000000006 0.3390625 0.2625 0.3390625 0.26250000000000007 0.409375 0.3046875000000001 0.409375
17 0.3453125000000001 0.3734375 0.3281250000000001 0.3734375 0.3281250000000001 0.3953125 0.3453125000000001 0.3953125
17 0.3234375000000001 0.4 0.3000000000000001 0.4 0.3000000000000001 0.4453125 0.3234375000000001 0.4453125
17 0.3031250000000001 0.41875 0.27812500000000007 0.41875 0.27812500000000007 0.4984375 0.3031250000000001 0.4984375
17 0.3390625000000001 0.4609375 0.3140625000000001 0.4609375 0.3140625000000001 0.4921875 0.3390625000000001 0.4921875
17 0.3859375000000001 0.484375 0.3375000000000001 0.484375 0.3375000000000001 0.525 0.3859375000000001 0.525
17 0.3343750000000001 0.503125 0.3187500000000001 0.503125 0.3187500000000001 0.5515625 0.3343750000000001 0.5515625
17 0.39531250000000007 0.53125 0.3812500000000001 0.53125 0.3812500000000001 0.5828125 0.39531250000000007 0.5828125
17 0.48125 0.5578125 0.434375 0.5578125 0.434375 0.603125 0.48125 0.603125
17 0.4359375 0.5640625 0.4078125 0.5640625 0.4078125 0.5984375 0.4359375 0.5984375
17 0.3687500000000001 0.5578125 0.3390625000000001 0.5578125 0.3390625000000001 0.6359375 0.3687500000000001 0.6359375
17 0.4296875 0.6046875 0.3984375000000001 0.6046875 0.3984375000000001 0.6859375 0.4296875 0.6859375