17 0.678125 0.36406250000000007 0.65625 0.36406250000000007 0.65625 0.4078125 0.678125 0.4078125
17 0.428125 0.3984375000000001 0.40625 0.3984375000000001 0.40625 0.4828125 0.428125 0.4828125
17 0.5515625 0.50625 0.5046875 0.50625 0.5046875 0.55 0.5515625 0.55
17 0.6265625 0.5109375 0.6078125 0.5109375 0.6078125 0.571875 0.6265625 0.571875
17 0.6640625 0.521875 0.640625 0.521875 0.640625 0.6015625 0.6640625 0.6015625
17 0.534375 0.5546875 0.5125 0.5546875 0.5125 0.6375 0.534375 0.6375
17 0.48125 0.58125 0.4609375 0.58125 0.4609375 0.6703125 0.48125 0.6703125
17 0.509375 0.5875 0.475 0.5875 0.475 0.665625 0.509375 0.665625
17 0.58125 0.63125 0.5671875 0.63125 0.5671875 0.66875 0.58125 0.66875
17 0.53125 0.64375 0.5046875 0.64375 0.5046875 0.684375 0.53125 0.684375
17 0.5703125 0.640625 0.546875 0.640625 0.546875 0.721875 0.5703125 0.721875
17 0.5312500000000002 0.75 0.5046875000000002 0.75 0.5046875000000002 0.7921875 0.5312500000000002 0.7921875
17 0.6578125000000001 0.7609375 0.6328125000000002 0.7609375 0.6328125000000002 0.846875 0.6578125000000001 0.846875
17 0.5890625000000002 0.784375 0.5687500000000002 0.784375 0.5687500000000002 0.8703125 0.5890625000000002 0.8703125
17 0.7046875000000001 0.8453125 0.6734375000000001 0.8453125 0.6734375000000001 0.875 0.7046875000000001 0.875
17 0.6468750000000002 0.846875 0.6328125000000002 0.846875 0.6328125000000002 0.9015625 0.6468750000000002 0.9015625
17 0.6187500000000001 0.859375 0.5937500000000002 0.859375 0.5937500000000002 0.9453125 0.6187500000000001 0.9453125
17 0.6718750000000002 0.8640625 0.6437500000000002 0.8640625 0.6437500000000002 0.94375 0.6718750000000002 0.94375