17 0.49218750000000017 0.8953125 0.4578125000000002 0.8953125 0.4578125000000002 0.96875 0.49218750000000017 0.96875
17 0.5453125000000002 0.90625 0.5109375000000002 0.90625 0.5109375000000002 0.971875 0.5453125000000002 0.971875
17 0.5890625000000002 0.934375 0.5609375000000002 0.934375 0.5609375000000002 0.959375 0.5890625000000002 0.959375
17 0.709375 0.4328125 0.6921875 0.4328125 0.6921875 0.4609375 0.709375 0.4609375
17 0.30937500000000007 0.421875 0.2796875000000001 0.421875 0.2796875000000001 0.50625 0.30937500000000007 0.50625
17 0.7578125 0.4468750000000002 0.7375 0.4468750000000002 0.7375 0.4890625000000002 0.7578125 0.4890625000000002
17 0.7 0.49375 0.678125 0.49375 0.678125 0.525 0.7 0.525
17 0.640625 0.4703125 0.6234375 0.4703125 0.6234375 0.5484375 0.640625 0.5484375
17 0.48125 0.4796875 0.440625 0.4796875 0.440625 0.571875 0.48125 0.571875
17 0.63125 0.503125 0.6125 0.503125 0.6125 0.575 0.63125 0.575
17 0.6765625 0.553125 0.6515625 0.553125 0.6515625 0.5859375 0.6765625 0.5859375
17 0.428125 0.51875 0.4015625 0.51875 0.4015625 0.625 0.428125 0.625
17 0.5390625 0.5625 0.496875 0.5625 0.496875 0.6046875 0.5390625 0.6046875
17 0.478125 0.5796875 0.4265625 0.5796875 0.4265625 0.64375 0.478125 0.64375
17 0.6 0.59375 0.5796875 0.59375 0.5796875 0.634375 0.6 0.634375
17 0.55625 0.665625 0.515625 0.665625 0.515625 0.7140625 0.55625 0.7140625
17 0.509375 0.6765625 0.4890625 0.6765625 0.4890625 0.7171875 0.509375 0.7171875
17 0.4718750000000001 0.6796875 0.44375 0.6796875 0.4437500000000001 0.7734375 0.47187500000000016 0.7734375
17 0.5984375000000001 0.7015625 0.559375 0.7015625 0.5593750000000001 0.7921875 0.5984375000000002 0.7921875
17 0.45625000000000016 0.7453125 0.4312500000000002 0.7453125 0.4312500000000002 0.79375 0.45625000000000016 0.79375
17 0.5734375000000002 0.8015625 0.5515625000000002 0.8015625 0.5515625000000002 0.8484375 0.5734375000000002 0.8484375