17 0.58125 0.4265625 0.553125 0.4265625 0.553125 0.446875 0.58125 0.446875
17 0.5265625 0.4359375 0.509375 0.4359375 0.509375 0.4921875 0.5265625 0.4921875
17 0.5890625 0.446875 0.5390625 0.446875 0.5390625 0.496875 0.5890625 0.496875
17 0.540625 0.515625 0.49375 0.515625 0.49375 0.5578125 0.540625 0.5578125
17 0.465625 0.4921875 0.4453125 0.4921875 0.4453125 0.5828125 0.465625 0.5828125
17 0.56875 0.5328125 0.525 0.5328125 0.525 0.5921875 0.56875 0.5921875
17 0.571875 0.56875 0.55625 0.56875 0.55625 0.5953125 0.571875 0.5953125
17 0.5453125 0.5875 0.4953125 0.5875 0.4953125 0.6375 0.5453125 0.6375
17 0.490625 0.5765625 0.453125 0.5765625 0.453125 0.6625 0.490625 0.6625
17 0.5046875 0.609375 0.478125 0.609375 0.478125 0.640625 0.5046875 0.640625
17 0.5609375 0.6234375 0.528125 0.6234375 0.528125 0.659375 0.5609375 0.659375
17 0.540625 0.634375 0.50625 0.634375 0.50625 0.7046875 0.540625 0.7046875
17 0.5625 0.6609375 0.546875 0.6609375 0.546875 0.690625 0.5625 0.690625
17 0.5484375000000001 0.7671875 0.5265625000000002 0.7671875 0.5265625000000002 0.8203125 0.5484375000000001 0.8203125
17 0.6140625000000002 0.7609375 0.5875000000000001 0.7609375 0.5875000000000001 0.8515625 0.6140625000000002 0.8515625
17 0.6359375000000002 0.803125 0.6125000000000002 0.803125 0.6125000000000002 0.8609375 0.6359375000000002 0.8609375
17 0.6671875000000002 0.828125 0.6406250000000002 0.828125 0.6406250000000002 0.8734375 0.6671875000000002 0.8734375
17 0.5921875000000002 0.834375 0.5703125000000002 0.834375 0.5703125000000002 0.9265625 0.5921875000000002 0.9265625
17 0.6406250000000002 0.853125 0.5937500000000002 0.853125 0.5937500000000002 0.921875 0.6406250000000002 0.921875
17 0.7015625000000002 0.8640625 0.6625000000000002 0.8640625 0.6625000000000002 0.9390625 0.7015625000000002 0.9390625