17 0.5296875 0.28593750000000007 0.5078125 0.28593750000000007 0.5078125 0.3218750000000001 0.5296875 0.3218750000000001
17 0.528125 0.3296875000000001 0.503125 0.3296875000000001 0.503125 0.3843750000000001 0.528125 0.3843750000000001
17 0.4890625 0.3390625000000001 0.475 0.3390625000000001 0.475 0.3890625000000001 0.4890625 0.3890625000000001
17 0.5078125 0.3828125000000001 0.496875 0.3828125000000001 0.496875 0.4296875 0.5078125 0.4296875
17 0.5171875 0.421875 0.4734375 0.421875 0.4734375 0.4765625 0.5171875 0.4765625
17 0.5484375 0.4375 0.5171875 0.4375 0.5171875 0.5046875 0.5484375 0.5046875
17 0.446875 0.4375 0.4296875 0.4375 0.4296875 0.5203125 0.446875 0.5203125
17 0.528125 0.471875 0.4875 0.471875 0.4875 0.5359375 0.528125 0.5359375
17 0.55 0.496875 0.5328125 0.496875 0.5328125 0.51875 0.55 0.51875
17 0.4953125 0.503125 0.4703125 0.503125 0.4703125 0.534375 0.4953125 0.534375
17 0.4796875 0.484375 0.44375 0.484375 0.44375 0.5546875 0.4796875 0.5546875
17 0.540625 0.546875 0.5015625 0.546875 0.5015625 0.6015625 0.540625 0.6015625
17 0.5046875 0.5515625 0.4828125 0.5515625 0.4828125 0.63125 0.5046875 0.63125
17 0.5421875 0.5796875 0.521875 0.5796875 0.521875 0.615625 0.5421875 0.615625
17 0.5296875 0.6828125 0.50625 0.6828125 0.50625 0.7234375 0.5296875 0.7234375
17 0.5906250000000001 0.6796875 0.5453125 0.6796875 0.5453125000000001 0.734375 0.5906250000000002 0.734375
17 0.6031250000000001 0.725 0.5890625 0.725 0.5890625 0.775 0.6031250000000001 0.775
17 0.6515625000000002 0.746875 0.6234375000000002 0.746875 0.6234375000000002 0.7765625 0.6515625000000002 0.7765625
17 0.6843750000000002 0.7515625 0.6468750000000002 0.7515625 0.6468750000000002 0.815625 0.6843750000000002 0.815625
17 0.5703125000000002 0.75625 0.5515625000000002 0.75625 0.5515625000000002 0.8390625 0.5703125000000002 0.8390625
17 0.6218750000000002 0.771875 0.5875000000000001 0.771875 0.5875000000000001 0.8421875 0.6218750000000002 0.8421875