17 0.6312500000000002 0.90625 0.5937500000000002 0.90625 0.5937500000000002 0.990625 0.6312500000000002 0.990625
17 0.6843750000000002 0.915625 0.6500000000000001 0.915625 0.6500000000000001 0.9921875 0.6843750000000002 0.9921875
17 0.71875 0.409375 0.6953125 0.409375 0.6953125 0.44375 0.71875 0.44375
17 0.4375 0.4234375 0.4078125 0.4234375 0.4078125 0.5078125 0.4375 0.5078125
17 0.575 0.5484375 0.521875 0.5484375 0.521875 0.590625 0.575 0.590625
17 0.659375 0.5421875 0.640625 0.5421875 0.640625 0.6234375 0.659375 0.6234375
17 0.69375 0.5671875 0.6609375 0.5671875 0.6609375 0.6390625 0.69375 0.6390625
17 0.56875 0.6109375 0.53125 0.6109375 0.53125 0.6765625 0.56875 0.6765625
17 0.7015625 0.621875 0.6828125 0.621875 0.6828125 0.6671875 0.7015625 0.6671875
17 0.509375 0.6203125 0.4859375 0.6203125 0.4859375 0.70625 0.509375 0.70625
17 0.5296875 0.634375 0.5015625 0.634375 0.5015625 0.71875 0.5296875 0.71875
17 0.6078125 0.68125 0.59375 0.68125 0.59375 0.7078125 0.6078125 0.7078125
17 0.5593750000000001 0.696875 0.53125 0.696875 0.5312500000000001 0.7453125 0.5593750000000002 0.7453125
17 0.5937500000000001 0.6796875 0.5703125 0.6796875 0.5703125000000001 0.76875 0.5937500000000002 0.76875
17 0.5468750000000002 0.7921875 0.5218750000000002 0.7921875 0.5218750000000002 0.8421875 0.5468750000000002 0.8421875
17 0.6734375000000001 0.78125 0.6515625000000002 0.78125 0.6515625000000002 0.875 0.6734375000000001 0.875
17 0.5953125000000001 0.8140625 0.5734375000000002 0.8140625 0.5734375000000002 0.9046875 0.5953125000000001 0.9046875
17 0.6625000000000002 0.8765625 0.6390625000000002 0.8765625 0.6390625000000002 0.928125 0.6625000000000002 0.928125
17 0.7187500000000002 0.89375 0.6906250000000002 0.89375 0.6906250000000002 0.925 0.7187500000000002 0.925