17 0.6796875 0.4109375 0.6609375 0.4109375 0.6609375 0.4328125 0.6796875 0.4328125
17 0.30156250000000007 0.3859375 0.2796875000000001 0.3859375 0.2796875000000001 0.4609375 0.30156250000000007 0.4609375
17 0.73125 0.4078125000000001 0.7125 0.4078125 0.7125 0.4484375000000001 0.73125 0.44843750000000016
17 0.6703125 0.440625 0.6609375 0.440625 0.6609375 0.4828125 0.6703125 0.4828125
17 0.615625 0.4421875 0.59375 0.4421875 0.59375 0.5109375 0.615625 0.5109375
17 0.4703125 0.45625 0.446875 0.45625 0.446875 0.5328125 0.4703125 0.5328125
17 0.6125 0.484375 0.5796875 0.484375 0.5796875 0.5375 0.6125 0.5375
17 0.6453125 0.515625 0.63125 0.515625 0.63125 0.5390625 0.6453125 0.5390625
17 0.4234375 0.50625 0.40625 0.50625 0.40625 0.5859375 0.4234375 0.5859375
17 0.521875 0.5375 0.484375 0.5375 0.484375 0.5734375 0.521875 0.5734375
17 0.4640625 0.546875 0.425 0.546875 0.425 0.6015625 0.4640625 0.6015625
17 0.5734375 0.575 0.559375 0.575 0.559375 0.59375 0.5734375 0.59375
17 0.5328125 0.6265625 0.5015625 0.6265625 0.5015625 0.684375 0.5328125 0.684375
17 0.4953125 0.6453125 0.4734375 0.6453125 0.4734375 0.6875 0.4953125 0.6875
17 0.4546875000000001 0.6734375 0.440625 0.6734375 0.4406250000000001 0.7484375 0.4546875000000002 0.7484375
17 0.5687500000000001 0.6765625 0.5453125 0.6765625 0.5453125000000001 0.7484375 0.5687500000000002 0.7484375
17 0.44218750000000007 0.7234375 0.43125 0.7234375 0.4312500000000001 0.765625 0.4421875000000002 0.765625
17 0.5500000000000002 0.7625 0.5343750000000002 0.7625 0.5343750000000002 0.80625 0.5500000000000002 0.80625
17 0.4781250000000002 0.8578125 0.44843750000000016 0.8578125 0.44843750000000016 0.928125 0.4781250000000002 0.928125
17 0.5218750000000002 0.865625 0.49531250000000016 0.865625 0.49531250000000016 0.9265625 0.5218750000000002 0.9265625
17 0.5765625000000002 0.890625 0.5500000000000002 0.890625 0.5500000000000002 0.9125 0.5765625000000002 0.9125