17 0.5 0.24375000000000008 0.48125 0.24375000000000008 0.48125 0.27031250000000007 0.5 0.27031250000000007
17 0.4984375 0.28593750000000007 0.459375 0.28593750000000007 0.459375 0.3343750000000001 0.4984375 0.3343750000000001
17 0.4671875 0.3109375000000001 0.4484375 0.3109375000000001 0.4484375 0.3421875000000001 0.4671875 0.3421875000000001
17 0.49375 0.3468750000000001 0.471875 0.3468750000000001 0.471875 0.3750000000000001 0.49375 0.3750000000000001
17 0.4984375 0.3734375000000001 0.453125 0.3734375000000001 0.453125 0.4171875 0.4984375 0.4171875
17 0.54375 0.3750000000000001 0.515625 0.3750000000000001 0.515625 0.43125 0.54375 0.43125
17 0.51875 0.415625 0.484375 0.415625 0.484375 0.4875 0.51875 0.4875
17 0.4421875 0.4125 0.4171875 0.4125 0.4171875 0.49375 0.4421875 0.49375
17 0.490625 0.434375 0.4765625 0.434375 0.4765625 0.478125 0.490625 0.478125
17 0.534375 0.45625 0.51875 0.45625 0.51875 0.484375 0.534375 0.484375
17 0.4796875 0.4375 0.4421875 0.4375 0.4421875 0.5078125 0.4796875 0.5078125
17 0.5203125 0.4875 0.484375 0.4875 0.484375 0.5515625 0.5203125 0.5515625
17 0.490625 0.50625 0.4671875 0.50625 0.4671875 0.5859375 0.490625 0.5859375
17 0.525 0.55 0.5109375 0.55 0.5109375 0.5734375 0.525 0.5734375
17 0.5734375 0.60625 0.5265625 0.60625 0.5265625 0.6359375 0.5734375 0.6359375
17 0.521875 0.60625 0.5015625 0.60625 0.5015625 0.6546875 0.521875 0.6546875
17 0.590625 0.6421875 0.575 0.6421875 0.575 0.690625 0.590625 0.690625
17 0.6328125 0.6625 0.60625 0.6625 0.60625 0.696875 0.6328125 0.696875
17 0.6703125 0.659375 0.63125 0.659375 0.63125 0.7234375 0.6703125 0.7234375
17 0.5609375000000001 0.6703125 0.5375 0.6703125 0.5375000000000001 0.7515625 0.5609375000000002 0.7515625
17 0.6156250000000001 0.6984375 0.5828125 0.6984375 0.5828125000000001 0.7765625 0.6156250000000002 0.7765625