17 0.5296875 0.2515625000000001 0.509375 0.2515625000000001 0.509375 0.2875000000000001 0.5296875 0.2875000000000001
17 0.5296875 0.30937500000000007 0.509375 0.30937500000000007 0.509375 0.3390625000000001 0.5296875 0.3390625000000001
17 0.4953125 0.30937500000000007 0.48125 0.30937500000000007 0.48125 0.34843750000000007 0.4953125 0.34843750000000007
17 0.5140625 0.3531250000000001 0.5015625 0.3531250000000001 0.5015625 0.3921875000000001 0.5140625 0.3921875000000001
17 0.525 0.38750000000000007 0.4796875 0.38750000000000007 0.4796875 0.446875 0.525 0.446875
17 0.553125 0.4046875 0.528125 0.4046875 0.528125 0.4734375 0.553125 0.4734375
17 0.45625 0.4125 0.4359375 0.4125 0.4359375 0.4984375 0.45625 0.4984375
17 0.534375 0.44375 0.496875 0.44375 0.496875 0.51875 0.534375 0.51875
17 0.553125 0.46875 0.5359375 0.46875 0.5359375 0.4953125 0.553125 0.4953125
17 0.4921875 0.45625 0.4546875 0.45625 0.4546875 0.534375 0.4921875 0.534375
17 0.50625 0.478125 0.48125 0.478125 0.48125 0.5140625 0.50625 0.5140625
17 0.5421875 0.521875 0.503125 0.521875 0.503125 0.578125 0.5421875 0.578125
17 0.5109375 0.525 0.4890625 0.525 0.4890625 0.60625 0.5109375 0.60625
17 0.5421875 0.5640625 0.525 0.5640625 0.525 0.5859375 0.5421875 0.5859375
17 0.5296875 0.6421875 0.5046875 0.6421875 0.5046875 0.6859375 0.5296875 0.6859375
17 0.5859375 0.640625 0.540625 0.640625 0.540625 0.6921875 0.5859375 0.6921875
17 0.6015625000000001 0.684375 0.5828125 0.684375 0.5828125000000001 0.7359375 0.6015625000000002 0.7359375
17 0.6453125000000001 0.70625 0.61875 0.70625 0.6187500000000001 0.740625 0.6453125000000002 0.740625
17 0.6796875000000001 0.7109375 0.6421875 0.7109375 0.6421875000000001 0.7796875 0.6796875000000002 0.7796875
17 0.5687500000000001 0.7171875 0.5484375 0.7171875 0.5484375000000001 0.8046875 0.5687500000000002 0.8046875
17 0.6187500000000001 0.7359375 0.5843750000000002 0.7359375 0.5843750000000002 0.8109375 0.6187500000000001 0.8109375