17 0.6765625000000002 0.925 0.6546875000000002 0.925 0.6546875000000002 0.9671875 0.6765625000000002 0.9671875
17 0.7421875000000002 0.971875 0.7125000000000001 0.971875 0.7125000000000001 0.996875 0.7421875000000002 0.996875
17 0.6203125000000002 0.9703125 0.5984375000000002 0.9703125 0.5984375000000002 1 0.6203125000000002 1
17 0.746875 0.4734375000000002 0.7328125 0.4734375000000002 0.7328125 0.5218750000000002 0.746875 0.5218750000000002
17 0.4296875 0.4875 0.40625 0.4875 0.40625 0.56875 0.4296875 0.56875
17 0.715625 0.5859375 0.7046875 0.5859375 0.7046875 0.6234375 0.715625 0.6234375
17 0.5734375 0.6046875 0.528125 0.6046875 0.528125 0.64375 0.5734375 0.64375
17 0.684375 0.5953125 0.65625 0.5953125 0.65625 0.6671875 0.684375 0.6671875
17 0.7171875 0.6296875 0.6796875 0.6296875 0.6796875 0.690625 0.7171875 0.690625
17 0.590625 0.6890625 0.546875 0.6890625 0.546875 0.715625 0.590625 0.715625
17 0.5203125000000001 0.678125 0.4953125 0.678125 0.4953125000000001 0.7625 0.5203125000000002 0.7625
17 0.5359375000000001 0.6921875 0.5109375 0.6921875 0.5109375 0.771875 0.5359375000000002 0.771875
17 0.6281250000000002 0.7265625 0.6031250000000001 0.7265625 0.6031250000000001 0.7578125 0.6281250000000002 0.7578125
17 0.5671875000000002 0.7578125 0.5437500000000002 0.7578125 0.5437500000000002 0.8015625 0.5671875000000002 0.8015625
17 0.6031250000000001 0.74375 0.5796875000000001 0.74375 0.5796875000000001 0.8234375 0.6031250000000001 0.8234375
17 0.6859375000000002 0.8265625 0.6687500000000002 0.8265625 0.6687500000000002 0.9078125 0.6859375000000002 0.9078125
17 0.5484375000000001 0.8453125 0.5328125000000001 0.8453125 0.5328125000000001 0.8921875 0.5484375000000001 0.8921875
17 0.5906250000000002 0.86875 0.5734375000000002 0.86875 0.5734375000000002 0.95 0.5906250000000002 0.95