17 0.571875 0.4015625 0.546875 0.4015625 0.546875 0.425 0.571875 0.425
17 0.575 0.4234375 0.534375 0.4234375 0.534375 0.4796875 0.575 0.4796875
17 0.5203125 0.4265625 0.50625 0.4265625 0.50625 0.478125 0.5203125 0.478125
17 0.5390625 0.4765625 0.528125 0.4765625 0.528125 0.51875 0.5390625 0.51875
17 0.5375 0.50625 0.4921875 0.50625 0.4921875 0.553125 0.5375 0.553125
17 0.4546875 0.4921875 0.4359375 0.4921875 0.4359375 0.578125 0.4546875 0.578125
17 0.5640625 0.5234375 0.5234375 0.5234375 0.5234375 0.5890625 0.5640625 0.5890625
17 0.5671875 0.5515625 0.5515625 0.5515625 0.5515625 0.59375 0.5671875 0.59375
17 0.5359375 0.578125 0.490625 0.578125 0.490625 0.625 0.5359375 0.625
17 0.4828125 0.571875 0.45 0.571875 0.45 0.6515625 0.4828125 0.6515625
17 0.4984375 0.60625 0.4734375 0.60625 0.4734375 0.63125 0.4984375 0.63125
17 0.5546875 0.6203125 0.5203125 0.6203125 0.5203125 0.6609375 0.5546875 0.6609375
17 0.53125 0.6265625 0.4984375 0.6265625 0.4984375 0.7015625 0.53125 0.7015625
17 0.55625 0.65625 0.54375 0.65625 0.54375 0.6875 0.55625 0.6875
17 0.5421875000000002 0.7625 0.5203125000000002 0.7625 0.5203125000000002 0.8140625 0.5421875000000002 0.8140625
17 0.6078125000000002 0.7546875 0.5812500000000002 0.7546875 0.5812500000000002 0.8390625 0.6078125000000002 0.8390625
17 0.6265625000000001 0.8046875 0.6062500000000002 0.8046875 0.6062500000000002 0.8546875 0.6265625000000001 0.8546875
17 0.6640625000000002 0.81875 0.6406250000000002 0.81875 0.6406250000000002 0.871875 0.6640625000000002 0.871875
17 0.5875000000000001 0.8328125 0.5625000000000002 0.8328125 0.5625000000000002 0.9203125 0.5875000000000001 0.9203125
17 0.6328125000000002 0.8453125 0.5906250000000002 0.8453125 0.5906250000000002 0.909375 0.6328125000000002 0.909375
17 0.7031250000000002 0.8484375 0.6640625000000002 0.8484375 0.6640625000000002 0.9171875 0.7031250000000002 0.9171875