17 0.659375 0.3625000000000001 0.6359375 0.3625000000000001 0.6359375 0.409375 0.659375 0.409375
17 0.4203125 0.39531250000000007 0.4 0.39531250000000007 0.4 0.4859375 0.4203125 0.4859375
17 0.6328125 0.459375 0.6171875 0.459375 0.6171875 0.4875 0.6328125 0.4875
17 0.640625 0.490625 0.625 0.490625 0.625 0.51875 0.640625 0.51875
17 0.5453125 0.5 0.49375 0.5 0.49375 0.546875 0.5453125 0.546875
17 0.6171875 0.5078125 0.596875 0.5078125 0.596875 0.56875 0.6171875 0.56875
17 0.6546875 0.525 0.6265625 0.525 0.6265625 0.6109375 0.6546875 0.6109375
17 0.665625 0.575 0.65 0.575 0.65 0.603125 0.665625 0.603125
17 0.5265625 0.55625 0.5 0.55625 0.5 0.6328125 0.5265625 0.6328125
17 0.496875 0.5890625 0.4640625 0.5890625 0.4640625 0.671875 0.496875 0.671875
17 0.46875 0.5890625 0.45 0.5890625 0.45 0.678125 0.46875 0.678125
17 0.571875 0.6390625 0.55625 0.6390625 0.55625 0.6625 0.571875 0.6625
17 0.521875 0.6484375 0.490625 0.6484375 0.490625 0.6875 0.521875 0.6875
17 0.5578125 0.6421875 0.5328125 0.6421875 0.5328125000000001 0.728125 0.5578125000000002 0.728125
17 0.5265625000000002 0.7515625 0.4937500000000002 0.7515625 0.4937500000000002 0.8 0.5265625000000002 0.8
17 0.6562500000000002 0.7640625 0.6234375000000002 0.7640625 0.6234375000000002 0.8546875 0.6562500000000002 0.8546875
17 0.5796875000000001 0.7828125 0.5546875000000002 0.7828125 0.5546875000000002 0.875 0.5796875000000001 0.875
17 0.7046875000000001 0.8484375 0.6734375000000001 0.8484375 0.6734375000000001 0.878125 0.7046875000000001 0.878125
17 0.6437500000000002 0.85 0.6250000000000002 0.85 0.6250000000000002 0.9109375 0.6437500000000002 0.9109375
17 0.6125000000000002 0.8578125 0.5859375000000002 0.8578125 0.5859375000000002 0.946875 0.6125000000000002 0.946875
17 0.6703125000000002 0.8671875 0.6406250000000002 0.8671875 0.6406250000000002 0.95 0.6703125000000002 0.95