17 0.5796875 0.3515625000000001 0.5578125 0.3515625000000001 0.5578125 0.3828125000000001 0.5796875 0.3828125000000001
17 0.578125 0.37968750000000007 0.553125 0.37968750000000007 0.553125 0.425 0.578125 0.425
17 0.5359375 0.3859375000000001 0.5203125 0.3859375000000001 0.5203125 0.440625 0.5359375 0.440625
17 0.553125 0.4265625 0.5375 0.4265625 0.5375 0.4796875 0.553125 0.4796875
17 0.5515625 0.4609375 0.5046875 0.4609375 0.5046875 0.5125 0.5515625 0.5125
17 0.478125 0.4609375 0.4609375 0.4609375 0.4609375 0.5453125 0.478125 0.5453125
17 0.578125 0.4765625 0.5390625 0.4765625 0.5390625 0.5453125 0.578125 0.5453125
17 0.5828125 0.515625 0.559375 0.515625 0.559375 0.5453125 0.5828125 0.5453125
17 0.5578125 0.53125 0.5078125 0.53125 0.5078125 0.5796875 0.5578125 0.5796875
17 0.521875 0.553125 0.496875 0.553125 0.496875 0.5828125 0.521875 0.5828125
17 0.5046875 0.5296875 0.46875 0.5296875 0.46875 0.609375 0.5046875 0.609375
17 0.571875 0.5859375 0.5296875 0.5859375 0.5296875 0.6203125 0.571875 0.6203125
17 0.540625 0.5828125 0.5078125 0.5828125 0.5078125 0.6609375 0.540625 0.6609375
17 0.575 0.6125 0.546875 0.6125 0.546875 0.64375 0.575 0.64375
17 0.5562500000000001 0.71875 0.534375 0.71875 0.534375 0.771875 0.5562500000000001 0.771875
17 0.6125 0.7078125 0.5828125 0.7078125 0.5828125000000001 0.7859375 0.6125000000000002 0.7859375
17 0.6265625000000001 0.7453125 0.6109375000000001 0.7453125 0.6109375000000001 0.809375 0.6265625000000001 0.809375
17 0.6687500000000002 0.775 0.6453125000000002 0.775 0.6453125000000002 0.828125 0.6687500000000002 0.828125
17 0.7000000000000002 0.8 0.6609375000000002 0.8 0.6609375000000002 0.8640625 0.7000000000000002 0.8640625
17 0.5953125000000001 0.7890625 0.5703125000000002 0.7890625 0.5703125000000002 0.8796875 0.5953125000000001 0.8796875
17 0.6421875000000001 0.803125 0.6015625000000002 0.803125 0.6015625000000002 0.8734375 0.6421875000000001 0.8734375