17 0.6718750000000002 0.9234375 0.6515625000000002 0.9234375 0.6515625000000002 0.9703125 0.6718750000000002 0.9703125
17 0.7328125000000002 0.9734375 0.7046875000000001 0.9734375 0.7046875000000001 1 0.7328125000000002 1
17 0.7609375 0.4703125000000002 0.7453125 0.4703125000000002 0.7453125 0.5171875000000001 0.7609375 0.5171875000000001
17 0.4375 0.5 0.409375 0.5 0.409375 0.58125 0.4375 0.58125
17 0.7 0.5921875 0.66875 0.5921875 0.66875 0.6609375 0.7 0.6609375
17 0.5859375 0.609375 0.540625 0.609375 0.540625 0.6546875 0.5859375 0.6546875
17 0.7265625 0.6203125 0.6875 0.6203125 0.6875 0.6828125 0.7265625 0.6828125000000002
17 0.740625 0.6781250000000001 0.715625 0.678125 0.715625 0.7156250000000001 0.740625 0.7156250000000002
17 0.6046875 0.690625 0.5609375 0.690625 0.5609375000000001 0.7265625 0.6046875000000002 0.7265625
17 0.534375 0.6875 0.5140625 0.6875 0.5140625000000001 0.7703125 0.5343750000000002 0.7703125
17 0.5484375000000001 0.7 0.528125 0.7 0.5281250000000001 0.78125 0.5484375000000001 0.78125
17 0.6312500000000002 0.7296875 0.6125000000000002 0.7296875 0.6125000000000002 0.76875 0.6312500000000002 0.76875
17 0.6109375000000001 0.7515625 0.5906250000000002 0.7515625 0.5906250000000002 0.8296875 0.6109375000000001 0.8296875
17 0.5765625000000002 0.771875 0.5546875000000002 0.771875 0.5546875000000002 0.8171875 0.5765625000000002 0.8171875
17 0.6828125000000002 0.8265625 0.6640625000000002 0.8265625 0.6640625000000002 0.9109375 0.6828125000000002 0.9109375
17 0.5546875000000002 0.8609375 0.5359375000000002 0.8609375 0.5359375000000002 0.9078125 0.5546875000000002 0.9078125
17 0.5906250000000002 0.878125 0.5718750000000001 0.878125 0.5718750000000001 0.9578125 0.5906250000000002 0.9578125