17 0.6031250000000001 0.890625 0.5828125000000002 0.890625 0.5828125000000002 0.978125 0.6031250000000001 0.978125
17 0.6921875000000002 0.946875 0.6718750000000002 0.946875 0.6718750000000002 0.9921875 0.6921875000000002 0.9921875
17 0.7890625 0.5187500000000002 0.7765625 0.5187500000000002 0.7765625 0.5640625000000001 0.7890625 0.5640625000000001
17 0.4375 0.534375 0.4015625 0.534375 0.4015625 0.60625 0.4375 0.60625
17 0.771875 0.5843750000000002 0.75625 0.5843750000000002 0.75625 0.6187500000000001 0.771875 0.6187500000000001
17 0.753125 0.6250000000000002 0.740625 0.6250000000000002 0.740625 0.6500000000000001 0.753125 0.6500000000000001
17 0.7203125 0.63125 0.6890625 0.63125 0.6890625 0.690625 0.7203125 0.690625
17 0.59375 0.63125 0.55 0.63125 0.55 0.6953125 0.59375 0.6953125
17 0.7484375 0.6656250000000001 0.7078125 0.665625 0.7078125 0.7203125000000001 0.7484375 0.7203125000000001
17 0.7625000000000001 0.7156250000000002 0.7453125 0.7156250000000002 0.7453125 0.7468750000000002 0.7625000000000002 0.7468750000000002
17 0.6203125 0.7140625 0.5765625 0.7140625 0.5765625000000001 0.7578125 0.6203125000000002 0.7578125
17 0.5375000000000001 0.7046875 0.51875 0.7046875 0.51875 0.79375 0.5375000000000002 0.79375
17 0.5562500000000001 0.721875 0.534375 0.721875 0.534375 0.80625 0.5562500000000001 0.80625
17 0.6515625000000002 0.7640625 0.6390625000000002 0.7640625 0.6390625000000002 0.7984375 0.6515625000000002 0.7984375
17 0.6343750000000001 0.7765625 0.6093750000000002 0.7765625 0.6093750000000002 0.85625 0.6343750000000001 0.85625
17 0.5906250000000002 0.796875 0.5687500000000002 0.796875 0.5687500000000002 0.846875 0.5906250000000002 0.846875
17 0.7109375000000002 0.8484375 0.6828125000000002 0.8484375 0.6828125000000002 0.9296875 0.7109375000000002 0.9296875
17 0.5687500000000002 0.8765625 0.5484375000000001 0.8765625 0.5484375000000001 0.93125 0.5687500000000002 0.93125