17 0.715625 0.38750000000000007 0.7015625 0.38750000000000007 0.7015625 0.4125 0.715625 0.4125
17 0.6765625 0.3921875000000001 0.6578125 0.3921875000000001 0.6578125 0.4140625 0.6765625 0.4140625
17 0.2906250000000001 0.3703125 0.2609375000000001 0.3703125 0.2609375000000001 0.4453125 0.2906250000000001 0.4453125
17 0.66875 0.415625 0.6578125 0.415625 0.6578125 0.459375 0.66875 0.459375
17 0.6265625 0.4296875 0.6046875 0.4296875 0.6046875 0.4984375 0.6265625 0.4984375
17 0.4765625 0.4546875 0.4515625 0.4546875 0.4515625 0.5265625 0.4765625 0.5265625
17 0.615625 0.48125 0.5953125 0.48125 0.5953125 0.5171875 0.615625 0.5171875
17 0.421875 0.4859375 0.4015625 0.4859375 0.4015625 0.5734375 0.421875 0.5734375
17 0.534375 0.5390625 0.4921875 0.5390625 0.4921875 0.5703125 0.534375 0.5703125
17 0.471875 0.5359375 0.4265625 0.5359375 0.4265625 0.596875 0.471875 0.596875
17 0.5859375 0.5734375 0.5734375 0.5734375 0.5734375 0.5953125 0.5859375 0.5953125
17 0.5421875 0.6203125 0.509375 0.6203125 0.509375 0.6765625 0.5421875 0.6765625
17 0.5046875 0.6421875 0.4828125 0.6421875 0.4828125 0.6859375 0.5046875 0.6859375
17 0.4625000000000001 0.665625 0.4484375 0.665625 0.4484375000000001 0.740625 0.4625000000000002 0.740625
17 0.5796875000000001 0.671875 0.55625 0.671875 0.5562500000000001 0.746875 0.5796875000000001 0.746875
17 0.4468750000000001 0.709375 0.4375 0.709375 0.4375000000000001 0.75625 0.4468750000000002 0.75625
17 0.5609375000000002 0.7609375 0.5437500000000002 0.7609375 0.5437500000000002 0.8078125 0.5609375000000002 0.8078125
17 0.49218750000000017 0.8546875 0.4593750000000002 0.8546875 0.4593750000000002 0.925 0.49218750000000017 0.925
17 0.5375000000000002 0.865625 0.5109375000000002 0.865625 0.5109375000000002 0.9359375 0.5375000000000002 0.9359375
17 0.5812500000000002 0.8921875 0.5546875000000002 0.8921875 0.5546875000000002 0.925 0.5812500000000002 0.925