17 0.5515625 0.3156250000000001 0.5328125 0.3156250000000001 0.5328125 0.3515625000000001 0.5515625 0.3515625000000001
17 0.55 0.3609375000000001 0.528125 0.3609375000000001 0.528125 0.4125 0.55 0.4125
17 0.5109375 0.3671875000000001 0.4984375 0.3671875000000001 0.4984375 0.415625 0.5109375 0.415625
17 0.5296875 0.4109375 0.51875 0.4109375 0.51875 0.4609375 0.5296875 0.4609375
17 0.5359375 0.4546875 0.49375 0.4546875 0.49375 0.5078125 0.5359375 0.5078125
17 0.565625 0.4625 0.53125 0.4625 0.53125 0.5328125 0.565625 0.5328125
17 0.459375 0.475 0.44375 0.475 0.44375 0.553125 0.459375 0.553125
17 0.54375 0.5078125 0.503125 0.5078125 0.503125 0.5640625 0.54375 0.5640625
17 0.50625 0.54375 0.48125 0.54375 0.48125 0.5703125 0.50625 0.5703125
17 0.4921875 0.5265625 0.45625 0.5265625 0.45625 0.59375 0.4921875 0.59375
17 0.5515625 0.5734375 0.5140625 0.5734375 0.5140625 0.6265625 0.5515625 0.6265625
17 0.55625 0.60625 0.5328125 0.60625 0.5328125 0.634375 0.55625 0.634375
17 0.515625 0.5828125 0.4953125 0.5828125 0.4953125 0.6609375 0.515625 0.6609375
17 0.5359375000000001 0.7046875 0.5125 0.7046875 0.5125000000000001 0.74375 0.5359375000000002 0.74375
17 0.5984375000000001 0.6984375 0.55625 0.6984375 0.5562500000000001 0.753125 0.5984375000000002 0.753125
17 0.6062500000000002 0.7359375 0.5953125000000001 0.7359375 0.5953125000000001 0.784375 0.6062500000000002 0.784375
17 0.6562500000000002 0.759375 0.6312500000000002 0.759375 0.6312500000000002 0.790625 0.6562500000000002 0.790625
17 0.6875000000000002 0.765625 0.6531250000000002 0.765625 0.6531250000000002 0.83125 0.6875000000000002 0.83125
17 0.5718750000000001 0.7765625 0.5546875000000002 0.7765625 0.5546875000000002 0.85625 0.5718750000000001 0.85625
17 0.6234375000000002 0.7875 0.5906250000000002 0.7875 0.5906250000000002 0.8578125 0.6234375000000002 0.8578125