17 0.571875 0.4296875 0.55 0.4296875 0.55 0.4546875 0.571875 0.4546875
17 0.5234375 0.4453125 0.5046875 0.4453125 0.5046875 0.4921875 0.5234375 0.4921875
17 0.5765625 0.4515625 0.5328125 0.4515625 0.5328125 0.50625 0.5765625 0.50625
17 0.4515625 0.5 0.4359375 0.5 0.4359375 0.5859375 0.4515625 0.5859375
17 0.534375 0.521875 0.4859375 0.521875 0.4859375 0.565625 0.534375 0.565625
17 0.55625 0.5390625 0.5140625 0.5390625 0.5140625 0.6046875 0.55625 0.6046875
17 0.5625 0.571875 0.5359375 0.571875 0.5359375 0.596875 0.5625 0.596875
17 0.53125 0.5921875 0.4828125 0.5921875 0.4828125 0.6421875 0.53125 0.6421875
17 0.4796875 0.5859375 0.4484375 0.5859375 0.4484375 0.6703125 0.4796875 0.6703125
17 0.4953125 0.61875 0.4703125 0.61875 0.4703125 0.64375 0.4953125 0.64375
17 0.5453125 0.621875 0.5203125 0.621875 0.5203125 0.6671875 0.5453125 0.6671875
17 0.5296875 0.6328125 0.4953125 0.6328125 0.4953125 0.70625 0.5296875 0.70625
17 0.553125 0.659375 0.53125 0.659375 0.53125 0.6875 0.553125 0.6875
17 0.5312500000000002 0.7734375 0.5109375000000002 0.7734375 0.5109375000000002 0.825 0.5312500000000002 0.825
17 0.6000000000000002 0.7625 0.5750000000000002 0.7625 0.5750000000000002 0.8515625 0.6000000000000002 0.8515625
17 0.6171875000000002 0.8109375 0.6000000000000002 0.8109375 0.6000000000000002 0.865625 0.6171875000000002 0.865625
17 0.6421875000000001 0.8140625 0.6218750000000002 0.8140625 0.6218750000000002 0.8640625 0.6421875000000001 0.8640625
17 0.5765625000000002 0.8390625 0.5546875000000002 0.8390625 0.5546875000000002 0.9296875 0.5765625000000002 0.9296875
17 0.6187500000000001 0.8515625 0.5765625000000002 0.8515625 0.5765625000000002 0.9171875 0.6187500000000001 0.9171875
17 0.6796875000000002 0.853125 0.6437500000000002 0.853125 0.6437500000000002 0.921875 0.6796875000000002 0.921875