17 0.6828125000000002 0.9203125 0.6578125000000001 0.9203125 0.6578125000000001 0.971875 0.6828125000000002 0.971875
17 0.7359375000000001 0.965625 0.7031250000000002 0.965625 0.7031250000000002 1 0.7359375000000001 1
17 0.6296875000000002 0.9703125 0.5984375000000002 0.9703125 0.5984375000000002 1 0.6296875000000002 1
17 0.7609375 0.4703125000000002 0.740625 0.4703125000000002 0.740625 0.5265625000000002 0.7609375 0.5265625000000002
17 0.4328125 0.5046875 0.4015625 0.5046875 0.4015625 0.584375 0.4328125 0.584375
17 0.7390625 0.5546875000000001 0.7171875 0.5546875 0.7171875 0.5875000000000001 0.7390625 0.5875000000000001
17 0.725 0.590625 0.70625 0.590625 0.70625 0.6203125 0.725 0.6203125
17 0.578125 0.60625 0.5296875 0.60625 0.5296875 0.6546875 0.578125 0.6546875
17 0.696875 0.59375 0.6609375 0.59375 0.6609375 0.675 0.696875 0.675
17 0.7265625 0.6265625000000001 0.68125 0.6265625 0.68125 0.6953125000000001 0.7265625 0.6953125000000002
17 0.603125 0.68125 0.5515625 0.68125 0.5515625 0.725 0.603125 0.725
17 0.7375 0.6875000000000001 0.709375 0.6875 0.7093750000000001 0.7296875 0.7375000000000002 0.7296875000000002
17 0.5218750000000001 0.6765625 0.49375 0.6765625 0.4937500000000001 0.765625 0.5218750000000002 0.765625
17 0.5421875 0.6890625 0.5140625 0.6890625 0.5140625000000001 0.775 0.5421875000000002 0.775
17 0.6406250000000002 0.7265625 0.6125000000000002 0.7265625 0.6125000000000002 0.7703125 0.6406250000000002 0.7703125
17 0.5765625000000002 0.759375 0.5453125000000002 0.759375 0.5453125000000002 0.80625 0.5765625000000002 0.80625
17 0.6156250000000002 0.7453125 0.5890625000000002 0.7453125 0.5890625000000002 0.8234375 0.6156250000000002 0.8234375
17 0.5578125000000002 0.8375 0.5359375000000002 0.8375 0.5359375000000002 0.8953125 0.5578125000000002 0.8953125
17 0.6921875000000002 0.825 0.6718750000000002 0.825 0.6718750000000002 0.915625 0.6921875000000002 0.915625
17 0.6000000000000002 0.8640625 0.5781250000000002 0.8640625 0.5781250000000002 0.9546875 0.6000000000000002 0.9546875