17 0.6328125000000002 0.925 0.5953125000000001 0.925 0.5953125000000001 1 0.6328125000000002 1
17 0.6843750000000002 0.9296875 0.6531250000000002 0.9296875 0.6531250000000002 1 0.6843750000000002 1
17 0.7375 0.4312500000000001 0.709375 0.43125 0.709375 0.4640625000000001 0.7375 0.46406250000000016
17 0.4421875 0.4578125 0.4171875 0.4578125 0.4171875 0.54375 0.4421875 0.54375
17 0.7140625 0.503125 0.684375 0.503125 0.684375 0.546875 0.7140625 0.546875
17 0.7 0.5359375 0.68125 0.5359375 0.68125 0.5828125 0.7 0.5828125
17 0.575 0.565625 0.5265625 0.565625 0.5265625 0.6078125 0.575 0.6078125
17 0.6671875 0.5546875 0.6484375 0.5546875 0.6484375 0.6359375 0.6671875 0.6359375
17 0.7078125 0.58125 0.671875 0.58125 0.671875 0.65625 0.7078125 0.65625
17 0.571875 0.634375 0.5328125 0.634375 0.5328125 0.6890625 0.571875 0.6890625
17 0.7203125 0.64375 0.6984375 0.64375 0.6984375 0.6828125 0.7203125 0.6828125
17 0.5093750000000001 0.6390625 0.4875 0.6390625 0.4875000000000001 0.734375 0.5093750000000001 0.734375
17 0.5296875000000001 0.65625 0.5015625 0.65625 0.5015625000000001 0.7421875 0.5296875000000002 0.7421875
17 0.6125 0.6921875 0.5984375 0.6921875 0.5984375000000001 0.728125 0.6125000000000002 0.728125
17 0.5593750000000001 0.7109375 0.53125 0.7109375 0.5312500000000001 0.7625 0.5593750000000002 0.7625
17 0.5984375000000001 0.7015625 0.5703125 0.7015625 0.5703125000000001 0.784375 0.5984375000000002 0.784375
17 0.5421875000000002 0.8078125 0.5203125000000002 0.8078125 0.5203125000000002 0.853125 0.5421875000000002 0.853125
17 0.6796875000000002 0.79375 0.6609375000000002 0.79375 0.6609375000000002 0.8828125 0.6796875000000002 0.8828125
17 0.5921875000000002 0.8296875 0.5750000000000002 0.8296875 0.5750000000000002 0.91875 0.5921875000000002 0.91875
17 0.6703125000000002 0.8859375 0.6453125000000002 0.8859375 0.6453125000000002 0.9359375 0.6703125000000002 0.9359375
17 0.7328125000000002 0.9109375 0.7031250000000002 0.9109375 0.7031250000000002 0.9359375 0.7328125000000002 0.9359375