17 0.5328125 0.25468750000000007 0.5140625 0.25468750000000007 0.5140625 0.29375000000000007 0.5328125 0.29375000000000007
17 0.5375 0.3187500000000001 0.4953125 0.3187500000000001 0.4953125 0.3468750000000001 0.5375 0.3468750000000001
17 0.49375 0.32500000000000007 0.478125 0.32500000000000007 0.478125 0.36406250000000007 0.49375 0.36406250000000007
17 0.5203125 0.37187500000000007 0.5046875 0.37187500000000007 0.5046875 0.403125 0.5203125 0.403125
17 0.528125 0.4015625 0.48125 0.4015625 0.48125 0.4515625 0.528125 0.4515625
17 0.565625 0.415625 0.5390625 0.415625 0.5390625 0.4609375 0.565625 0.4609375
17 0.459375 0.4296875 0.4390625 0.4296875 0.4390625 0.5140625 0.459375 0.5140625
17 0.5390625 0.4484375 0.503125 0.4484375 0.503125 0.5171875 0.5390625 0.5171875
17 0.5125 0.4765625 0.4921875 0.4765625 0.4921875 0.51875 0.5125 0.51875
17 0.496875 0.4703125 0.4609375 0.4703125 0.4609375 0.540625 0.496875 0.540625
17 0.553125 0.528125 0.5125 0.528125 0.5125 0.5875 0.553125 0.5875
17 0.51875 0.540625 0.4921875 0.540625 0.4921875 0.6203125 0.51875 0.6203125
17 0.5546875 0.5703125 0.5375 0.5703125 0.5375 0.6125 0.5546875 0.6125
17 0.6 0.6546875 0.5484375 0.6546875 0.5484375 0.684375 0.6 0.684375
17 0.546875 0.65625 0.5234375 0.65625 0.5234375 0.70625 0.546875 0.70625
17 0.6062500000000001 0.684375 0.584375 0.684375 0.5843750000000001 0.734375 0.6062500000000002 0.734375
17 0.6531250000000001 0.7 0.625 0.7 0.6250000000000001 0.7359375 0.6531250000000002 0.7359375
17 0.6921875000000001 0.703125 0.653125 0.703125 0.6531250000000001 0.76875 0.6921875000000002 0.76875
17 0.5750000000000001 0.71875 0.55625 0.71875 0.5562500000000001 0.8046875 0.5750000000000002 0.8046875
17 0.6265625000000001 0.7359375 0.5937500000000002 0.7359375 0.5937500000000002 0.8125 0.6265625000000001 0.8125