17 0.571875 0.36406250000000007 0.5484375 0.36406250000000007 0.5484375 0.403125 0.571875 0.403125
17 0.5640625 0.3937500000000001 0.5453125 0.3937500000000001 0.5453125 0.4390625 0.5640625 0.4390625
17 0.5203125 0.403125 0.50625 0.403125 0.50625 0.459375 0.5203125 0.459375
17 0.5421875 0.446875 0.525 0.446875 0.525 0.503125 0.5421875 0.503125
17 0.5421875 0.4796875 0.4984375 0.4796875 0.4984375 0.5390625 0.5421875 0.5390625
17 0.4640625 0.4796875 0.4390625 0.4796875 0.4390625 0.5671875 0.4640625 0.5671875
17 0.5734375 0.5015625 0.5296875 0.5015625 0.5296875 0.5671875 0.5734375 0.5671875
17 0.5765625 0.5359375 0.5515625 0.5359375 0.5515625 0.565625 0.5765625 0.565625
17 0.5484375 0.54375 0.5015625 0.54375 0.5015625 0.59375 0.5484375 0.59375
17 0.496875 0.54375 0.45625 0.54375 0.45625 0.621875 0.496875 0.621875
17 0.5125 0.5703125 0.484375 0.5703125 0.484375 0.6 0.5125 0.6
17 0.5640625 0.5984375 0.5234375 0.5984375 0.5234375 0.646875 0.5640625 0.646875
17 0.5328125 0.5984375 0.503125 0.5984375 0.503125 0.684375 0.5328125 0.684375
17 0.571875 0.6328125 0.5453125 0.6328125 0.5453125 0.665625 0.571875 0.665625
17 0.5515625000000002 0.728125 0.5203125000000002 0.728125 0.5203125000000002 0.7796875 0.5515625000000002 0.7796875
17 0.6156250000000001 0.7234375 0.578125 0.7234375 0.5781250000000001 0.8015625 0.6156250000000002 0.8015625
17 0.6343750000000001 0.765625 0.6125000000000002 0.765625 0.6125000000000002 0.8171875 0.6343750000000001 0.8171875
17 0.6750000000000002 0.7890625 0.6515625000000002 0.7890625 0.6515625000000002 0.8421875 0.6750000000000002 0.8421875
17 0.5953125000000001 0.7984375 0.5734375000000002 0.7984375 0.5734375000000002 0.8859375 0.5953125000000001 0.8859375
17 0.7125000000000001 0.80625 0.6718750000000002 0.80625 0.6718750000000002 0.88125 0.7125000000000001 0.88125
17 0.6468750000000002 0.809375 0.6062500000000002 0.809375 0.6062500000000002 0.88125 0.6468750000000002 0.88125