17 0.6312500000000002 0.9 0.6015625000000002 0.9 0.6015625000000002 0.9875 0.6312500000000002 0.9875
17 0.6796875000000002 0.9046875 0.6531250000000002 0.9046875 0.6531250000000002 0.99375 0.6796875000000002 0.99375
17 0.7078125 0.4046875 0.6921875 0.4046875 0.6921875 0.4375 0.7078125 0.4375
17 0.4359375 0.428125 0.4109375 0.428125 0.4109375 0.521875 0.4359375 0.521875
17 0.684375 0.4859375 0.665625 0.4859375 0.665625 0.5265625 0.684375 0.5265625
17 0.68125 0.525 0.6609375 0.525 0.6609375 0.5609375 0.68125 0.5609375
17 0.56875 0.54375 0.51875 0.54375 0.51875 0.5890625 0.56875 0.5890625
17 0.65625 0.5390625 0.6328125 0.5390625 0.6328125 0.625 0.65625 0.625
17 0.6875 0.5609375 0.6609375 0.5609375 0.6609375 0.6421875 0.6875 0.6421875
17 0.5546875 0.6015625 0.5265625 0.6015625 0.5265625 0.6875 0.5546875 0.6875
17 0.5 0.6203125 0.4765625 0.6203125 0.4765625 0.70625 0.5 0.70625
17 0.5234375 0.6328125 0.490625 0.6328125 0.490625 0.7171875 0.5234375 0.7171875
17 0.6015625 0.68125 0.5859375 0.68125 0.5859375 0.7109375 0.6015625 0.7109375
17 0.5515625000000001 0.690625 0.5234375 0.690625 0.5234375000000001 0.7359375 0.5515625000000002 0.7359375
17 0.5875000000000001 0.6828125 0.565625 0.6828125 0.565625 0.7640625 0.5875000000000001 0.7640625
17 0.5453125000000002 0.790625 0.5203125000000002 0.790625 0.5203125000000002 0.8359375 0.5453125000000002 0.8359375
17 0.6703125000000002 0.7859375 0.6468750000000002 0.7859375 0.6468750000000002 0.8765625 0.6703125000000002 0.8765625
17 0.5984375000000002 0.8203125 0.5781250000000002 0.8203125 0.5781250000000002 0.9125 0.5984375000000002 0.9125
17 0.7187500000000002 0.8859375 0.6843750000000002 0.8859375 0.6843750000000002 0.9109375 0.7187500000000002 0.9109375
17 0.6578125000000001 0.8796875 0.6390625000000002 0.8796875 0.6390625000000002 0.934375 0.6578125000000001 0.934375