17 0.434375 0.2218750000000001 0.4140625 0.2218750000000001 0.4140625 0.2593750000000001 0.434375 0.2593750000000001
17 0.43125 0.2656250000000001 0.390625 0.2656250000000001 0.390625 0.3140625000000001 0.43125 0.3140625000000001
17 0.4046875 0.2968750000000001 0.3796875 0.2968750000000001 0.3796875 0.3187500000000001 0.4046875 0.3187500000000001
17 0.43125 0.3281250000000001 0.403125 0.3281250000000001 0.403125 0.3500000000000001 0.43125 0.3500000000000001
17 0.434375 0.3531250000000001 0.3859375 0.3531250000000001 0.38593750000000004 0.3968750000000001 0.434375 0.3968750000000001
17 0.4765625 0.3546875000000001 0.4546875 0.3546875000000001 0.4546875 0.41875 0.4765625 0.41875
17 0.45625 0.3890625000000001 0.4234375 0.3890625000000001 0.4234375 0.46875 0.45625 0.46875
17 0.3812500000000001 0.39375000000000004 0.3546875000000001 0.39375 0.3546875000000001 0.4765625 0.3812500000000001 0.4765625
17 0.428125 0.4140625 0.4140625 0.4140625 0.4140625 0.4609375 0.428125 0.4609375
17 0.41875 0.4171875 0.37968750000000007 0.4171875 0.37968750000000007 0.4890625 0.41875 0.4890625
17 0.4765625 0.4421875 0.4578125 0.4421875 0.4578125 0.471875 0.4765625 0.471875
17 0.459375 0.4734375 0.421875 0.4734375 0.421875 0.5375 0.459375 0.5375
17 0.4296875 0.4953125 0.40625 0.4953125 0.40625 0.5765625 0.4296875 0.5765625
17 0.465625 0.5453125 0.4484375 0.5453125 0.4484375 0.56875 0.465625 0.56875
17 0.515625 0.59375 0.465625 0.59375 0.465625 0.6265625 0.515625 0.6265625
17 0.4625 0.596875 0.4453125 0.596875 0.4453125 0.65 0.4625 0.65
17 0.53125 0.6328125 0.5140625 0.6328125 0.5140625 0.6859375 0.53125 0.6859375
17 0.578125 0.65625 0.5484375 0.65625 0.5484375 0.6890625 0.578125 0.6890625
17 0.61875 0.6546875 0.5765625 0.6546875 0.5765625 0.7125 0.61875 0.7125
17 0.5015625000000001 0.665625 0.4765625 0.665625 0.4765625000000001 0.746875 0.5015625000000001 0.746875
17 0.5609375000000001 0.6953125 0.5265625 0.6953125 0.5265625 0.775 0.5609375000000002 0.775