17 0.6687500000000002 0.921875 0.6468750000000002 0.921875 0.6468750000000002 0.9703125 0.6687500000000002 0.9703125
17 0.7343750000000002 0.946875 0.6984375000000002 0.946875 0.6984375000000002 0.9734375 0.7343750000000002 0.9734375
17 0.6265625000000001 0.95625 0.6015625000000002 0.95625 0.6015625000000002 1 0.6265625000000001 1
17 0.725 0.453125 0.6984375 0.453125 0.6984375 0.484375 0.725 0.484375
17 0.4375 0.4703125 0.4109375 0.4703125 0.4109375 0.55625 0.4375 0.55625
17 0.70625 0.5296875 0.678125 0.5296875 0.678125 0.56875 0.70625 0.56875
17 0.5734375 0.5921875 0.525 0.5921875 0.525 0.6265625 0.5734375 0.6265625
17 0.6703125 0.58125 0.646875 0.58125 0.646875 0.6578125 0.6703125 0.6578125
17 0.6984375 0.6046875 0.665625 0.6046875 0.665625 0.6828125 0.6984375 0.6828125
17 0.5796875 0.6625 0.5359375 0.6625 0.5359375 0.7203125 0.5796875 0.7203125
17 0.7078125 0.6765625 0.6921875 0.6765625 0.6921875 0.7078125 0.7078125 0.7078125
17 0.5140625000000001 0.6609375 0.4890625 0.6609375 0.48906250000000007 0.746875 0.5140625000000002 0.746875
17 0.5296875000000001 0.678125 0.50625 0.678125 0.5062500000000001 0.7640625 0.5296875000000002 0.7640625
17 0.6171875000000001 0.71875 0.6046875 0.71875 0.6046875 0.75 0.6171875000000002 0.75
17 0.5640625000000001 0.7421875 0.5359375000000002 0.7421875 0.5359375000000002 0.7859375 0.5640625000000001 0.7859375
17 0.6015625000000002 0.73125 0.5781250000000002 0.73125 0.5781250000000002 0.8125 0.6015625000000002 0.8125
17 0.5500000000000002 0.8375 0.5218750000000002 0.8375 0.5218750000000002 0.8828125 0.5500000000000002 0.8828125
17 0.6750000000000002 0.821875 0.6578125000000001 0.821875 0.6578125000000001 0.9109375 0.6750000000000002 0.9109375
17 0.5984375000000002 0.8640625 0.5796875000000001 0.8640625 0.5796875000000001 0.953125 0.5984375000000002 0.953125