17 0.6640625000000002 0.90625 0.6421875000000001 0.90625 0.6421875000000001 0.9515625 0.6640625000000002 0.9515625
17 0.7265625000000002 0.9375 0.6984375000000002 0.9375 0.6984375000000002 0.9625 0.7265625000000002 0.9625
17 0.6265625000000001 0.94375 0.5937500000000002 0.94375 0.5937500000000002 1 0.6265625000000001 1
17 0.6781250000000002 0.95625 0.6468750000000002 0.95625 0.6468750000000002 1 0.6781250000000002 1
17 0.728125 0.4609375000000001 0.709375 0.4609375 0.709375 0.4875000000000001 0.728125 0.48750000000000016
17 0.4390625 0.46875 0.415625 0.46875 0.415625 0.553125 0.4390625 0.553125
17 0.7078125 0.5375 0.6828125 0.5375 0.6828125 0.5765625 0.7078125 0.5765625
17 0.69375 0.575 0.6828125 0.575 0.6828125 0.596875 0.69375 0.596875
17 0.5703125 0.5921875 0.521875 0.5921875 0.521875 0.6265625 0.5703125 0.6265625
17 0.665625 0.58125 0.6421875 0.58125 0.6421875 0.6578125 0.665625 0.6578125
17 0.7 0.609375 0.6671875 0.609375 0.6671875 0.6796875 0.7 0.6796875
17 0.5734375 0.6609375 0.5359375 0.6609375 0.5359375 0.709375 0.5734375 0.709375
17 0.709375 0.671875 0.69375 0.671875 0.69375 0.696875 0.709375 0.696875
17 0.5140625000000001 0.6578125 0.4921875 0.6578125 0.4921875000000001 0.7453125 0.5140625000000002 0.7453125
17 0.5296875000000001 0.6765625 0.50625 0.6765625 0.5062500000000001 0.759375 0.5296875000000002 0.759375
17 0.6109375000000001 0.7125 0.5984375 0.7125 0.5984375000000001 0.7390625 0.6109375000000001 0.7390625
17 0.5593750000000002 0.7390625 0.5328125000000001 0.7390625 0.5328125000000001 0.7796875 0.5593750000000002 0.7796875
17 0.5937500000000001 0.7234375 0.5703125 0.7234375 0.5703125000000001 0.8046875 0.5937500000000002 0.8046875
17 0.5453125000000002 0.8265625 0.5234375000000002 0.8265625 0.5234375000000002 0.875 0.5453125000000002 0.875
17 0.6750000000000002 0.8140625 0.6578125000000001 0.8140625 0.6578125000000001 0.9 0.6750000000000002 0.9
17 0.5890625000000002 0.85 0.5687500000000002 0.85 0.5687500000000002 0.9375 0.5890625000000002 0.9375