17 0.5703125 0.3781250000000001 0.54375 0.3781250000000001 0.54375 0.4015625 0.5703125 0.4015625
17 0.5703125 0.3984375000000001 0.5296875 0.3984375000000001 0.5296875 0.4515625 0.5703125 0.4515625
17 0.5140625 0.403125 0.5 0.403125 0.5 0.4578125 0.5140625 0.4578125
17 0.534375 0.45 0.521875 0.45 0.521875 0.496875 0.534375 0.496875
17 0.534375 0.4796875 0.4890625 0.4796875 0.4890625 0.5296875 0.534375 0.5296875
17 0.4578125 0.4640625 0.4390625 0.4640625 0.4390625 0.55 0.4578125 0.55
17 0.5609375 0.496875 0.5203125 0.496875 0.5203125 0.5609375 0.5609375 0.5609375
17 0.5625 0.528125 0.5484375 0.528125 0.5484375 0.5671875 0.5625 0.5671875
17 0.5359375 0.5453125 0.490625 0.5453125 0.490625 0.5921875 0.5359375 0.5921875
17 0.4875 0.540625 0.4546875 0.540625 0.4546875 0.61875 0.4875 0.61875
17 0.5015625 0.56875 0.478125 0.56875 0.478125 0.5953125 0.5015625 0.5953125
17 0.553125 0.59375 0.51875 0.59375 0.51875 0.6296875 0.553125 0.6296875
17 0.528125 0.596875 0.496875 0.596875 0.496875 0.6703125 0.528125 0.6703125
17 0.55625 0.625 0.5390625 0.625 0.5390625 0.659375 0.55625 0.659375
17 0.5390625000000002 0.73125 0.5187500000000002 0.73125 0.5187500000000002 0.778125 0.5390625000000002 0.778125
17 0.6046875 0.7203125 0.575 0.7203125 0.5750000000000001 0.8 0.6046875000000002 0.8
17 0.6203125000000002 0.7640625 0.6031250000000001 0.7640625 0.6031250000000001 0.8140625 0.6203125000000002 0.8140625
17 0.6578125000000001 0.7875 0.6375000000000002 0.7875 0.6375000000000002 0.8328125 0.6578125000000001 0.8328125
17 0.6296875000000002 0.8109375 0.5906250000000002 0.8109375 0.5906250000000002 0.875 0.6296875000000002 0.875
17 0.5812500000000002 0.803125 0.5609375000000002 0.803125 0.5609375000000002 0.884375 0.5812500000000002 0.884375
17 0.6921875000000002 0.8109375 0.6593750000000002 0.8109375 0.6593750000000002 0.88125 0.6921875000000002 0.88125