17 0.5453125 0.3656250000000001 0.528125 0.3656250000000001 0.528125 0.40625 0.5453125 0.40625
17 0.5453125 0.4078125 0.5171875 0.4078125 0.5171875 0.4375 0.5453125 0.4375
17 0.496875 0.4109375 0.4859375 0.4109375 0.4859375 0.4609375 0.496875 0.4609375
17 0.5203125 0.453125 0.50625 0.453125 0.50625 0.5046875 0.5203125 0.5046875
17 0.5234375 0.4890625 0.4828125 0.4890625 0.4828125 0.5484375 0.5234375 0.5484375
17 0.4484375 0.4875 0.4296875 0.4875 0.4296875 0.5703125 0.4484375 0.5703125
17 0.55 0.509375 0.5140625 0.509375 0.5140625 0.571875 0.55 0.571875
17 0.5546875 0.5453125 0.5328125 0.5453125 0.5328125 0.5703125 0.5546875 0.5703125
17 0.53125 0.5484375 0.4875 0.5484375 0.4875 0.6 0.53125 0.6
17 0.48125 0.55625 0.446875 0.55625 0.446875 0.6265625 0.48125 0.6265625
17 0.4953125 0.5796875 0.471875 0.5796875 0.471875 0.603125 0.4953125 0.603125
17 0.5421875 0.609375 0.5078125 0.609375 0.5078125 0.6546875 0.5421875 0.6546875
17 0.5109375 0.6109375 0.4890625 0.6109375 0.4890625 0.690625 0.5109375 0.690625
17 0.55 0.6484375 0.5265625 0.6484375 0.5265625 0.66875 0.55 0.66875
17 0.5328125000000001 0.7453125 0.5109375000000002 0.7453125 0.5109375000000002 0.7875 0.5328125000000001 0.7875
17 0.5984375000000002 0.7453125 0.5593750000000002 0.7453125 0.5593750000000002 0.8140625 0.5984375000000002 0.8140625
17 0.6093750000000002 0.7859375 0.5968750000000002 0.7859375 0.5968750000000002 0.8359375 0.6093750000000002 0.8359375
17 0.6578125000000001 0.8125 0.6343750000000001 0.8125 0.6343750000000001 0.8515625 0.6578125000000001 0.8515625
17 0.6906250000000002 0.8265625 0.6562500000000002 0.8265625 0.6562500000000002 0.890625 0.6906250000000002 0.890625
17 0.5781250000000002 0.8234375 0.5593750000000002 0.8234375 0.5593750000000002 0.9046875 0.5781250000000002 0.9046875
17 0.6265625000000001 0.8328125 0.5906250000000002 0.8328125 0.5906250000000002 0.9015625 0.6265625000000001 0.9015625