17 0.6859375 0.3781250000000001 0.665625 0.3781250000000001 0.665625 0.415625 0.6859375 0.415625
17 0.434375 0.409375 0.4125 0.409375 0.4125 0.49375 0.434375 0.49375
17 0.659375 0.465625 0.64375 0.465625 0.64375 0.49375 0.659375 0.49375
17 0.659375 0.4984375 0.6484375 0.4984375 0.6484375 0.5265625 0.659375 0.5265625
17 0.559375 0.515625 0.5109375 0.515625 0.5109375 0.559375 0.559375 0.559375
17 0.6390625 0.521875 0.6171875 0.521875 0.6171875 0.5890625 0.6390625 0.5890625
17 0.671875 0.5390625 0.65 0.5390625 0.65 0.6171875 0.671875 0.6171875
17 0.68125 0.5921875 0.6640625 0.5921875 0.6640625 0.615625 0.68125 0.615625
17 0.5390625 0.5734375 0.521875 0.5734375 0.521875 0.6546875 0.5390625 0.6546875
17 0.490625 0.5984375 0.471875 0.5984375 0.471875 0.6828125 0.490625 0.6828125
17 0.515625 0.60625 0.484375 0.60625 0.484375 0.684375 0.515625 0.684375
17 0.590625 0.653125 0.5703125 0.653125 0.5703125 0.675 0.590625 0.675
17 0.5375 0.6625 0.5140625 0.6625 0.5140625 0.7015625 0.5375 0.7015625
17 0.5734375 0.6578125 0.5515625 0.6578125 0.5515625000000001 0.734375 0.5734375000000002 0.734375
17 0.5359375000000002 0.7640625 0.5109375000000002 0.7640625 0.5109375000000002 0.809375 0.5359375000000002 0.809375
17 0.6656250000000001 0.76875 0.6421875000000001 0.76875 0.6421875000000001 0.8546875 0.6656250000000001 0.8546875
17 0.5890625000000002 0.796875 0.5703125000000002 0.796875 0.5703125000000002 0.88125 0.5890625000000002 0.88125
17 0.7140625000000002 0.859375 0.6843750000000002 0.859375 0.6843750000000002 0.8828125 0.7140625000000002 0.8828125
17 0.6546875000000002 0.859375 0.6390625000000002 0.859375 0.6390625000000002 0.9109375 0.6546875000000002 0.9109375
17 0.6203125000000002 0.8703125 0.5984375000000002 0.8703125 0.5984375000000002 0.9578125 0.6203125000000002 0.9578125
17 0.6812500000000001 0.875 0.6515625000000002 0.875 0.6515625000000002 0.9546875 0.6812500000000001 0.9546875