17 0.6343750000000001 0.9046875 0.6000000000000002 0.9046875 0.6000000000000002 0.9984375 0.6343750000000001 0.9984375
17 0.6765625000000002 0.9203125 0.6484375000000002 0.9203125 0.6484375000000002 1 0.6765625000000002 1
17 0.703125 0.3921875000000001 0.6859375 0.3921875000000001 0.6859375 0.43125 0.703125 0.43125
17 0.4375 0.4171875 0.4015625 0.4171875 0.4015625 0.5140625 0.4375 0.5140625
17 0.6796875 0.5046875 0.65625 0.5046875 0.65625 0.5640625 0.6796875 0.5640625
17 0.5625 0.51875 0.5046875 0.51875 0.5046875 0.584375 0.5625 0.584375
17 0.6546875 0.525 0.63125 0.525 0.63125 0.621875 0.6546875 0.621875
17 0.6921875 0.5609375 0.653125 0.5609375 0.653125 0.640625 0.6921875 0.640625
17 0.5578125 0.5953125 0.51875 0.5953125 0.51875 0.68125 0.5578125 0.68125
17 0.6984375 0.61875 0.6796875 0.61875 0.6796875 0.6828125 0.6984375 0.6828125
17 0.4984375 0.60625 0.46875 0.60625 0.46875 0.7078125 0.4984375 0.7078125
17 0.521875 0.634375 0.4875 0.634375 0.4875 0.721875 0.521875 0.721875
17 0.5484375000000001 0.6890625 0.521875 0.6890625 0.5218750000000001 0.7390625 0.5484375000000001 0.7390625
17 0.5890625 0.675 0.559375 0.675 0.5593750000000001 0.771875 0.5890625000000002 0.771875
17 0.5390625000000002 0.784375 0.5140625000000002 0.784375 0.5140625000000002 0.8375 0.5390625000000002 0.8375
17 0.6687500000000002 0.771875 0.6468750000000002 0.771875 0.6468750000000002 0.8828125 0.6687500000000002 0.8828125
17 0.5968750000000002 0.815625 0.5718750000000001 0.815625 0.5718750000000001 0.915625 0.5968750000000002 0.915625
17 0.7218750000000002 0.8890625 0.6890625000000001 0.8890625 0.6890625000000001 0.928125 0.7218750000000002 0.928125
17 0.6609375000000002 0.875 0.6406250000000002 0.875 0.6406250000000002 0.94375 0.6609375000000002 0.94375