17 0.5375 0.2562500000000001 0.5203125 0.2562500000000001 0.5203125 0.2906250000000001 0.5375 0.2906250000000001
17 0.534375 0.3046875000000001 0.5125 0.3046875000000001 0.5125 0.3375000000000001 0.534375 0.3375000000000001
17 0.5015625 0.31718750000000007 0.4890625 0.31718750000000007 0.4890625 0.3437500000000001 0.5015625 0.3437500000000001
17 0.5203125 0.34843750000000007 0.5078125 0.34843750000000007 0.5078125 0.3828125000000001 0.5203125 0.3828125000000001
17 0.5328125 0.3765625000000001 0.4828125 0.3765625000000001 0.4828125 0.43125 0.5328125 0.43125
17 0.5609375 0.4015625 0.540625 0.4015625 0.540625 0.4375 0.5609375 0.4375
17 0.4625 0.4078125 0.44375 0.4078125 0.44375 0.4953125 0.4625 0.4953125
17 0.5421875 0.4234375 0.5046875 0.4234375 0.5046875 0.4984375 0.5421875 0.4984375
17 0.5140625 0.459375 0.4890625 0.459375 0.4890625 0.503125 0.5140625 0.503125
17 0.496875 0.4453125 0.4625 0.4453125 0.4625 0.521875 0.496875 0.521875
17 0.5546875 0.5015625 0.5125 0.5015625 0.5125 0.565625 0.5546875 0.565625
17 0.5171875 0.5125 0.49375 0.5125 0.49375 0.5984375 0.5171875 0.5984375
17 0.5546875 0.55 0.5375 0.55 0.5375 0.5859375 0.5546875 0.5859375
17 0.546875 0.6328125 0.51875 0.6328125 0.51875 0.6796875 0.546875 0.6796875
17 0.6015625 0.634375 0.5515625 0.634375 0.5515625 0.678125 0.6015625 0.678125
17 0.6109375000000001 0.6703125 0.5953125 0.6703125 0.5953125000000001 0.7265625 0.6109375000000001 0.7265625
17 0.65625 0.6875 0.628125 0.6875 0.628125 0.725 0.65625 0.725
17 0.690625 0.6921875 0.65 0.6921875 0.6500000000000001 0.765625 0.6906250000000002 0.765625
17 0.5781250000000001 0.7 0.559375 0.7 0.5593750000000001 0.79375 0.5781250000000002 0.79375
17 0.6312500000000001 0.715625 0.596875 0.715625 0.596875 0.7984375 0.6312500000000002 0.7984375